xof 0303txt 0032
template ColorRGBA {
 <35ff44e0-6c7c-11cf-8f52-0040333594a3>
 FLOAT red;
 FLOAT green;
 FLOAT blue;
 FLOAT alpha;
}

template ColorRGB {
 <d3e16e81-7835-11cf-8f52-0040333594a3>
 FLOAT red;
 FLOAT green;
 FLOAT blue;
}

template Material {
 <3d82ab4d-62da-11cf-ab39-0020af71e433>
 ColorRGBA faceColor;
 FLOAT power;
 ColorRGB specularColor;
 ColorRGB emissiveColor;
 [...]
}

template TextureFilename {
 <a42790e1-7810-11cf-8f52-0040333594a3>
 STRING filename;
}

template Frame {
 <3d82ab46-62da-11cf-ab39-0020af71e433>
 [...]
}

template Matrix4x4 {
 <f6f23f45-7686-11cf-8f52-0040333594a3>
 array FLOAT matrix[16];
}

template FrameTransformMatrix {
 <f6f23f41-7686-11cf-8f52-0040333594a3>
 Matrix4x4 frameMatrix;
}

template Vector {
 <3d82ab5e-62da-11cf-ab39-0020af71e433>
 FLOAT x;
 FLOAT y;
 FLOAT z;
}

template MeshFace {
 <3d82ab5f-62da-11cf-ab39-0020af71e433>
 DWORD nFaceVertexIndices;
 array DWORD faceVertexIndices[nFaceVertexIndices];
}

template Mesh {
 <3d82ab44-62da-11cf-ab39-0020af71e433>
 DWORD nVertices;
 array Vector vertices[nVertices];
 DWORD nFaces;
 array MeshFace faces[nFaces];
 [...]
}

template MeshNormals {
 <f6f23f43-7686-11cf-8f52-0040333594a3>
 DWORD nNormals;
 array Vector normals[nNormals];
 DWORD nFaceNormals;
 array MeshFace faceNormals[nFaceNormals];
}

template MeshMaterialList {
 <f6f23f42-7686-11cf-8f52-0040333594a3>
 DWORD nMaterials;
 DWORD nFaceIndexes;
 array DWORD faceIndexes[nFaceIndexes];
 [Material <3d82ab4d-62da-11cf-ab39-0020af71e433>]
}

template Coords2d {
 <f6f23f44-7686-11cf-8f52-0040333594a3>
 FLOAT u;
 FLOAT v;
}

template MeshTextureCoords {
 <f6f23f40-7686-11cf-8f52-0040333594a3>
 DWORD nTextureCoords;
 array Coords2d textureCoords[nTextureCoords];
}

template XSkinMeshHeader {
 <3cf169ce-ff7c-44ab-93c0-f78f62d172e2>
 WORD nMaxSkinWeightsPerVertex;
 WORD nMaxSkinWeightsPerFace;
 WORD nBones;
}

template SkinWeights {
 <6f0d123b-bad2-4167-a0d0-80224f25fabb>
 STRING transformNodeName;
 DWORD nWeights;
 array DWORD vertexIndices[nWeights];
 array FLOAT weights[nWeights];
 Matrix4x4 matrixOffset;
}


Material _09_-_Defaultaaa {
 1.000000;1.000000;1.000000;1.000000;;
 9.999999;
 0.000000;0.000000;0.000000;;
 0.000000;0.000000;0.000000;;

 TextureFilename {
  "Hair_White.png";
 }
}

Frame Dummy01 {
 

 FrameTransformMatrix {
  1.000000,0.000000,0.000000,0.000000,0.000000,-0.000000,-1.000000,0.000000,0.000000,1.000000,-0.000000,0.000000,0.000000,0.000000,0.000000,1.000000;;
 }

 Frame Bip01 {
  

  FrameTransformMatrix {
   -0.087155,0.982405,-0.165183,0.000000,-0.000001,0.165814,0.986157,0.000000,0.996195,0.085949,-0.014450,0.000000,-0.010000,-0.012284,0.490453,1.000000;;
  }

  Frame Bip01_Pelvis {
   

   FrameTransformMatrix {
    0.000000,1.000000,-0.000001,0.000000,-0.000001,0.000001,1.000000,0.000000,1.000000,0.000000,0.000001,0.000000,0.000000,0.000000,0.000000,1.000000;;
   }

   Frame Bip01_Spine {
    

    FrameTransformMatrix {
     0.984686,0.000002,-0.174337,0.000000,-0.000001,1.000000,0.000004,0.000000,0.174337,-0.000004,0.984686,0.000000,0.051619,0.000000,-0.000083,1.000000;;
    }

    Frame Bip01_Spine1 {
     

     FrameTransformMatrix {
      0.997819,0.052687,0.039774,0.000000,-0.044862,0.983198,-0.176942,0.000000,-0.048428,0.174771,0.983417,0.000000,0.106484,-0.000015,-0.000083,1.000000;;
     }

     Frame Bip01_Neck {
      

      FrameTransformMatrix {
       0.966067,-0.020835,0.257451,0.000000,0.025191,0.999590,-0.013632,0.000000,-0.257061,0.019655,0.966195,0.000000,0.130511,-0.000001,0.004626,1.000000;;
      }

      Frame Bip01_Head {
       

       FrameTransformMatrix {
        0.989321,-0.051753,-0.136255,0.000000,0.064251,0.993958,0.088989,0.000000,0.130826,-0.096793,0.986669,0.000000,0.033674,-0.000000,-0.000000,1.000000;;
       }

       Frame Bip01_HeadNub {
        

        FrameTransformMatrix {
         1.000000,-0.000000,-0.000000,0.000000,-0.000000,1.000000,0.000000,0.000000,0.000000,-0.000000,1.000000,0.000000,0.169824,0.000000,0.000000,1.000000;;
        }
       }
      }

      Frame Bip01_L_Clavicle {
       

       FrameTransformMatrix {
        -0.205975,0.976135,0.068811,0.000000,0.943873,0.216738,-0.249254,0.000000,-0.258220,0.013609,-0.965990,0.000000,-0.024734,0.015166,0.002017,1.000000;;
       }

       Frame Bip01_L_UpperArm {
        

        FrameTransformMatrix {
         0.385871,-0.777669,0.496320,0.000000,0.922466,0.332598,-0.196046,0.000000,-0.012616,0.533487,0.845714,0.000000,0.087086,-0.000000,-0.000000,1.000000;;
        }

        Frame Bip01_L_Forearm {
         

         FrameTransformMatrix {
          0.943939,0.000000,-0.330119,0.000000,0.000000,1.000000,-0.000000,0.000000,0.330119,-0.000000,0.943939,0.000000,0.137062,0.000000,0.000000,1.000000;;
         }

         Frame Bip01_L_Hand {
          

          FrameTransformMatrix {
           1.000000,-0.000000,0.000000,0.000000,0.000000,0.000796,1.000000,0.000000,0.000000,-1.000000,0.000796,0.000000,0.137062,0.000000,0.000000,1.000000;;
          }

          Frame Bip01_L_Finger0 {
           

           FrameTransformMatrix {
            0.690342,-0.181727,0.700288,0.000000,0.558537,0.749101,-0.356210,0.000000,-0.459853,0.637043,0.618637,0.000000,0.057681,-0.023605,-0.000272,1.000000;;
           }

           Frame Bip01_L_Finger0Nub {
            

            FrameTransformMatrix {
             1.000000,0.000000,0.000000,0.000000,0.000000,1.000000,0.000000,0.000000,-0.000000,0.000000,1.000000,0.000000,0.029435,-0.000000,-0.000000,1.000000;;
            }
           }
          }

          Frame Bip01_L_Finger1 {
           

           FrameTransformMatrix {
            0.728079,-0.000546,0.685493,0.000000,0.000000,1.000000,0.000796,0.000000,-0.685493,-0.000580,0.728079,0.000000,0.084102,0.000000,0.000000,1.000000;;
           }

           Frame Bip01_L_Finger1Nub {
            

            FrameTransformMatrix {
             1.000000,0.000000,0.000000,0.000000,-0.000000,1.000000,-0.000000,0.000000,-0.000000,0.000000,1.000000,0.000000,0.047988,0.000000,-0.000000,1.000000;;
            }
           }
          }
         }
        }
       }
      }

      Frame Bip01_R_Clavicle {
       

       FrameTransformMatrix {
        -0.028509,-0.999573,-0.006461,0.000000,-0.965665,0.025871,0.258498,0.000000,-0.258220,0.013609,-0.965990,0.000000,-0.024080,-0.016250,0.001399,1.000000;;
       }

       Frame Bip01_R_UpperArm {
        

        FrameTransformMatrix {
         0.221390,0.975047,0.016433,0.000000,-0.974986,0.221654,-0.016512,0.000000,-0.019742,-0.012366,0.999729,0.000000,0.087086,0.000000,0.000000,1.000000;;
        }

        Frame Bip01_R_Forearm {
         

         FrameTransformMatrix {
          0.915660,-0.000000,-0.401954,0.000000,-0.000000,1.000000,-0.000000,0.000000,0.401954,-0.000000,0.915660,0.000000,0.137062,0.000000,0.000000,1.000000;;
         }

         Frame Bip01_R_Hand {
          

          FrameTransformMatrix {
           0.975195,-0.000000,-0.221346,0.000000,-0.221346,0.000796,-0.975195,0.000000,0.000176,1.000000,0.000777,0.000000,0.137062,-0.000000,0.000000,1.000000;;
          }

          Frame Bip01_R_Finger0 {
           

           FrameTransformMatrix {
            0.417774,-0.116941,0.900994,0.000000,-0.558537,0.749101,0.356210,0.000000,-0.716591,-0.652054,0.247639,0.000000,0.057681,0.023605,-0.000272,1.000000;;
           }

           Frame Bip01_R_Finger0Nub {
            

            FrameTransformMatrix {
             -1.000000,-0.000000,0.000000,0.000000,-0.000000,1.000000,0.000000,0.000000,-0.000000,0.000000,-1.000000,0.000000,0.029435,-0.000000,0.000000,1.000000;;
            }
           }
          }

          Frame Bip01_R_Finger1 {
           

           FrameTransformMatrix {
            0.352436,0.000745,0.935835,0.000000,0.000000,1.000000,-0.000796,0.000000,-0.935836,0.000281,0.352436,0.000000,0.084102,0.000000,0.000000,1.000000;;
           }

           Frame Bip01_R_Finger1Nub {
            

            FrameTransformMatrix {
             -1.000000,0.000000,0.000000,0.000000,0.000000,1.000000,-0.000000,0.000000,0.000000,-0.000000,-1.000000,0.000000,0.047988,0.000000,0.000000,1.000000;;
            }
           }
          }
         }
        }
       }
      }
     }

     Frame Bip01_BackPack {
      

      FrameTransformMatrix {
       0.180560,0.080500,-0.980264,0.000000,0.047560,0.994764,0.090451,0.000000,0.982413,-0.062954,0.175786,0.000000,0.063697,0.000003,-0.088856,1.000000;;
      }

      Frame Bip01_BackPackNub {
       

       FrameTransformMatrix {
        0.000796,0.000003,1.000000,0.000000,0.000000,-1.000000,0.000003,0.000000,1.000000,-0.000000,-0.000796,0.000000,0.053240,0.000000,0.000000,1.000000;;
       }
      }
     }
    }

    Frame Bip01_L_Thigh {
     

     FrameTransformMatrix {
      -0.888504,0.030427,0.457858,0.000000,-0.032107,-0.999476,0.004114,0.000000,0.457744,-0.011045,0.889016,0.000000,-0.050843,0.055225,-0.008917,1.000000;;
     }

     Frame Bip01_L_Calf {
      

      FrameTransformMatrix {
       0.942235,-0.000000,-0.334952,0.000000,-0.000000,1.000000,-0.000000,0.000000,0.334952,-0.000000,0.942235,0.000000,0.237500,0.000000,-0.000000,1.000000;;
      }

      Frame Bip01_L_Foot {
       

       FrameTransformMatrix {
        0.924325,-0.026487,0.380687,0.000000,-0.068962,0.969570,0.234901,0.000000,-0.375325,-0.243378,0.894371,0.000000,0.206841,0.000000,0.000000,1.000000;;
       }

       Frame Bip01_L_Toe0 {
        

        FrameTransformMatrix {
         0.000000,0.000000,1.000000,0.000000,0.000000,1.000000,-0.000000,0.000000,-1.000000,0.000000,0.000000,0.000000,0.065373,0.000000,0.066450,1.000000;;
        }

        Frame Bip01_L_Toe0Nub {
         

         FrameTransformMatrix {
          -1.000000,0.000000,0.000000,0.000000,0.000000,1.000000,0.000000,0.000000,0.000000,0.000000,-1.000000,0.000000,0.006735,-0.000000,-0.000000,1.000000;;
         }
        }
       }
      }
     }
    }

    Frame Bip01_R_Thigh {
     

     FrameTransformMatrix {
      -0.996965,0.030321,-0.071704,0.000000,-0.029454,-0.999480,-0.013113,0.000000,-0.072065,-0.010961,0.997340,0.000000,-0.050843,-0.055225,-0.008917,1.000000;;
     }

     Frame Bip01_R_Calf {
      

      FrameTransformMatrix {
       0.730239,0.000000,-0.683192,0.000000,0.000000,1.000000,0.000000,0.000000,0.683192,0.000000,0.730239,0.000000,0.237500,0.000000,0.000000,1.000000;;
      }

      Frame Bip01_R_Foot {
       

       FrameTransformMatrix {
        0.991957,0.087165,-0.091782,0.000000,-0.093276,0.993546,-0.064539,0.000000,0.085565,0.072581,0.993685,0.000000,0.206841,0.000000,0.000000,1.000000;;
       }

       Frame Bip01_R_Toe0 {
        

        FrameTransformMatrix {
         0.000000,0.000000,1.000000,0.000000,0.000000,1.000000,-0.000000,0.000000,-1.000000,0.000000,0.000000,0.000000,0.065373,0.000000,0.066450,1.000000;;
        }

        Frame Bip01_R_Toe0Nub {
         

         FrameTransformMatrix {
          1.000000,0.000000,0.000000,0.000000,0.000000,1.000000,-0.000000,0.000000,-0.000000,-0.000000,1.000000,0.000000,0.006735,-0.000000,-0.000000,1.000000;;
         }
        }
       }
      }
     }
    }
   }

   Frame Bip01_DressFront {
    

    FrameTransformMatrix {
     -0.880185,-0.088339,0.466338,0.000000,0.121847,0.907542,0.401896,0.000000,-0.458725,0.410564,-0.788041,0.000000,-0.043935,0.001339,0.061057,1.000000;;
    }

    Frame Bip01_DressFront02 {
     

     FrameTransformMatrix {
      0.912593,0.000001,0.408870,0.000000,-0.000001,1.000000,-0.000000,0.000000,-0.408870,-0.000000,0.912593,0.000000,0.183378,-0.000000,-0.000120,1.000000;;
     }

     Frame Bip01_DressFrontNub {
      

      FrameTransformMatrix {
       0.000796,0.000003,1.000000,0.000000,0.000000,-1.000000,0.000003,0.000000,1.000000,0.000000,-0.000796,0.000000,0.165302,0.000000,0.000000,1.000000;;
      }
     }
    }
   }

   Frame Bip01_DressBack {
    

    FrameTransformMatrix {
     -0.886023,0.038029,0.462080,0.000000,0.191625,0.937561,0.290274,0.000000,-0.422190,0.345735,-0.837988,0.000000,-0.047673,-0.000048,-0.078302,1.000000;;
    }

    Frame Bip01_DressBack02 {
     

     FrameTransformMatrix {
      0.936852,0.174932,-0.302833,0.000000,-0.166408,0.984581,0.053939,0.000000,0.307600,-0.000139,0.951516,0.000000,0.176125,0.000000,-0.000103,1.000000;;
     }

     Frame Bip01_DressBackNub {
      

      FrameTransformMatrix {
       0.000796,0.000003,1.000000,0.000000,0.000000,-1.000000,0.000003,0.000000,1.000000,0.000000,-0.000796,0.000000,0.136508,0.000000,0.000000,1.000000;;
      }
     }
    }
   }
  }

  Frame Bip01_Prop1 {
   

   FrameTransformMatrix {
    -0.233929,-0.108090,0.966227,0.000000,0.687222,0.684611,0.242967,0.000000,-0.687752,0.720849,-0.085868,0.000000,0.076452,-0.048658,-0.145664,1.000000;;
   }
  }

  Frame Bip01_Prop2 {
   

   FrameTransformMatrix {
    -0.163643,-0.967062,0.194966,0.000000,0.985576,-0.168906,-0.010564,0.000000,0.043147,0.190425,0.980753,0.000000,-0.138405,-0.102098,0.114818,1.000000;;
   }
  }
 }
}

Frame Translation_Data {
 

 FrameTransformMatrix {
  -0.000000,0.000000,-1.000000,0.000000,-1.000000,-0.000000,0.000000,0.000000,-0.000000,1.000000,0.000000,0.000000,0.000000,-0.000000,0.000000,1.000000;;
 }
}

Frame Bob_Beard_LongScruffy {
 

 FrameTransformMatrix {
  1.000000,0.000000,0.000000,0.000000,0.000000,1.000000,0.000000,0.000000,0.000000,0.000000,1.000000,0.000000,0.000000,0.000000,0.000000,1.000000;;
 }

 Mesh Bob_Beard_LongScruffy {
  94;
  -0.000000;0.794682;-0.049018;,
  0.013122;0.819627;-0.042951;,
  0.013122;0.794938;-0.042282;,
  -0.000000;0.824791;-0.045468;,
  0.028754;0.823739;-0.029233;,
  0.033106;0.796998;-0.032087;,
  0.014195;0.844453;-0.034088;,
  0.025855;0.854311;-0.024428;,
  0.014195;0.851103;-0.034088;,
  0.000000;0.857056;-0.040437;,
  0.014195;0.869354;-0.034088;,
  0.000000;0.868147;-0.040437;,
  0.022474;0.864701;-0.027300;,
  0.000000;0.844081;-0.040491;,
  0.014195;0.844453;-0.030650;,
  0.000000;0.844081;-0.037053;,
  -0.000000;0.793416;-0.014756;,
  0.018024;0.794971;-0.015175;,
  0.046142;0.802499;-0.016262;,
  0.041351;0.826594;-0.015388;,
  0.000000;0.857056;-0.036999;,
  0.014195;0.851103;-0.030650;,
  0.030245;0.857896;-0.020990;,
  0.014195;0.869354;-0.030650;,
  0.000000;0.868147;-0.036999;,
  0.022474;0.864701;-0.023862;,
  -0.000000;0.801948;0.006146;,
  0.016109;0.805608;0.013358;,
  0.054332;0.806129;0.000252;,
  0.053021;0.831391;-0.002143;,
  0.042624;0.869644;-0.005457;,
  0.057189;0.838060;0.013729;,
  0.058510;0.811758;0.015172;,
  0.021243;0.811736;0.024391;,
  0.049467;0.872695;0.006890;,
  0.054822;0.832474;0.024621;,
  0.047495;0.818430;0.025289;,
  0.027741;0.813190;0.027902;,
  0.054949;0.870884;0.024808;,
  0.051436;0.863838;0.030709;,
  0.055327;0.882707;0.025104;,
  0.051905;0.882707;0.010911;,
  0.055327;0.895701;0.025104;,
  0.051905;0.895701;0.010911;,
  -0.013122;0.819627;-0.042951;,
  -0.013122;0.794938;-0.042282;,
  -0.028754;0.823739;-0.029233;,
  -0.030496;0.796998;-0.032087;,
  -0.014195;0.844453;-0.034088;,
  -0.025855;0.854311;-0.024428;,
  -0.014195;0.851103;-0.034088;,
  -0.014195;0.869354;-0.034088;,
  -0.022474;0.864701;-0.027300;,
  -0.014195;0.844453;-0.030650;,
  -0.018024;0.794971;-0.015175;,
  -0.043349;0.802032;-0.016262;,
  -0.041351;0.826594;-0.015388;,
  -0.014195;0.851103;-0.030650;,
  -0.030245;0.857896;-0.020990;,
  -0.014195;0.869354;-0.030650;,
  -0.022474;0.864701;-0.023862;,
  -0.000000;0.801948;0.006146;,
  -0.016109;0.805608;0.013358;,
  -0.055252;0.808160;0.000252;,
  -0.053021;0.831391;-0.002143;,
  -0.042624;0.869644;-0.005457;,
  -0.061222;0.811561;0.015172;,
  -0.057189;0.838060;0.013729;,
  -0.021243;0.811736;0.024391;,
  -0.049467;0.872695;0.006890;,
  -0.054822;0.832474;0.024621;,
  -0.047495;0.818430;0.025289;,
  -0.027156;0.813162;0.027922;,
  -0.054949;0.870884;0.024808;,
  -0.051436;0.863839;0.030709;,
  -0.055327;0.882707;0.025104;,
  -0.051905;0.882707;0.010911;,
  -0.055327;0.895701;0.025104;,
  -0.051905;0.895701;0.010911;,
  -0.044542;0.847107;0.034375;,
  -0.025304;0.821936;0.033764;,
  0.025197;0.822047;0.033858;,
  0.045211;0.847267;0.034285;,
  0.051436;0.863838;0.030709;,
  -0.044542;0.847107;0.034375;,
  0.045211;0.847267;0.034285;,
  -0.051436;0.863839;0.030709;,
  -0.025304;0.821936;0.033764;,
  0.025197;0.822047;0.033858;,
  0.016109;0.805608;0.013358;,
  -0.016109;0.805608;0.013358;,
  -0.000000;0.801948;0.006146;,
  -0.021243;0.811736;0.024391;,
  0.021243;0.811736;0.024391;;
  135;
  3;0,1,2;,
  3;1,0,3;,
  3;2,4,5;,
  3;4,2,1;,
  3;6,7,4;,
  3;7,6,8;,
  3;9,10,8;,
  3;10,9,11;,
  3;8,12,7;,
  3;12,8,10;,
  3;13,14,6;,
  3;14,13,15;,
  3;2,16,0;,
  3;16,2,17;,
  3;4,18,5;,
  3;18,4,19;,
  3;5,18,17;,
  3;8,20,9;,
  3;20,8,21;,
  3;6,21,8;,
  3;21,6,14;,
  3;7,19,4;,
  3;19,7,22;,
  3;11,23,10;,
  3;23,11,24;,
  3;10,25,12;,
  3;25,10,23;,
  3;12,22,7;,
  3;22,12,25;,
  3;17,26,16;,
  3;26,17,27;,
  3;19,28,18;,
  3;28,19,29;,
  3;28,17,18;,
  3;17,28,27;,
  3;22,29,19;,
  3;29,22,30;,
  3;31,28,29;,
  3;28,31,32;,
  3;28,33,27;,
  3;33,28,32;,
  3;30,31,29;,
  3;31,30,34;,
  3;35,32,31;,
  3;32,35,36;,
  3;32,37,33;,
  3;37,32,36;,
  3;31,38,39;,
  3;38,31,34;,
  3;34,40,38;,
  3;40,34,41;,
  3;41,42,40;,
  3;42,41,43;,
  3;5,17,2;,
  3;0,44,3;,
  3;44,0,45;,
  3;45,46,44;,
  3;46,45,47;,
  3;48,49,50;,
  3;49,48,46;,
  3;9,51,11;,
  3;51,9,50;,
  3;50,52,51;,
  3;52,50,49;,
  3;13,53,15;,
  3;53,13,48;,
  3;45,16,54;,
  3;16,45,0;,
  3;46,55,56;,
  3;55,46,47;,
  3;47,54,55;,
  3;50,20,57;,
  3;20,50,9;,
  3;48,57,53;,
  3;57,48,50;,
  3;49,56,58;,
  3;56,49,46;,
  3;11,59,24;,
  3;59,11,51;,
  3;51,60,59;,
  3;60,51,52;,
  3;52,58,60;,
  3;58,52,49;,
  3;54,61,62;,
  3;61,54,16;,
  3;56,63,64;,
  3;63,56,55;,
  3;54,63,55;,
  3;63,54,62;,
  3;58,64,65;,
  3;64,58,56;,
  3;64,66,67;,
  3;66,64,63;,
  3;63,68,66;,
  3;68,63,62;,
  3;65,67,69;,
  3;67,65,64;,
  3;66,70,67;,
  3;70,66,71;,
  3;66,72,71;,
  3;72,66,68;,
  3;67,73,69;,
  3;73,67,74;,
  3;69,75,76;,
  3;75,69,73;,
  3;76,77,78;,
  3;77,76,75;,
  3;47,45,54;,
  3;6,3,13;,
  3;3,6,1;,
  3;13,44,48;,
  3;44,13,3;,
  3;48,44,46;,
  3;67,70,74;,
  3;70,79,74;,
  3;79,70,71;,
  3;79,72,80;,
  3;72,79,71;,
  3;80,72,68;,
  3;33,37,81;,
  3;37,82,81;,
  3;82,37,36;,
  3;82,35,39;,
  3;35,82,36;,
  3;39,35,31;,
  3;4,1,6;,
  3;83,84,85;,
  3;84,83,86;,
  3;85,87,88;,
  3;87,85,84;,
  3;89,90,91;,
  3;89,92,90;,
  3;93,92,89;,
  3;93,87,92;,
  3;88,87,93;;

  MeshNormals {
   94;
   0.000000;-0.598665;-0.801000;,
   0.468654;0.134012;-0.873157;,
   0.391299;-0.683604;-0.616093;,
   0.017530;0.212666;-0.976968;,
   0.644834;0.165879;-0.746105;,
   0.581264;-0.582009;-0.568681;,
   0.168614;0.578993;-0.797707;,
   0.614677;0.056340;-0.786764;,
   0.041522;-0.457319;-0.888333;,
   0.000000;-0.524088;-0.851664;,
   0.414385;0.709212;-0.570353;,
   -0.000000;0.606382;-0.795174;,
   0.717660;0.528765;-0.453179;,
   0.016270;0.721918;-0.691788;,
   -0.812926;0.582367;0.000000;,
   0.000000;1.000000;0.000000;,
   0.000000;-0.983081;0.183172;,
   0.132854;-0.975881;0.173223;,
   0.767383;-0.523765;-0.369857;,
   0.738166;0.127534;-0.662455;,
   0.000000;-1.000000;0.000000;,
   -0.881141;-0.472853;0.000000;,
   0.674423;0.117173;-0.728988;,
   0.304082;0.952646;0.000000;,
   0.000000;1.000000;0.000000;,
   0.604224;0.796815;0.000000;,
   -0.000000;-0.919209;0.393771;,
   0.073124;-0.904645;0.419847;,
   0.763256;-0.637885;-0.102680;,
   0.867831;0.087023;-0.489179;,
   0.817421;0.134374;-0.560148;,
   0.993130;0.096341;-0.066414;,
   0.787382;-0.541002;0.295544;,
   0.010559;-0.825592;0.564169;,
   0.929208;0.058739;-0.364859;,
   0.801315;-0.089165;0.591561;,
   0.360966;-0.413586;0.835853;,
   0.058685;-0.732894;0.677807;,
   0.995338;0.023769;-0.093479;,
   0.684624;0.023969;0.728502;,
   0.966507;-0.029999;-0.254883;,
   0.969093;-0.079006;-0.233701;,
   0.972132;0.000000;-0.234434;,
   0.972132;0.000000;-0.234434;,
   -0.473660;0.123738;-0.871972;,
   -0.404004;-0.681330;-0.610386;,
   -0.659447;0.139984;-0.738603;,
   -0.586902;-0.595292;-0.548793;,
   -0.176719;0.587329;-0.789820;,
   -0.614677;0.056340;-0.786764;,
   -0.041522;-0.457319;-0.888333;,
   -0.414385;0.709212;-0.570353;,
   -0.717660;0.528765;-0.453180;,
   0.812926;0.582367;0.000000;,
   -0.148012;-0.973328;0.175286;,
   -0.721896;-0.597650;-0.348827;,
   -0.731825;0.100980;-0.673970;,
   0.881141;-0.472853;0.000000;,
   -0.674423;0.117173;-0.728988;,
   -0.304082;0.952646;0.000000;,
   -0.604224;0.796815;0.000000;,
   -0.000000;-0.919209;0.393771;,
   -0.090437;-0.904724;0.416287;,
   -0.748604;-0.626711;-0.216393;,
   -0.852953;0.115224;-0.509112;,
   -0.817421;0.134374;-0.560148;,
   -0.800909;-0.541442;0.255705;,
   -0.988716;0.135101;-0.064725;,
   -0.013577;-0.832383;0.554034;,
   -0.929208;0.058739;-0.364859;,
   -0.780711;-0.059353;0.622068;,
   -0.334204;-0.390976;0.857581;,
   -0.034926;-0.727105;0.685637;,
   -0.995338;0.023769;-0.093478;,
   -0.684572;0.021328;0.728633;,
   -0.966507;-0.029999;-0.254883;,
   -0.969093;-0.079006;-0.233701;,
   -0.972132;0.000000;-0.234434;,
   -0.972132;0.000000;-0.234434;,
   -0.292974;-0.022994;0.955844;,
   -0.164767;-0.365242;0.916215;,
   0.148639;-0.358784;0.921510;,
   0.309116;-0.022445;0.950759;,
   0.684624;0.023969;0.728502;,
   -0.292974;-0.022994;0.955844;,
   0.309116;-0.022445;0.950759;,
   -0.684572;0.021328;0.728633;,
   -0.164767;-0.365242;0.916215;,
   0.148639;-0.358784;0.921510;,
   0.073124;-0.904645;0.419847;,
   -0.090437;-0.904724;0.416287;,
   -0.000000;-0.919209;0.393771;,
   -0.013577;-0.832383;0.554034;,
   0.010559;-0.825592;0.564169;;
   135;
   3;0,1,2;,
   3;1,0,3;,
   3;2,4,5;,
   3;4,2,1;,
   3;6,7,4;,
   3;7,6,8;,
   3;9,10,8;,
   3;10,9,11;,
   3;8,12,7;,
   3;12,8,10;,
   3;13,14,6;,
   3;14,13,15;,
   3;2,16,0;,
   3;16,2,17;,
   3;4,18,5;,
   3;18,4,19;,
   3;5,18,17;,
   3;8,20,9;,
   3;20,8,21;,
   3;6,21,8;,
   3;21,6,14;,
   3;7,19,4;,
   3;19,7,22;,
   3;11,23,10;,
   3;23,11,24;,
   3;10,25,12;,
   3;25,10,23;,
   3;12,22,7;,
   3;22,12,25;,
   3;17,26,16;,
   3;26,17,27;,
   3;19,28,18;,
   3;28,19,29;,
   3;28,17,18;,
   3;17,28,27;,
   3;22,29,19;,
   3;29,22,30;,
   3;31,28,29;,
   3;28,31,32;,
   3;28,33,27;,
   3;33,28,32;,
   3;30,31,29;,
   3;31,30,34;,
   3;35,32,31;,
   3;32,35,36;,
   3;32,37,33;,
   3;37,32,36;,
   3;31,38,39;,
   3;38,31,34;,
   3;34,40,38;,
   3;40,34,41;,
   3;41,42,40;,
   3;42,41,43;,
   3;5,17,2;,
   3;0,44,3;,
   3;44,0,45;,
   3;45,46,44;,
   3;46,45,47;,
   3;48,49,50;,
   3;49,48,46;,
   3;9,51,11;,
   3;51,9,50;,
   3;50,52,51;,
   3;52,50,49;,
   3;13,53,15;,
   3;53,13,48;,
   3;45,16,54;,
   3;16,45,0;,
   3;46,55,56;,
   3;55,46,47;,
   3;47,54,55;,
   3;50,20,57;,
   3;20,50,9;,
   3;48,57,53;,
   3;57,48,50;,
   3;49,56,58;,
   3;56,49,46;,
   3;11,59,24;,
   3;59,11,51;,
   3;51,60,59;,
   3;60,51,52;,
   3;52,58,60;,
   3;58,52,49;,
   3;54,61,62;,
   3;61,54,16;,
   3;56,63,64;,
   3;63,56,55;,
   3;54,63,55;,
   3;63,54,62;,
   3;58,64,65;,
   3;64,58,56;,
   3;64,66,67;,
   3;66,64,63;,
   3;63,68,66;,
   3;68,63,62;,
   3;65,67,69;,
   3;67,65,64;,
   3;66,70,67;,
   3;70,66,71;,
   3;66,72,71;,
   3;72,66,68;,
   3;67,73,69;,
   3;73,67,74;,
   3;69,75,76;,
   3;75,69,73;,
   3;76,77,78;,
   3;77,76,75;,
   3;47,45,54;,
   3;6,3,13;,
   3;3,6,1;,
   3;13,44,48;,
   3;44,13,3;,
   3;48,44,46;,
   3;67,70,74;,
   3;70,79,74;,
   3;79,70,71;,
   3;79,72,80;,
   3;72,79,71;,
   3;80,72,68;,
   3;33,37,81;,
   3;37,82,81;,
   3;82,37,36;,
   3;82,35,39;,
   3;35,82,36;,
   3;39,35,31;,
   3;4,1,6;,
   3;83,84,85;,
   3;84,83,86;,
   3;85,87,88;,
   3;87,85,84;,
   3;89,90,91;,
   3;89,92,90;,
   3;93,92,89;,
   3;93,87,92;,
   3;88,87,93;;
  }

  MeshMaterialList {
   1;
   135;
   0,
   0,
   0,
   0,
   0,
   0,
   0,
   0,
   0,
   0,
   0,
   0,
   0,
   0,
   0,
   0,
   0,
   0,
   0,
   0,
   0,
   0,
   0,
   0,
   0,
   0,
   0,
   0,
   0,
   0,
   0,
   0,
   0,
   0,
   0,
   0,
   0,
   0,
   0,
   0,
   0,
   0,
   0,
   0,
   0,
   0,
   0,
   0,
   0,
   0,
   0,
   0,
   0,
   0,
   0,
   0,
   0,
   0,
   0,
   0,
   0,
   0,
   0,
   0,
   0,
   0,
   0,
   0,
   0,
   0,
   0,
   0,
   0,
   0,
   0,
   0,
   0,
   0,
   0,
   0,
   0,
   0,
   0,
   0,
   0,
   0,
   0,
   0,
   0,
   0,
   0,
   0,
   0,
   0,
   0,
   0,
   0,
   0,
   0,
   0,
   0,
   0,
   0,
   0,
   0,
   0,
   0,
   0,
   0,
   0,
   0,
   0,
   0,
   0,
   0,
   0,
   0,
   0,
   0,
   0,
   0,
   0,
   0,
   0,
   0,
   0,
   0,
   0,
   0,
   0,
   0,
   0,
   0,
   0,
   0;
   { _09_-_Defaultaaa }
  }

  MeshTextureCoords c1 {
   94;
   0.635999;0.760889;,
   0.663957;0.822055;,
   0.654216;0.755038;,
   0.635335;0.839052;,
   0.717051;0.823749;,
   0.699679;0.751137;,
   0.682061;0.889660;,
   0.736526;0.907341;,
   0.688716;0.904782;,
   0.639501;0.919131;,
   0.688086;0.952115;,
   0.639084;0.949706;,
   0.722802;0.937339;,
   0.634233;0.891224;,
   0.677689;0.895554;,
   0.633672;0.898553;,
   0.634012;0.665876;,
   0.685235;0.688833;,
   0.742650;0.747373;,
   0.765448;0.813797;,
   0.639973;0.909809;,
   0.686119;0.904403;,
   0.763732;0.910778;,
   0.693220;0.957646;,
   0.639011;0.958216;,
   0.731181;0.940226;,
   0.688538;0.614071;,
   0.746298;0.629498;,
   0.776854;0.739734;,
   0.811477;0.799064;,
   0.853488;0.900189;,
   0.855857;0.780063;,
   0.806159;0.734635;,
   0.801673;0.632593;,
   0.906719;0.865022;,
   0.860041;0.746448;,
   0.830418;0.711280;,
   0.818758;0.652663;,
   0.940988;0.818447;,
   0.942961;0.780626;,
   0.965191;0.841818;,
   0.937750;0.872542;,
   0.992560;0.866197;,
   0.965131;0.896952;,
   0.607098;0.821454;,
   0.617472;0.755064;,
   0.554361;0.822444;,
   0.577375;0.751391;,
   0.587121;0.887916;,
   0.539699;0.907247;,
   0.590197;0.903798;,
   0.589977;0.951404;,
   0.555056;0.936771;,
   0.589030;0.888649;,
   0.583226;0.691392;,
   0.533236;0.747620;,
   0.506670;0.814366;,
   0.596106;0.898961;,
   0.512585;0.911827;,
   0.584799;0.957000;,
   0.546741;0.939866;,
   0.578563;0.615951;,
   0.521589;0.632533;,
   0.489718;0.745943;,
   0.460068;0.802495;,
   0.422038;0.904917;,
   0.463360;0.741841;,
   0.414455;0.784993;,
   0.466073;0.634928;,
   0.366915;0.871494;,
   0.409551;0.751204;,
   0.438155;0.714642;,
   0.449087;0.653770;,
   0.330833;0.826070;,
   0.327512;0.787429;,
   0.307571;0.850665;,
   0.336280;0.880208;,
   0.281274;0.876267;,
   0.310015;0.905800;,
   0.356840;0.727031;,
   0.419718;0.649856;,
   0.848362;0.646172;,
   0.912186;0.723714;,
   0.790237;0.880741;,
   0.510509;0.852265;,
   0.768665;0.833334;,
   0.494391;0.903018;,
   0.560396;0.775702;,
   0.705658;0.765117;,
   0.673802;0.691528;,
   0.581150;0.698543;,
   0.625750;0.672239;,
   0.569099;0.735478;,
   0.691277;0.726228;;
  }

  XSkinMeshHeader {
   1;
   1;
   1;
  }

  SkinWeights {
   "Bip01_Head";
   94;
   0,
   1,
   2,
   3,
   4,
   5,
   6,
   7,
   8,
   9,
   10,
   11,
   12,
   13,
   14,
   15,
   16,
   17,
   18,
   19,
   20,
   21,
   22,
   23,
   24,
   25,
   26,
   27,
   28,
   29,
   30,
   31,
   32,
   33,
   34,
   35,
   36,
   37,
   38,
   39,
   40,
   41,
   42,
   43,
   44,
   45,
   46,
   47,
   48,
   49,
   50,
   51,
   52,
   53,
   54,
   55,
   56,
   57,
   58,
   59,
   60,
   61,
   62,
   63,
   64,
   65,
   66,
   67,
   68,
   69,
   70,
   71,
   72,
   73,
   74,
   75,
   76,
   77,
   78,
   79,
   80,
   81,
   82,
   83,
   84,
   85,
   86,
   87,
   88,
   89,
   90,
   91,
   92,
   93;
   1.000000,
   1.000000,
   1.000000,
   1.000000,
   1.000000,
   1.000000,
   1.000000,
   1.000000,
   1.000000,
   1.000000,
   1.000000,
   1.000000,
   1.000000,
   1.000000,
   1.000000,
   1.000000,
   1.000000,
   1.000000,
   1.000000,
   1.000000,
   1.000000,
   1.000000,
   1.000000,
   1.000000,
   1.000000,
   1.000000,
   1.000000,
   1.000000,
   1.000000,
   1.000000,
   1.000000,
   1.000000,
   1.000000,
   1.000000,
   1.000000,
   1.000000,
   1.000000,
   1.000000,
   1.000000,
   1.000000,
   1.000000,
   1.000000,
   1.000000,
   1.000000,
   1.000000,
   1.000000,
   1.000000,
   1.000000,
   1.000000,
   1.000000,
   1.000000,
   1.000000,
   1.000000,
   1.000000,
   1.000000,
   1.000000,
   1.000000,
   1.000000,
   1.000000,
   1.000000,
   1.000000,
   1.000000,
   1.000000,
   1.000000,
   1.000000,
   1.000000,
   1.000000,
   1.000000,
   1.000000,
   1.000000,
   1.000000,
   1.000000,
   1.000000,
   1.000000,
   1.000000,
   1.000000,
   1.000000,
   1.000000,
   1.000000,
   1.000000,
   1.000000,
   1.000000,
   1.000000,
   1.000000,
   1.000000,
   1.000000,
   1.000000,
   1.000000,
   1.000000,
   1.000000,
   1.000000,
   1.000000,
   1.000000,
   1.000000;
   0.000000,1.000000,-0.000001,0.000000,1.000000,-0.000000,0.000001,0.000000,0.000001,-0.000001,-1.000000,0.000000,-0.824644,0.000000,0.030645,1.000000;;
  }
 }
}