xof 0303txt 0032
template ColorRGBA {
 <35ff44e0-6c7c-11cf-8f52-0040333594a3>
 FLOAT red;
 FLOAT green;
 FLOAT blue;
 FLOAT alpha;
}

template ColorRGB {
 <d3e16e81-7835-11cf-8f52-0040333594a3>
 FLOAT red;
 FLOAT green;
 FLOAT blue;
}

template Material {
 <3d82ab4d-62da-11cf-ab39-0020af71e433>
 ColorRGBA faceColor;
 FLOAT power;
 ColorRGB specularColor;
 ColorRGB emissiveColor;
 [...]
}

template TextureFilename {
 <a42790e1-7810-11cf-8f52-0040333594a3>
 STRING filename;
}

template Frame {
 <3d82ab46-62da-11cf-ab39-0020af71e433>
 [...]
}

template Matrix4x4 {
 <f6f23f45-7686-11cf-8f52-0040333594a3>
 array FLOAT matrix[16];
}

template FrameTransformMatrix {
 <f6f23f41-7686-11cf-8f52-0040333594a3>
 Matrix4x4 frameMatrix;
}

template Vector {
 <3d82ab5e-62da-11cf-ab39-0020af71e433>
 FLOAT x;
 FLOAT y;
 FLOAT z;
}

template MeshFace {
 <3d82ab5f-62da-11cf-ab39-0020af71e433>
 DWORD nFaceVertexIndices;
 array DWORD faceVertexIndices[nFaceVertexIndices];
}

template Mesh {
 <3d82ab44-62da-11cf-ab39-0020af71e433>
 DWORD nVertices;
 array Vector vertices[nVertices];
 DWORD nFaces;
 array MeshFace faces[nFaces];
 [...]
}

template MeshNormals {
 <f6f23f43-7686-11cf-8f52-0040333594a3>
 DWORD nNormals;
 array Vector normals[nNormals];
 DWORD nFaceNormals;
 array MeshFace faceNormals[nFaceNormals];
}

template MeshMaterialList {
 <f6f23f42-7686-11cf-8f52-0040333594a3>
 DWORD nMaterials;
 DWORD nFaceIndexes;
 array DWORD faceIndexes[nFaceIndexes];
 [Material <3d82ab4d-62da-11cf-ab39-0020af71e433>]
}

template Coords2d {
 <f6f23f44-7686-11cf-8f52-0040333594a3>
 FLOAT u;
 FLOAT v;
}

template MeshTextureCoords {
 <f6f23f40-7686-11cf-8f52-0040333594a3>
 DWORD nTextureCoords;
 array Coords2d textureCoords[nTextureCoords];
}

template XSkinMeshHeader {
 <3cf169ce-ff7c-44ab-93c0-f78f62d172e2>
 WORD nMaxSkinWeightsPerVertex;
 WORD nMaxSkinWeightsPerFace;
 WORD nBones;
}

template SkinWeights {
 <6f0d123b-bad2-4167-a0d0-80224f25fabb>
 STRING transformNodeName;
 DWORD nWeights;
 array DWORD vertexIndices[nWeights];
 array FLOAT weights[nWeights];
 Matrix4x4 matrixOffset;
}

template AnimTicksPerSecond {
 <9e415a43-7ba6-4a73-8743-b73d47e88476>
 DWORD AnimTicksPerSecond;
}

template Animation {
 <3d82ab4f-62da-11cf-ab39-0020af71e433>
 [...]
}

template AnimationSet {
 <3d82ab50-62da-11cf-ab39-0020af71e433>
 [Animation <3d82ab4f-62da-11cf-ab39-0020af71e433>]
}

template FloatKeys {
 <10dd46a9-775b-11cf-8f52-0040333594a3>
 DWORD nValues;
 array FLOAT values[nValues];
}

template TimedFloatKeys {
 <f406b180-7b3b-11cf-8f52-0040333594a3>
 DWORD time;
 FloatKeys tfkeys;
}

template AnimationKey {
 <10dd46a8-775b-11cf-8f52-0040333594a3>
 DWORD keyType;
 DWORD nKeys;
 array TimedFloatKeys keys[nKeys];
}


Material Material__221 {
 1.000000;1.000000;1.000000;1.000000;;
 9.999999;
 0.000000;0.000000;0.000000;;
 0.000000;0.000000;0.000000;;

 TextureFilename {
  "BowlinBallBag.png";
 }
}

Frame Dummy01 {
 

 FrameTransformMatrix {
  1.000000,0.000000,0.000000,0.000000,0.000000,-0.000000,-1.000000,0.000000,0.000000,1.000000,-0.000000,0.000000,-0.000000,0.000000,0.000000,1.000000;;
 }

 Frame Bip01 {
  

  FrameTransformMatrix {
   -0.087155,0.982405,-0.165183,0.000000,-0.000001,0.165814,0.986157,0.000000,0.996195,0.085949,-0.014450,0.000000,-0.010000,-0.012284,0.490453,1.000000;;
  }

  Frame Bip01_Pelvis {
   

   FrameTransformMatrix {
    0.000000,1.000000,-0.000001,0.000000,-0.000001,0.000001,1.000000,0.000000,1.000000,0.000000,0.000001,0.000000,0.000000,0.000000,0.000000,1.000000;;
   }

   Frame Bip01_Spine {
    

    FrameTransformMatrix {
     0.984686,0.000002,-0.174337,0.000000,-0.000001,1.000000,0.000004,0.000000,0.174337,-0.000004,0.984686,0.000000,0.051619,0.000000,-0.000083,1.000000;;
    }

    Frame Bip01_Spine1 {
     

     FrameTransformMatrix {
      0.997819,0.052687,0.039774,0.000000,-0.044862,0.983198,-0.176942,0.000000,-0.048428,0.174771,0.983417,0.000000,0.106484,-0.000015,-0.000083,1.000000;;
     }

     Frame Bip01_Neck {
      

      FrameTransformMatrix {
       0.966067,-0.020835,0.257451,0.000000,0.025191,0.999590,-0.013632,0.000000,-0.257061,0.019655,0.966195,0.000000,0.130511,-0.000001,0.004626,1.000000;;
      }

      Frame Bip01_Head {
       

       FrameTransformMatrix {
        0.989321,-0.051753,-0.136255,0.000000,0.064251,0.993958,0.088989,0.000000,0.130826,-0.096793,0.986669,0.000000,0.033674,-0.000000,-0.000000,1.000000;;
       }
      }

      Frame Bip01_L_Clavicle {
       

       FrameTransformMatrix {
        -0.205975,0.976135,0.068811,0.000000,0.943873,0.216738,-0.249254,0.000000,-0.258220,0.013609,-0.965990,0.000000,-0.024734,0.015166,0.002017,1.000000;;
       }

       Frame Bip01_L_UpperArm {
        

        FrameTransformMatrix {
         0.385871,-0.777669,0.496320,0.000000,0.922466,0.332598,-0.196046,0.000000,-0.012616,0.533487,0.845714,0.000000,0.087086,-0.000000,-0.000000,1.000000;;
        }

        Frame Bip01_L_Forearm {
         

         FrameTransformMatrix {
          0.943939,0.000000,-0.330119,0.000000,0.000000,1.000000,-0.000000,0.000000,0.330119,-0.000000,0.943939,0.000000,0.137062,-0.000000,0.000000,1.000000;;
         }

         Frame Bip01_L_Hand {
          

          FrameTransformMatrix {
           1.000000,-0.000000,0.000000,0.000000,0.000000,0.000796,1.000000,0.000000,0.000000,-1.000000,0.000796,0.000000,0.137062,0.000000,0.000000,1.000000;;
          }

          Frame Bip01_L_Finger0 {
           

           FrameTransformMatrix {
            0.690342,-0.181727,0.700288,0.000000,0.558537,0.749101,-0.356210,0.000000,-0.459853,0.637043,0.618637,0.000000,0.057681,-0.023605,-0.000272,1.000000;;
           }
          }

          Frame Bip01_L_Finger1 {
           

           FrameTransformMatrix {
            0.728079,-0.000546,0.685493,0.000000,0.000000,1.000000,0.000796,0.000000,-0.685493,-0.000580,0.728079,0.000000,0.084102,0.000000,0.000000,1.000000;;
           }
          }
         }
        }
       }
      }

      Frame Bip01_R_Clavicle {
       

       FrameTransformMatrix {
        -0.028509,-0.999573,-0.006461,0.000000,-0.965665,0.025871,0.258498,0.000000,-0.258220,0.013609,-0.965990,0.000000,-0.024080,-0.016250,0.001399,1.000000;;
       }

       Frame Bip01_R_UpperArm {
        

        FrameTransformMatrix {
         0.221390,0.975047,0.016433,0.000000,-0.974986,0.221654,-0.016512,0.000000,-0.019742,-0.012366,0.999729,0.000000,0.087086,0.000000,0.000000,1.000000;;
        }

        Frame Bip01_R_Forearm {
         

         FrameTransformMatrix {
          0.915660,-0.000000,-0.401954,0.000000,-0.000000,1.000000,-0.000000,0.000000,0.401954,-0.000000,0.915660,0.000000,0.137062,0.000000,0.000000,1.000000;;
         }

         Frame Bip01_R_Hand {
          

          FrameTransformMatrix {
           0.975195,-0.000000,-0.221346,0.000000,-0.221346,0.000796,-0.975195,0.000000,0.000176,1.000000,0.000777,0.000000,0.137062,-0.000000,0.000000,1.000000;;
          }

          Frame Bip01_R_Finger0 {
           

           FrameTransformMatrix {
            0.417774,-0.116941,0.900994,0.000000,-0.558537,0.749101,0.356210,0.000000,-0.716591,-0.652054,0.247639,0.000000,0.057681,0.023605,-0.000272,1.000000;;
           }
          }

          Frame Bip01_R_Finger1 {
           

           FrameTransformMatrix {
            0.352436,0.000745,0.935835,0.000000,0.000000,1.000000,-0.000796,0.000000,-0.935836,0.000281,0.352436,0.000000,0.084102,0.000000,0.000000,1.000000;;
           }
          }
         }
        }
       }
      }
     }

     Frame Bip01_BackPack {
      

      FrameTransformMatrix {
       0.180560,0.080500,-0.980264,0.000000,0.047560,0.994764,0.090451,0.000000,0.982413,-0.062954,0.175786,0.000000,0.063697,0.000003,-0.088856,1.000000;;
      }
     }
    }

    Frame Bip01_L_Thigh {
     

     FrameTransformMatrix {
      -0.888504,0.030427,0.457858,0.000000,-0.032107,-0.999476,0.004114,0.000000,0.457744,-0.011045,0.889016,0.000000,-0.050843,0.055225,-0.008917,1.000000;;
     }

     Frame Bip01_L_Calf {
      

      FrameTransformMatrix {
       0.942235,-0.000000,-0.334952,0.000000,-0.000000,1.000000,-0.000000,0.000000,0.334952,-0.000000,0.942235,0.000000,0.237500,0.000000,-0.000000,1.000000;;
      }

      Frame Bip01_L_Foot {
       

       FrameTransformMatrix {
        0.924325,-0.026487,0.380687,0.000000,-0.068962,0.969570,0.234901,0.000000,-0.375325,-0.243378,0.894371,0.000000,0.206841,0.000000,0.000000,1.000000;;
       }

       Frame Bip01_L_Toe0 {
        

        FrameTransformMatrix {
         0.000000,0.000000,1.000000,0.000000,0.000000,1.000000,-0.000000,0.000000,-1.000000,0.000000,0.000000,0.000000,0.065373,0.000000,0.066450,1.000000;;
        }
       }
      }
     }
    }

    Frame Bip01_R_Thigh {
     

     FrameTransformMatrix {
      -0.996965,0.030321,-0.071704,0.000000,-0.029454,-0.999480,-0.013113,0.000000,-0.072065,-0.010961,0.997340,0.000000,-0.050843,-0.055225,-0.008917,1.000000;;
     }

     Frame Bip01_R_Calf {
      

      FrameTransformMatrix {
       0.730239,0.000000,-0.683192,0.000000,0.000000,1.000000,0.000000,0.000000,0.683192,0.000000,0.730239,0.000000,0.237500,0.000000,0.000000,1.000000;;
      }

      Frame Bip01_R_Foot {
       

       FrameTransformMatrix {
        0.991957,0.087165,-0.091782,0.000000,-0.093276,0.993546,-0.064539,0.000000,0.085565,0.072581,0.993685,0.000000,0.206841,-0.000000,0.000000,1.000000;;
       }

       Frame Bip01_R_Toe0 {
        

        FrameTransformMatrix {
         0.000000,0.000000,1.000000,0.000000,0.000000,1.000000,-0.000000,0.000000,-1.000000,0.000000,0.000000,0.000000,0.065373,0.000000,0.066450,1.000000;;
        }
       }
      }
     }
    }
   }

   Frame Bip01_DressFront {
    

    FrameTransformMatrix {
     -0.880185,-0.088339,0.466338,0.000000,0.121847,0.907542,0.401896,0.000000,-0.458725,0.410564,-0.788041,0.000000,-0.043935,0.001339,0.061057,1.000000;;
    }

    Frame Bip01_DressFront02 {
     

     FrameTransformMatrix {
      0.912593,0.000001,0.408870,0.000000,-0.000001,1.000000,-0.000000,0.000000,-0.408870,-0.000000,0.912593,0.000000,0.183378,-0.000000,-0.000120,1.000000;;
     }
    }
   }

   Frame Bip01_DressBack {
    

    FrameTransformMatrix {
     -0.886023,0.038029,0.462080,0.000000,0.191625,0.937561,0.290274,0.000000,-0.422190,0.345735,-0.837988,0.000000,-0.047673,-0.000048,-0.078302,1.000000;;
    }

    Frame Bip01_DressBack02 {
     

     FrameTransformMatrix {
      0.936852,0.174932,-0.302833,0.000000,-0.166408,0.984581,0.053939,0.000000,0.307600,-0.000139,0.951516,0.000000,0.176125,0.000000,-0.000103,1.000000;;
     }
    }
   }
  }

  Frame Bip01_Prop1 {
   

   FrameTransformMatrix {
    -0.233929,-0.108090,0.966227,0.000000,0.687222,0.684611,0.242967,0.000000,-0.687752,0.720849,-0.085868,0.000000,0.076452,-0.048658,-0.145664,1.000000;;
   }
  }

  Frame Bip01_Prop2 {
   

   FrameTransformMatrix {
    -0.163643,-0.967062,0.194966,0.000000,0.985576,-0.168906,-0.010564,0.000000,0.043147,0.190425,0.980753,0.000000,-0.138405,-0.102098,0.114818,1.000000;;
   }
  }
 }
}

Frame Translation_Data {
 

 FrameTransformMatrix {
  -0.000000,0.000000,-1.000000,0.000000,-1.000000,-0.000000,0.000000,0.000000,-0.000000,1.000000,0.000000,0.000000,0.000000,-0.000000,0.000000,1.000000;;
 }
}

Frame BowlingBallBag_LHand {
 

 FrameTransformMatrix {
  1.000000,0.000000,0.000000,0.000000,0.000000,1.000000,0.000000,0.000000,0.000000,0.000000,1.000000,0.000000,0.000000,0.000000,0.000000,1.000000;;
 }

 Mesh BowlingBallBag_LHand {
  384;
  0.592158;0.544884;0.116590;,
  0.646607;0.617104;0.012827;,
  0.640560;0.627257;0.111057;,
  0.598206;0.534732;0.018361;,
  0.460248;0.628955;0.085355;,
  0.505408;0.691284;0.010890;,
  0.464545;0.621742;0.015562;,
  0.501111;0.698497;0.080683;,
  0.586044;0.550861;0.152079;,
  0.589991;0.547451;0.135834;,
  0.586044;0.550861;0.152079;,
  0.592158;0.544884;0.116590;,
  0.598423;0.533295;-0.001119;,
  0.598206;0.534732;0.018361;,
  0.596520;0.533274;-0.018075;,
  0.596520;0.533274;-0.018075;,
  0.584019;0.540329;-0.022410;,
  0.596520;0.533274;-0.018075;,
  0.569397;0.548799;-0.024221;,
  0.480893;0.607686;-0.022868;,
  0.498789;0.594939;-0.027005;,
  0.469472;0.616610;-0.008678;,
  0.464545;0.621742;0.015562;,
  0.462131;0.628933;0.110547;,
  0.460248;0.628955;0.085355;,
  0.471632;0.623232;0.127536;,
  0.488733;0.611820;0.136325;,
  0.586044;0.550861;0.152079;,
  0.573197;0.558494;0.153335;,
  0.558571;0.566971;0.151593;,
  0.569397;0.548799;-0.024221;,
  0.542979;0.670143;-0.032057;,
  0.617799;0.631172;-0.029754;,
  0.498789;0.594939;-0.027005;,
  0.644922;0.615647;-0.023609;,
  0.646825;0.615668;-0.006653;,
  0.644922;0.615647;-0.023609;,
  0.646607;0.617104;0.012827;,
  0.638392;0.629823;0.130300;,
  0.640560;0.627257;0.111057;,
  0.634445;0.633234;0.146545;,
  0.634445;0.633234;0.146545;,
  0.621599;0.640866;0.147801;,
  0.634445;0.633234;0.146545;,
  0.606973;0.649344;0.146059;,
  0.514121;0.695541;0.122679;,
  0.532923;0.687025;0.131273;,
  0.503523;0.699376;0.105815;,
  0.501111;0.698497;0.080683;,
  0.510864;0.687053;-0.013410;,
  0.505408;0.691284;0.010890;,
  0.523382;0.679996;-0.027725;,
  0.542979;0.670143;-0.032057;,
  0.644922;0.615647;-0.023609;,
  0.632420;0.622702;-0.027944;,
  0.617799;0.631172;-0.029754;,
  0.606973;0.649344;0.146059;,
  0.488733;0.611820;0.136325;,
  0.558571;0.566971;0.151593;,
  0.532923;0.687025;0.131273;,
  0.510864;0.687053;-0.013410;,
  0.469472;0.616610;-0.008678;,
  0.462131;0.628933;0.110547;,
  0.503523;0.699376;0.105815;,
  0.523382;0.679996;-0.027725;,
  0.480893;0.607686;-0.022868;,
  0.471632;0.623232;0.127536;,
  0.514121;0.695541;0.122679;,
  0.634445;0.633234;0.146545;,
  0.586044;0.550861;0.152079;,
  0.634445;0.633234;0.146545;,
  0.586044;0.550861;0.152079;,
  0.596520;0.533274;-0.018075;,
  0.644922;0.615647;-0.023609;,
  0.596520;0.533274;-0.018075;,
  0.644922;0.615647;-0.023609;,
  0.634445;0.633234;0.146545;,
  0.586044;0.550861;0.152079;,
  0.596520;0.533274;-0.018075;,
  0.644922;0.615647;-0.023609;,
  0.638392;0.629823;0.130300;,
  0.589991;0.547451;0.135834;,
  0.598423;0.533295;-0.001119;,
  0.646825;0.615668;-0.006653;,
  0.621599;0.640866;0.147801;,
  0.573197;0.558494;0.153335;,
  0.584019;0.540329;-0.022410;,
  0.632420;0.622702;-0.027944;,
  0.589991;0.547451;0.135834;,
  0.638392;0.629823;0.130300;,
  0.646825;0.615668;-0.006653;,
  0.598423;0.533295;-0.001119;,
  0.471492;0.621012;0.081681;,
  0.468872;0.619087;0.091732;,
  0.469480;0.618067;0.081861;,
  0.468872;0.619087;0.091732;,
  0.471492;0.621012;0.081681;,
  0.470885;0.622032;0.091551;,
  0.463302;0.626543;0.080605;,
  0.460336;0.624029;0.090695;,
  0.462694;0.627563;0.090475;,
  0.460943;0.623009;0.080825;,
  0.471492;0.621012;0.081681;,
  0.462694;0.627563;0.090475;,
  0.470885;0.622032;0.091551;,
  0.463302;0.626543;0.080605;,
  0.470885;0.622032;0.091551;,
  0.460336;0.624029;0.090695;,
  0.468872;0.619087;0.091732;,
  0.460336;0.624029;0.090695;,
  0.470885;0.622032;0.091551;,
  0.462694;0.627563;0.090475;,
  0.468872;0.619087;0.091732;,
  0.460943;0.623009;0.080825;,
  0.469480;0.618067;0.081861;,
  0.460943;0.623009;0.080825;,
  0.468872;0.619087;0.091732;,
  0.460336;0.624029;0.090695;,
  0.469480;0.618067;0.081861;,
  0.463302;0.626543;0.080605;,
  0.471492;0.621012;0.081681;,
  0.463302;0.626543;0.080605;,
  0.469480;0.618067;0.081861;,
  0.460943;0.623009;0.080825;,
  0.475160;0.614855;0.022115;,
  0.473755;0.610890;0.012425;,
  0.475768;0.613835;0.012244;,
  0.473755;0.610890;0.012425;,
  0.475160;0.614855;0.022115;,
  0.473147;0.611910;0.022295;,
  0.466970;0.620386;0.021039;,
  0.465219;0.615832;0.011389;,
  0.464611;0.616852;0.021259;,
  0.465219;0.615832;0.011389;,
  0.466970;0.620386;0.021039;,
  0.467577;0.619366;0.011169;,
  0.475160;0.614855;0.022115;,
  0.467577;0.619366;0.011169;,
  0.466970;0.620386;0.021039;,
  0.475768;0.613835;0.012244;,
  0.475768;0.613835;0.012244;,
  0.465219;0.615832;0.011389;,
  0.467577;0.619366;0.011169;,
  0.473755;0.610890;0.012425;,
  0.473755;0.610890;0.012425;,
  0.464611;0.616852;0.021259;,
  0.465219;0.615832;0.011389;,
  0.473147;0.611910;0.022295;,
  0.473147;0.611910;0.022295;,
  0.466970;0.620386;0.021039;,
  0.464611;0.616852;0.021259;,
  0.475160;0.614855;0.022115;,
  0.464389;0.624322;0.079167;,
  0.461764;0.624287;0.093083;,
  0.462618;0.622853;0.079210;,
  0.463535;0.625756;0.093040;,
  0.451767;0.642435;0.076518;,
  0.449142;0.642400;0.090433;,
  0.450913;0.643869;0.090391;,
  0.449996;0.640966;0.076561;,
  0.463056;0.626306;0.092115;,
  0.463809;0.625043;0.079895;,
  0.452245;0.641885;0.077442;,
  0.451492;0.643148;0.089663;,
  0.462038;0.623574;0.079938;,
  0.461285;0.624837;0.092158;,
  0.449722;0.641680;0.089705;,
  0.450474;0.640416;0.077485;,
  0.467846;0.618519;0.023020;,
  0.466929;0.615616;0.009190;,
  0.468700;0.617085;0.009147;,
  0.466075;0.617050;0.023063;,
  0.455224;0.636631;0.020371;,
  0.454307;0.633729;0.006541;,
  0.453453;0.635163;0.020413;,
  0.456078;0.635198;0.006498;,
  0.468120;0.617805;0.009875;,
  0.467368;0.619069;0.022095;,
  0.455804;0.635911;0.019642;,
  0.456556;0.634648;0.007422;,
  0.465597;0.617600;0.022138;,
  0.466349;0.616337;0.009918;,
  0.454785;0.633179;0.007465;,
  0.454033;0.634442;0.019685;,
  0.513303;0.692168;0.076901;,
  0.514288;0.696377;0.086539;,
  0.512696;0.693188;0.086771;,
  0.514288;0.696377;0.086539;,
  0.513303;0.692168;0.076901;,
  0.514895;0.695357;0.076669;,
  0.504425;0.696527;0.075904;,
  0.505719;0.701264;0.085507;,
  0.506326;0.700243;0.075636;,
  0.505719;0.701264;0.085507;,
  0.504425;0.696527;0.075904;,
  0.503817;0.697548;0.085774;,
  0.513303;0.692168;0.076901;,
  0.503817;0.697548;0.085774;,
  0.504425;0.696527;0.075904;,
  0.512696;0.693188;0.086771;,
  0.512696;0.693188;0.086771;,
  0.505719;0.701264;0.085507;,
  0.503817;0.697548;0.085774;,
  0.505719;0.701264;0.085507;,
  0.512696;0.693188;0.086771;,
  0.514288;0.696377;0.086539;,
  0.514288;0.696377;0.086539;,
  0.506326;0.700243;0.075636;,
  0.505719;0.701264;0.085507;,
  0.506326;0.700243;0.075636;,
  0.514288;0.696377;0.086539;,
  0.514895;0.695357;0.076669;,
  0.514895;0.695357;0.076669;,
  0.504425;0.696527;0.075904;,
  0.506326;0.700243;0.075636;,
  0.504425;0.696527;0.075904;,
  0.514895;0.695357;0.076669;,
  0.513303;0.692168;0.076901;,
  0.516971;0.686011;0.017334;,
  0.519171;0.688180;0.007233;,
  0.518563;0.689200;0.017103;,
  0.519171;0.688180;0.007233;,
  0.516971;0.686011;0.017334;,
  0.517579;0.684991;0.007464;,
  0.508092;0.690371;0.016337;,
  0.510602;0.693067;0.006200;,
  0.508700;0.689351;0.006467;,
  0.510602;0.693067;0.006200;,
  0.508092;0.690371;0.016337;,
  0.509994;0.694087;0.016070;,
  0.516971;0.686011;0.017334;,
  0.508700;0.689351;0.006467;,
  0.517579;0.684991;0.007464;,
  0.508092;0.690371;0.016337;,
  0.517579;0.684991;0.007464;,
  0.510602;0.693067;0.006200;,
  0.519171;0.688180;0.007233;,
  0.510602;0.693067;0.006200;,
  0.517579;0.684991;0.007464;,
  0.508700;0.689351;0.006467;,
  0.519171;0.688180;0.007233;,
  0.509994;0.694087;0.016070;,
  0.518563;0.689200;0.017103;,
  0.509994;0.694087;0.016070;,
  0.519171;0.688180;0.007233;,
  0.510602;0.693067;0.006200;,
  0.518563;0.689200;0.017103;,
  0.508092;0.690371;0.016337;,
  0.516971;0.686011;0.017334;,
  0.508092;0.690371;0.016337;,
  0.518563;0.689200;0.017103;,
  0.509994;0.694087;0.016070;,
  0.506847;0.696580;0.074313;,
  0.506410;0.700268;0.087978;,
  0.505993;0.698014;0.088186;,
  0.507264;0.698834;0.074106;,
  0.484722;0.698519;0.072750;,
  0.484284;0.702207;0.086416;,
  0.485138;0.700773;0.072543;,
  0.483868;0.699953;0.086623;,
  0.505227;0.698073;0.087294;,
  0.505980;0.696810;0.075074;,
  0.485488;0.698460;0.073642;,
  0.484736;0.699723;0.085862;,
  0.506396;0.699064;0.074867;,
  0.505644;0.700327;0.087087;,
  0.485152;0.701976;0.085655;,
  0.485904;0.700713;0.073435;,
  0.510304;0.690777;0.018166;,
  0.511575;0.691597;0.004086;,
  0.510721;0.693030;0.017958;,
  0.511158;0.689343;0.004293;,
  0.488179;0.692716;0.016603;,
  0.489450;0.693536;0.002523;,
  0.489033;0.691282;0.002730;,
  0.488596;0.694970;0.016396;,
  0.510291;0.689573;0.005054;,
  0.509538;0.690836;0.017274;,
  0.489047;0.692485;0.015842;,
  0.489799;0.691222;0.003622;,
  0.509955;0.693090;0.017067;,
  0.510707;0.691827;0.004847;,
  0.490216;0.693476;0.003415;,
  0.489463;0.694739;0.015635;,
  0.455774;0.642122;0.088852;,
  0.450046;0.637250;0.079077;,
  0.456377;0.641110;0.079067;,
  0.449444;0.638261;0.088861;,
  0.426191;0.687970;0.069257;,
  0.422597;0.685826;0.041757;,
  0.426140;0.687987;0.041752;,
  0.422648;0.685809;0.069262;,
  0.426010;0.680220;0.015047;,
  0.429505;0.682351;0.015042;,
  0.460092;0.634873;0.018723;,
  0.454364;0.630002;0.008948;,
  0.460695;0.633862;0.008939;,
  0.454364;0.630002;0.008948;,
  0.460092;0.634873;0.018723;,
  0.453762;0.631013;0.018733;,
  0.421870;0.695450;0.076258;,
  0.418174;0.693078;0.040735;,
  0.417991;0.693085;0.076263;,
  0.421717;0.695238;0.040730;,
  0.422305;0.685843;0.006197;,
  0.426184;0.688208;0.006191;,
  0.426191;0.687970;0.069257;,
  0.421717;0.695238;0.040730;,
  0.421870;0.695450;0.076258;,
  0.426140;0.687987;0.041752;,
  0.426184;0.688208;0.006191;,
  0.429505;0.682351;0.015042;,
  0.426010;0.680220;0.015047;,
  0.418174;0.693078;0.040735;,
  0.422305;0.685843;0.006197;,
  0.422597;0.685826;0.041757;,
  0.417991;0.693085;0.076263;,
  0.422648;0.685809;0.069262;,
  0.449444;0.638261;0.088861;,
  0.455774;0.642122;0.088852;,
  0.450046;0.637250;0.079077;,
  0.449444;0.638261;0.088861;,
  0.456377;0.641110;0.079067;,
  0.450046;0.637250;0.079077;,
  0.455774;0.642122;0.088852;,
  0.456377;0.641110;0.079067;,
  0.453762;0.631013;0.018733;,
  0.460092;0.634873;0.018723;,
  0.454364;0.630002;0.008948;,
  0.453762;0.631013;0.018733;,
  0.460695;0.633862;0.008939;,
  0.454364;0.630002;0.008948;,
  0.460092;0.634873;0.018723;,
  0.460695;0.633862;0.008939;,
  0.487633;0.696340;0.085210;,
  0.488505;0.702700;0.074680;,
  0.487902;0.703712;0.084465;,
  0.488235;0.695328;0.075425;,
  0.432182;0.698165;0.068572;,
  0.430684;0.699589;0.040832;,
  0.432333;0.702292;0.068155;,
  0.430533;0.695463;0.041250;,
  0.435670;0.696660;0.013942;,
  0.435521;0.692590;0.014354;,
  0.491951;0.689091;0.015081;,
  0.492823;0.695452;0.004551;,
  0.492220;0.696463;0.014336;,
  0.492823;0.695452;0.004551;,
  0.491951;0.689091;0.015081;,
  0.492553;0.688080;0.005296;,
  0.423968;0.699021;0.076018;,
  0.422151;0.699846;0.040281;,
  0.422000;0.695720;0.040698;,
  0.424133;0.703538;0.075561;,
  0.428447;0.696296;0.005495;,
  0.428282;0.691779;0.005951;,
  0.432182;0.698165;0.068572;,
  0.422000;0.695720;0.040698;,
  0.430533;0.695463;0.041250;,
  0.423968;0.699021;0.076018;,
  0.428282;0.691779;0.005951;,
  0.435521;0.692590;0.014354;,
  0.435670;0.696660;0.013942;,
  0.422151;0.699846;0.040281;,
  0.430684;0.699589;0.040832;,
  0.428447;0.696296;0.005495;,
  0.424133;0.703538;0.075561;,
  0.432333;0.702292;0.068155;,
  0.487902;0.703712;0.084465;,
  0.487633;0.696340;0.085210;,
  0.488505;0.702700;0.074680;,
  0.487902;0.703712;0.084465;,
  0.488235;0.695328;0.075425;,
  0.488505;0.702700;0.074680;,
  0.487633;0.696340;0.085210;,
  0.488235;0.695328;0.075425;,
  0.492220;0.696463;0.014336;,
  0.491951;0.689091;0.015081;,
  0.492823;0.695452;0.004551;,
  0.492220;0.696463;0.014336;,
  0.492553;0.688080;0.005296;,
  0.492823;0.695452;0.004551;,
  0.491951;0.689091;0.015081;,
  0.492553;0.688080;0.005296;;
  332;
  3;0,1,2;,
  3;1,0,3;,
  3;4,5,6;,
  3;5,4,7;,
  3;8,9,10;,
  3;8,11,9;,
  3;11,12,13;,
  3;11,14,12;,
  3;11,15,14;,
  3;15,16,17;,
  3;15,18,16;,
  3;11,18,15;,
  3;18,19,20;,
  3;18,21,19;,
  3;18,22,21;,
  3;11,22,18;,
  3;22,23,24;,
  3;22,25,23;,
  3;22,26,25;,
  3;11,26,22;,
  3;8,26,11;,
  3;27,26,8;,
  3;28,26,27;,
  3;29,26,28;,
  3;30,31,32;,
  3;31,30,33;,
  3;34,35,36;,
  3;34,37,35;,
  3;37,38,39;,
  3;37,40,38;,
  3;37,41,40;,
  3;41,42,43;,
  3;41,44,42;,
  3;37,44,41;,
  3;44,45,46;,
  3;44,47,45;,
  3;44,48,47;,
  3;37,48,44;,
  3;48,49,50;,
  3;48,51,49;,
  3;48,52,51;,
  3;37,52,48;,
  3;34,52,37;,
  3;53,52,34;,
  3;54,52,53;,
  3;55,52,54;,
  3;56,57,58;,
  3;57,56,59;,
  3;60,6,5;,
  3;6,60,61;,
  3;62,7,4;,
  3;7,62,63;,
  3;64,61,60;,
  3;61,64,65;,
  3;31,65,64;,
  3;65,31,33;,
  3;66,63,62;,
  3;63,66,67;,
  3;57,67,66;,
  3;67,57,59;,
  3;68,69,70;,
  3;69,68,71;,
  3;72,73,74;,
  3;73,72,75;,
  3;76,71,68;,
  3;71,76,77;,
  3;78,75,72;,
  3;75,78,79;,
  3;80,0,2;,
  3;0,80,81;,
  3;82,1,3;,
  3;1,82,83;,
  3;84,77,76;,
  3;77,84,85;,
  3;86,79,78;,
  3;79,86,87;,
  3;70,88,89;,
  3;88,70,69;,
  3;74,90,91;,
  3;90,74,73;,
  3;56,85,84;,
  3;85,56,58;,
  3;30,87,86;,
  3;87,30,32;,
  3;92,93,94;,
  3;95,96,97;,
  3;98,99,100;,
  3;99,98,101;,
  3;102,103,104;,
  3;103,102,105;,
  3;106,107,108;,
  3;109,110,111;,
  3;112,113,114;,
  3;115,116,117;,
  3;118,119,120;,
  3;121,122,123;,
  3;124,125,126;,
  3;127,128,129;,
  3;130,131,132;,
  3;133,134,135;,
  3;136,137,138;,
  3;137,136,139;,
  3;140,141,142;,
  3;141,140,143;,
  3;144,145,146;,
  3;145,144,147;,
  3;148,149,150;,
  3;149,148,151;,
  3;152,153,154;,
  3;153,152,155;,
  3;156,157,158;,
  3;157,156,159;,
  3;152,160,155;,
  3;160,152,161;,
  3;152,162,161;,
  3;162,152,156;,
  3;160,158,155;,
  3;158,160,163;,
  3;162,158,163;,
  3;158,162,156;,
  3;155,157,153;,
  3;157,155,158;,
  3;153,164,154;,
  3;164,153,165;,
  3;153,166,165;,
  3;166,153,157;,
  3;164,159,154;,
  3;159,164,167;,
  3;166,159,167;,
  3;159,166,157;,
  3;154,156,152;,
  3;156,154,159;,
  3;167,161,162;,
  3;161,167,164;,
  3;166,162,163;,
  3;162,166,167;,
  3;160,166,163;,
  3;166,160,165;,
  3;165,161,164;,
  3;161,165,160;,
  3;168,169,170;,
  3;169,168,171;,
  3;172,173,174;,
  3;173,172,175;,
  3;168,176,177;,
  3;176,168,170;,
  3;168,178,172;,
  3;178,168,177;,
  3;176,175,179;,
  3;175,176,170;,
  3;178,175,172;,
  3;175,178,179;,
  3;170,173,175;,
  3;173,170,169;,
  3;169,180,181;,
  3;180,169,171;,
  3;169,182,173;,
  3;182,169,181;,
  3;180,174,183;,
  3;174,180,171;,
  3;182,174,173;,
  3;174,182,183;,
  3;171,172,174;,
  3;172,171,168;,
  3;183,177,180;,
  3;177,183,178;,
  3;182,178,183;,
  3;178,182,179;,
  3;176,182,181;,
  3;182,176,179;,
  3;181,177,176;,
  3;177,181,180;,
  3;184,185,186;,
  3;187,188,189;,
  3;190,191,192;,
  3;193,194,195;,
  3;196,197,198;,
  3;197,196,199;,
  3;200,201,202;,
  3;203,204,205;,
  3;206,207,208;,
  3;209,210,211;,
  3;212,213,214;,
  3;215,216,217;,
  3;218,219,220;,
  3;221,222,223;,
  3;224,225,226;,
  3;227,228,229;,
  3;230,231,232;,
  3;231,230,233;,
  3;234,235,236;,
  3;237,238,239;,
  3;240,241,242;,
  3;243,244,245;,
  3;246,247,248;,
  3;249,250,251;,
  3;252,253,254;,
  3;253,252,255;,
  3;256,257,258;,
  3;257,256,259;,
  3;252,260,261;,
  3;260,252,254;,
  3;252,262,256;,
  3;262,252,261;,
  3;260,259,263;,
  3;259,260,254;,
  3;262,259,256;,
  3;259,262,263;,
  3;254,257,259;,
  3;257,254,253;,
  3;253,264,265;,
  3;264,253,255;,
  3;253,266,257;,
  3;266,253,265;,
  3;264,258,267;,
  3;258,264,255;,
  3;266,258,257;,
  3;258,266,267;,
  3;255,256,258;,
  3;256,255,252;,
  3;267,261,264;,
  3;261,267,262;,
  3;266,262,267;,
  3;262,266,263;,
  3;260,266,265;,
  3;266,260,263;,
  3;265,261,260;,
  3;261,265,264;,
  3;268,269,270;,
  3;269,268,271;,
  3;272,273,274;,
  3;273,272,275;,
  3;268,276,271;,
  3;276,268,277;,
  3;268,278,277;,
  3;278,268,272;,
  3;276,274,271;,
  3;274,276,279;,
  3;278,274,279;,
  3;274,278,272;,
  3;271,273,269;,
  3;273,271,274;,
  3;269,280,270;,
  3;280,269,281;,
  3;269,282,281;,
  3;282,269,273;,
  3;280,275,270;,
  3;275,280,283;,
  3;282,275,283;,
  3;275,282,273;,
  3;270,272,268;,
  3;272,270,275;,
  3;283,277,278;,
  3;277,283,280;,
  3;282,278,279;,
  3;278,282,283;,
  3;276,282,279;,
  3;282,276,281;,
  3;281,277,280;,
  3;277,281,276;,
  3;284,285,286;,
  3;285,284,287;,
  3;288,289,290;,
  3;289,288,291;,
  3;290,292,293;,
  3;292,290,289;,
  3;294,295,296;,
  3;297,298,299;,
  3;300,301,302;,
  3;301,300,303;,
  3;303,304,301;,
  3;304,303,305;,
  3;306,307,308;,
  3;307,306,309;,
  3;309,310,307;,
  3;310,309,311;,
  3;312,313,314;,
  3;313,312,315;,
  3;315,316,313;,
  3;316,315,317;,
  3;300,318,319;,
  3;318,300,302;,
  3;316,320,321;,
  3;320,316,317;,
  3;291,322,323;,
  3;322,291,288;,
  3;306,324,325;,
  3;324,306,308;,
  3;293,326,327;,
  3;326,293,292;,
  3;312,328,329;,
  3;328,312,314;,
  3;304,330,331;,
  3;330,304,305;,
  3;310,332,333;,
  3;332,310,311;,
  3;334,335,336;,
  3;335,334,337;,
  3;338,339,340;,
  3;339,338,341;,
  3;341,342,339;,
  3;342,341,343;,
  3;344,345,346;,
  3;347,348,349;,
  3;350,351,352;,
  3;351,350,353;,
  3;352,354,355;,
  3;354,352,351;,
  3;356,357,358;,
  3;357,356,359;,
  3;358,360,361;,
  3;360,358,357;,
  3;362,363,364;,
  3;363,362,365;,
  3;364,366,367;,
  3;366,364,363;,
  3;350,368,353;,
  3;368,350,369;,
  3;366,370,367;,
  3;370,366,371;,
  3;340,372,338;,
  3;372,340,373;,
  3;356,374,359;,
  3;374,356,375;,
  3;343,376,342;,
  3;376,343,377;,
  3;362,378,365;,
  3;378,362,379;,
  3;354,380,355;,
  3;380,354,381;,
  3;360,382,361;,
  3;382,360,383;;

  MeshNormals {
   384;
   0.858367;-0.495422;0.133279;,
   0.861914;-0.501375;0.075672;,
   0.858367;-0.495422;0.133280;,
   0.861915;-0.501375;0.075670;,
   -0.862582;0.505544;-0.019460;,
   -0.852154;0.488039;-0.188814;,
   -0.852154;0.488040;-0.188814;,
   -0.862581;0.505544;-0.019460;,
   -0.534668;-0.843585;0.049956;,
   -0.505730;-0.860751;0.057832;,
   1.000000;0.000000;0.000000;,
   -0.537820;-0.841442;0.052206;,
   -0.505761;-0.860734;0.057823;,
   -0.505814;-0.860703;0.057817;,
   -0.505760;-0.860734;0.057823;,
   -0.505764;-0.860732;0.057822;,
   -0.505764;-0.860733;0.057817;,
   1.000000;0.000000;0.000000;,
   -0.532762;-0.843790;0.064669;,
   -0.551017;-0.830109;0.085438;,
   -0.543166;-0.820446;0.178437;,
   -0.553109;-0.830409;0.067018;,
   -0.551916;-0.832014;0.056043;,
   -0.576284;-0.815890;0.047127;,
   -0.606785;-0.793610;0.044665;,
   -0.571852;-0.819004;0.047094;,
   -0.548106;-0.835540;0.038111;,
   -0.515558;-0.850313;-0.105679;,
   -0.513491;-0.850252;-0.115754;,
   -0.392894;-0.778459;-0.489527;,
   0.030383;-0.084760;-0.995938;,
   -0.094794;-0.011172;-0.995434;,
   0.030382;-0.084759;-0.995938;,
   -0.094793;-0.011173;-0.995434;,
   0.475735;0.877733;-0.057111;,
   0.505773;0.860727;-0.057820;,
   1.000000;0.000000;0.000000;,
   0.472786;0.879125;-0.060104;,
   0.505745;0.860743;-0.057827;,
   0.505655;0.860795;-0.057839;,
   0.505746;0.860742;-0.057826;,
   0.505765;0.860731;-0.057823;,
   0.505766;0.860732;-0.057810;,
   1.000000;0.000000;0.000000;,
   0.479476;0.874667;-0.071142;,
   0.462691;0.881288;-0.096165;,
   0.474903;0.860001;-0.186722;,
   0.458629;0.885154;-0.078493;,
   0.458607;0.886081;-0.067376;,
   0.431453;0.899811;-0.064718;,
   0.397217;0.915042;-0.070120;,
   0.436243;0.897581;-0.063567;,
   0.460239;0.886454;-0.048783;,
   0.462705;0.880938;0.099263;,
   0.461835;0.880183;0.109480;,
   0.391009;0.779583;0.489247;,
   -0.091802;0.120348;0.988478;,
   -0.215057;0.190712;0.957799;,
   -0.091801;0.120348;0.988478;,
   -0.215058;0.190712;0.957799;,
   -0.755508;0.409585;-0.511319;,
   -0.755509;0.409586;-0.511318;,
   -0.806790;0.495671;0.321558;,
   -0.806789;0.495671;0.321561;,
   -0.419923;0.187087;-0.888067;,
   -0.419922;0.187086;-0.888068;,
   -0.522237;0.358838;0.773631;,
   -0.522235;0.358837;0.773632;,
   1.000000;0.000000;0.000000;,
   0.831078;-0.468173;0.300207;,
   0.831078;-0.468173;0.300207;,
   1.000000;0.000000;0.000000;,
   1.000000;0.000000;0.000000;,
   0.855435;-0.509057;-0.095357;,
   0.855435;-0.509057;-0.095353;,
   1.000000;0.000000;0.000000;,
   0.101529;0.007172;0.994807;,
   0.101526;0.007174;0.994807;,
   0.221614;-0.194413;-0.955558;,
   0.221616;-0.194415;-0.955557;,
   0.845438;-0.481216;0.231657;,
   0.845439;-0.481216;0.231656;,
   0.861203;-0.507677;-0.024358;,
   0.861203;-0.507677;-0.024358;,
   0.021168;0.054625;0.998283;,
   0.021167;0.054626;0.998283;,
   0.142874;-0.149678;-0.978358;,
   0.142874;-0.149678;-0.978358;,
   0.845439;-0.481216;0.231656;,
   0.845438;-0.481216;0.231657;,
   0.861203;-0.507677;-0.024358;,
   0.861203;-0.507677;-0.024358;,
   0.823862;-0.556362;0.108230;,
   0.823862;-0.556362;0.108230;,
   0.823862;-0.556362;0.108230;,
   0.823868;-0.556352;0.108233;,
   0.823868;-0.556352;0.108233;,
   0.823868;-0.556352;0.108233;,
   -0.830016;0.547249;-0.107665;,
   -0.830016;0.547249;-0.107665;,
   -0.830016;0.547249;-0.107665;,
   -0.830016;0.547249;-0.107664;,
   0.563469;0.824590;-0.050535;,
   0.563469;0.824590;-0.050535;,
   0.563471;0.824589;-0.050532;,
   0.563467;0.824591;-0.050537;,
   -0.061129;0.102621;0.992841;,
   -0.061129;0.102621;0.992841;,
   -0.061129;0.102621;0.992841;,
   -0.061129;0.102623;0.992840;,
   -0.061129;0.102623;0.992840;,
   -0.061129;0.102623;0.992840;,
   -0.505454;-0.860911;0.057866;,
   -0.505454;-0.860911;0.057866;,
   -0.505454;-0.860911;0.057866;,
   -0.505451;-0.860913;0.057863;,
   -0.505451;-0.860913;0.057863;,
   -0.505451;-0.860913;0.057863;,
   0.061129;-0.102621;-0.992841;,
   0.061129;-0.102621;-0.992841;,
   0.061129;-0.102621;-0.992841;,
   0.061131;-0.102619;-0.992841;,
   0.061131;-0.102619;-0.992841;,
   0.061131;-0.102619;-0.992841;,
   0.823876;-0.556340;0.108226;,
   0.823876;-0.556340;0.108226;,
   0.823876;-0.556340;0.108226;,
   0.823873;-0.556345;0.108229;,
   0.823873;-0.556345;0.108229;,
   0.823873;-0.556345;0.108229;,
   -0.830018;0.547245;-0.107667;,
   -0.830018;0.547245;-0.107667;,
   -0.830018;0.547245;-0.107667;,
   -0.830010;0.547257;-0.107674;,
   -0.830010;0.547257;-0.107674;,
   -0.830010;0.547257;-0.107674;,
   0.563478;0.824584;-0.050535;,
   0.563477;0.824584;-0.050535;,
   0.563477;0.824585;-0.050535;,
   0.563478;0.824584;-0.050536;,
   0.061130;-0.102619;-0.992841;,
   0.061130;-0.102619;-0.992841;,
   0.061130;-0.102619;-0.992841;,
   0.061130;-0.102619;-0.992841;,
   -0.505454;-0.860911;0.057866;,
   -0.505454;-0.860911;0.057866;,
   -0.505454;-0.860911;0.057866;,
   -0.505453;-0.860911;0.057866;,
   -0.061130;0.102616;0.992841;,
   -0.061130;0.102616;0.992841;,
   -0.061130;0.102616;0.992841;,
   -0.061131;0.102616;0.992841;,
   0.846944;-0.149889;-0.510117;,
   -0.130955;-0.744468;0.654689;,
   -0.058587;-0.864161;-0.499794;,
   0.776788;-0.030770;0.629010;,
   0.129693;0.744856;-0.654500;,
   -0.846969;0.148531;0.510473;,
   0.059902;0.863832;0.500207;,
   -0.776810;0.032178;-0.628913;,
   0.545685;0.736326;-0.400066;,
   0.503318;0.806778;0.309486;,
   0.899708;0.342927;0.270049;,
   0.931812;0.289860;-0.218422;,
   -0.930061;-0.292000;0.222987;,
   -0.901972;-0.339993;-0.266180;,
   -0.502188;-0.809219;-0.304914;,
   -0.547250;-0.733032;0.403956;,
   0.776815;-0.032167;0.628907;,
   -0.059851;-0.863832;-0.500212;,
   0.846959;-0.148538;-0.510487;,
   -0.129689;-0.744854;0.654503;,
   0.058610;0.864158;0.499796;,
   -0.776801;0.030775;-0.628994;,
   -0.846949;0.149893;0.510108;,
   0.130969;0.744456;-0.654700;,
   0.502254;0.809198;0.304859;,
   0.547234;0.733037;-0.403970;,
   0.930060;0.291999;-0.222990;,
   0.901968;0.339999;0.266186;,
   -0.899707;-0.342928;-0.270051;,
   -0.931804;-0.289910;0.218390;,
   -0.545664;-0.736333;0.400081;,
   -0.503278;-0.806791;-0.309516;,
   0.893097;-0.438536;0.100321;,
   0.893097;-0.438536;0.100321;,
   0.893097;-0.438536;0.100321;,
   0.893105;-0.438520;0.100313;,
   0.893105;-0.438520;0.100313;,
   0.893105;-0.438520;0.100313;,
   -0.888596;0.447443;-0.100954;,
   -0.888596;0.447443;-0.100954;,
   -0.888596;0.447443;-0.100954;,
   -0.888584;0.447464;-0.100966;,
   -0.888584;0.447464;-0.100966;,
   -0.888584;0.447464;-0.100966;,
   -0.445673;-0.892844;0.064844;,
   -0.445673;-0.892844;0.064844;,
   -0.445666;-0.892847;0.064853;,
   -0.445680;-0.892842;0.064835;,
   -0.061129;0.102619;0.992841;,
   -0.061129;0.102619;0.992841;,
   -0.061129;0.102619;0.992841;,
   -0.061125;0.102623;0.992841;,
   -0.061125;0.102623;0.992841;,
   -0.061125;0.102623;0.992841;,
   0.499820;0.864148;-0.058541;,
   0.499820;0.864148;-0.058541;,
   0.499820;0.864148;-0.058541;,
   0.499819;0.864149;-0.058539;,
   0.499819;0.864149;-0.058539;,
   0.499819;0.864149;-0.058539;,
   0.061132;-0.102618;-0.992841;,
   0.061132;-0.102618;-0.992841;,
   0.061132;-0.102618;-0.992841;,
   0.061132;-0.102616;-0.992841;,
   0.061132;-0.102616;-0.992841;,
   0.061132;-0.102616;-0.992841;,
   0.893101;-0.438528;0.100317;,
   0.893101;-0.438528;0.100317;,
   0.893101;-0.438528;0.100317;,
   0.893105;-0.438520;0.100320;,
   0.893105;-0.438520;0.100320;,
   0.893105;-0.438520;0.100320;,
   -0.888596;0.447443;-0.100954;,
   -0.888596;0.447443;-0.100954;,
   -0.888596;0.447443;-0.100954;,
   -0.888610;0.447413;-0.100966;,
   -0.888610;0.447413;-0.100966;,
   -0.888610;0.447413;-0.100966;,
   -0.445688;-0.892837;0.064841;,
   -0.445688;-0.892837;0.064841;,
   -0.445690;-0.892836;0.064842;,
   -0.445686;-0.892838;0.064839;,
   0.061134;-0.102615;-0.992841;,
   0.061134;-0.102615;-0.992841;,
   0.061134;-0.102615;-0.992841;,
   0.061126;-0.102621;-0.992841;,
   0.061126;-0.102621;-0.992841;,
   0.061126;-0.102621;-0.992841;,
   0.499831;0.864143;-0.058536;,
   0.499831;0.864143;-0.058536;,
   0.499831;0.864143;-0.058536;,
   0.499827;0.864144;-0.058541;,
   0.499827;0.864144;-0.058541;,
   0.499827;0.864144;-0.058541;,
   -0.061132;0.102618;0.992841;,
   -0.061132;0.102618;0.992841;,
   -0.061132;0.102618;0.992841;,
   -0.061132;0.102617;0.992841;,
   -0.061132;0.102617;0.992841;,
   -0.061132;0.102617;0.992841;,
   0.514899;-0.715626;-0.471973;,
   0.622031;0.538284;0.568619;,
   0.443526;-0.598582;0.667072;,
   0.694115;0.417949;-0.586108;,
   -0.623020;-0.537296;-0.568471;,
   -0.513651;0.716379;0.472190;,
   -0.444766;0.597946;-0.666816;,
   -0.693159;-0.418869;0.586582;,
   -0.396483;-0.869745;-0.293845;,
   -0.437180;-0.795720;0.419170;,
   0.158111;-0.922043;0.353324;,
   0.191283;-0.972678;-0.131558;,
   -0.188233;0.972642;0.136149;,
   -0.161729;0.922961;-0.349265;,
   0.440203;0.796417;-0.414657;,
   0.393057;0.869818;0.298199;,
   0.444752;-0.597957;0.666816;,
   0.693176;0.418836;-0.586586;,
   0.623038;0.537266;0.568480;,
   0.513657;-0.716360;-0.472213;,
   -0.694122;-0.417943;0.586105;,
   -0.443502;0.598614;-0.667059;,
   -0.622045;-0.538248;-0.568638;,
   -0.514857;0.715677;0.471941;,
   -0.440140;-0.796478;0.414608;,
   -0.393069;-0.869816;-0.298189;,
   0.188241;-0.972639;-0.136160;,
