xof 0303txt 0032
template ColorRGBA {
 <35ff44e0-6c7c-11cf-8f52-0040333594a3>
 FLOAT red;
 FLOAT green;
 FLOAT blue;
 FLOAT alpha;
}

template ColorRGB {
 <d3e16e81-7835-11cf-8f52-0040333594a3>
 FLOAT red;
 FLOAT green;
 FLOAT blue;
}

template Material {
 <3d82ab4d-62da-11cf-ab39-0020af71e433>
 ColorRGBA faceColor;
 FLOAT power;
 ColorRGB specularColor;
 ColorRGB emissiveColor;
 [...]
}

template TextureFilename {
 <a42790e1-7810-11cf-8f52-0040333594a3>
 STRING filename;
}

template Frame {
 <3d82ab46-62da-11cf-ab39-0020af71e433>
 [...]
}

template Matrix4x4 {
 <f6f23f45-7686-11cf-8f52-0040333594a3>
 array FLOAT matrix[16];
}

template FrameTransformMatrix {
 <f6f23f41-7686-11cf-8f52-0040333594a3>
 Matrix4x4 frameMatrix;
}

template Vector {
 <3d82ab5e-62da-11cf-ab39-0020af71e433>
 FLOAT x;
 FLOAT y;
 FLOAT z;
}

template MeshFace {
 <3d82ab5f-62da-11cf-ab39-0020af71e433>
 DWORD nFaceVertexIndices;
 array DWORD faceVertexIndices[nFaceVertexIndices];
}

template Mesh {
 <3d82ab44-62da-11cf-ab39-0020af71e433>
 DWORD nVertices;
 array Vector vertices[nVertices];
 DWORD nFaces;
 array MeshFace faces[nFaces];
 [...]
}

template MeshNormals {
 <f6f23f43-7686-11cf-8f52-0040333594a3>
 DWORD nNormals;
 array Vector normals[nNormals];
 DWORD nFaceNormals;
 array MeshFace faceNormals[nFaceNormals];
}

template MeshMaterialList {
 <f6f23f42-7686-11cf-8f52-0040333594a3>
 DWORD nMaterials;
 DWORD nFaceIndexes;
 array DWORD faceIndexes[nFaceIndexes];
 [Material <3d82ab4d-62da-11cf-ab39-0020af71e433>]
}

template Coords2d {
 <f6f23f44-7686-11cf-8f52-0040333594a3>
 FLOAT u;
 FLOAT v;
}

template MeshTextureCoords {
 <f6f23f40-7686-11cf-8f52-0040333594a3>
 DWORD nTextureCoords;
 array Coords2d textureCoords[nTextureCoords];
}

template XSkinMeshHeader {
 <3cf169ce-ff7c-44ab-93c0-f78f62d172e2>
 WORD nMaxSkinWeightsPerVertex;
 WORD nMaxSkinWeightsPerFace;
 WORD nBones;
}

template SkinWeights {
 <6f0d123b-bad2-4167-a0d0-80224f25fabb>
 STRING transformNodeName;
 DWORD nWeights;
 array DWORD vertexIndices[nWeights];
 array FLOAT weights[nWeights];
 Matrix4x4 matrixOffset;
}

template AnimTicksPerSecond {
 <9e415a43-7ba6-4a73-8743-b73d47e88476>
 DWORD AnimTicksPerSecond;
}

template Animation {
 <3d82ab4f-62da-11cf-ab39-0020af71e433>
 [...]
}

template AnimationSet {
 <3d82ab50-62da-11cf-ab39-0020af71e433>
 [Animation <3d82ab4f-62da-11cf-ab39-0020af71e433>]
}

template FloatKeys {
 <10dd46a9-775b-11cf-8f52-0040333594a3>
 DWORD nValues;
 array FLOAT values[nValues];
}

template TimedFloatKeys {
 <f406b180-7b3b-11cf-8f52-0040333594a3>
 DWORD time;
 FloatKeys tfkeys;
}

template AnimationKey {
 <10dd46a8-775b-11cf-8f52-0040333594a3>
 DWORD keyType;
 DWORD nKeys;
 array TimedFloatKeys keys[nKeys];
}


Material Material__25 {
 1.000000;1.000000;1.000000;1.000000;;
 10.000000;
 0.000000;0.000000;0.000000;;
 0.000000;0.000000;0.000000;;

 TextureFilename {
  "DoctorBagL.png";
 }
}

Frame Dummy01 {
 

 FrameTransformMatrix {
  1.000000,0.000000,0.000000,0.000000,0.000000,-0.000000,-1.000000,0.000000,0.000000,1.000000,-0.000000,0.000000,0.000000,0.000000,0.000000,1.000000;;
 }

 Frame Bip01 {
  

  FrameTransformMatrix {
   -0.087155,0.982405,-0.165183,0.000000,-0.000001,0.165814,0.986157,0.000000,0.996195,0.085949,-0.014450,0.000000,-0.010000,-0.012284,0.490453,1.000000;;
  }

  Frame Bip01_Pelvis {
   

   FrameTransformMatrix {
    0.000000,1.000000,-0.000001,0.000000,-0.000001,0.000001,1.000000,0.000000,1.000000,0.000000,0.000001,0.000000,0.000000,0.000000,0.000000,1.000000;;
   }

   Frame Bip01_Spine {
    

    FrameTransformMatrix {
     0.984686,0.000002,-0.174337,0.000000,-0.000001,1.000000,0.000004,0.000000,0.174337,-0.000004,0.984686,0.000000,0.051619,0.000000,-0.000083,1.000000;;
    }

    Frame Bip01_Spine1 {
     

     FrameTransformMatrix {
      0.997819,0.052687,0.039774,0.000000,-0.044862,0.983198,-0.176942,0.000000,-0.048428,0.174771,0.983417,0.000000,0.106484,-0.000015,-0.000083,1.000000;;
     }

     Frame Bip01_Neck {
      

      FrameTransformMatrix {
       0.966067,-0.020835,0.257451,0.000000,0.025191,0.999590,-0.013632,0.000000,-0.257061,0.019655,0.966195,0.000000,0.130511,-0.000001,0.004626,1.000000;;
      }

      Frame Bip01_Head {
       

       FrameTransformMatrix {
        0.989321,-0.051753,-0.136255,0.000000,0.064251,0.993958,0.088989,0.000000,0.130826,-0.096793,0.986669,0.000000,0.033674,-0.000000,-0.000000,1.000000;;
       }
      }

      Frame Bip01_L_Clavicle {
       

       FrameTransformMatrix {
        -0.205975,0.976135,0.068811,0.000000,0.943873,0.216738,-0.249254,0.000000,-0.258220,0.013609,-0.965990,0.000000,-0.024734,0.015166,0.002017,1.000000;;
       }

       Frame Bip01_L_UpperArm {
        

        FrameTransformMatrix {
         0.385871,-0.777669,0.496320,0.000000,0.922466,0.332598,-0.196046,0.000000,-0.012616,0.533487,0.845714,0.000000,0.087086,-0.000000,0.000000,1.000000;;
        }

        Frame Bip01_L_Forearm {
         

         FrameTransformMatrix {
          0.943939,0.000000,-0.330119,0.000000,0.000000,1.000000,-0.000000,0.000000,0.330119,-0.000000,0.943939,0.000000,0.137062,-0.000000,0.000000,1.000000;;
         }

         Frame Bip01_L_Hand {
          

          FrameTransformMatrix {
           1.000000,-0.000000,0.000000,0.000000,0.000000,0.000796,1.000000,0.000000,0.000000,-1.000000,0.000796,0.000000,0.137062,0.000000,0.000000,1.000000;;
          }

          Frame Bip01_L_Finger0 {
           

           FrameTransformMatrix {
            0.690342,-0.181727,0.700288,0.000000,0.558537,0.749101,-0.356210,0.000000,-0.459853,0.637043,0.618637,0.000000,0.057681,-0.023605,-0.000272,1.000000;;
           }
          }

          Frame Bip01_L_Finger1 {
           

           FrameTransformMatrix {
            0.728079,-0.000546,0.685493,0.000000,0.000000,1.000000,0.000796,0.000000,-0.685493,-0.000580,0.728079,0.000000,0.084102,0.000000,0.000000,1.000000;;
           }
          }
         }
        }
       }
      }

      Frame Bip01_R_Clavicle {
       

       FrameTransformMatrix {
        -0.028509,-0.999573,-0.006461,0.000000,-0.965665,0.025871,0.258498,0.000000,-0.258220,0.013609,-0.965990,0.000000,-0.024080,-0.016250,0.001399,1.000000;;
       }

       Frame Bip01_R_UpperArm {
        

        FrameTransformMatrix {
         0.221390,0.975047,0.016433,0.000000,-0.974986,0.221654,-0.016512,0.000000,-0.019742,-0.012366,0.999729,0.000000,0.087086,0.000000,0.000000,1.000000;;
        }

        Frame Bip01_R_Forearm {
         

         FrameTransformMatrix {
          0.915660,-0.000000,-0.401954,0.000000,-0.000000,1.000000,-0.000000,0.000000,0.401954,-0.000000,0.915660,0.000000,0.137062,0.000000,0.000000,1.000000;;
         }

         Frame Bip01_R_Hand {
          

          FrameTransformMatrix {
           0.975195,-0.000000,-0.221346,0.000000,-0.221346,0.000796,-0.975195,0.000000,0.000176,1.000000,0.000777,0.000000,0.137062,-0.000000,0.000000,1.000000;;
          }

          Frame Bip01_R_Finger0 {
           

           FrameTransformMatrix {
            0.417774,-0.116941,0.900994,0.000000,-0.558537,0.749101,0.356210,0.000000,-0.716591,-0.652054,0.247639,0.000000,0.057681,0.023605,-0.000272,1.000000;;
           }
          }

          Frame Bip01_R_Finger1 {
           

           FrameTransformMatrix {
            0.352436,0.000745,0.935835,0.000000,0.000000,1.000000,-0.000796,0.000000,-0.935836,0.000281,0.352436,0.000000,0.084102,0.000000,0.000000,1.000000;;
           }
          }
         }
        }
       }
      }
     }

     Frame Bip01_BackPack {
      

      FrameTransformMatrix {
       0.180560,0.080500,-0.980264,0.000000,0.047560,0.994764,0.090451,0.000000,0.982413,-0.062954,0.175786,0.000000,0.063697,0.000003,-0.088856,1.000000;;
      }
     }
    }

    Frame Bip01_L_Thigh {
     

     FrameTransformMatrix {
      -0.888504,0.030427,0.457858,0.000000,-0.032107,-0.999476,0.004114,0.000000,0.457744,-0.011045,0.889016,0.000000,-0.050843,0.055225,-0.008917,1.000000;;
     }

     Frame Bip01_L_Calf {
      

      FrameTransformMatrix {
       0.942235,-0.000000,-0.334952,0.000000,-0.000000,1.000000,-0.000000,0.000000,0.334952,-0.000000,0.942235,0.000000,0.237500,0.000000,-0.000000,1.000000;;
      }

      Frame Bip01_L_Foot {
       

       FrameTransformMatrix {
        0.924325,-0.026487,0.380687,0.000000,-0.068962,0.969570,0.234901,0.000000,-0.375325,-0.243378,0.894371,0.000000,0.206841,-0.000000,0.000000,1.000000;;
       }

       Frame Bip01_L_Toe0 {
        

        FrameTransformMatrix {
         0.000000,0.000000,1.000000,0.000000,0.000000,1.000000,-0.000000,0.000000,-1.000000,0.000000,0.000000,0.000000,0.065373,0.000000,0.066450,1.000000;;
        }
       }
      }
     }
    }

    Frame Bip01_R_Thigh {
     

     FrameTransformMatrix {
      -0.996965,0.030321,-0.071704,0.000000,-0.029454,-0.999480,-0.013113,0.000000,-0.072065,-0.010961,0.997340,0.000000,-0.050843,-0.055225,-0.008917,1.000000;;
     }

     Frame Bip01_R_Calf {
      

      FrameTransformMatrix {
       0.730239,0.000000,-0.683192,0.000000,0.000000,1.000000,0.000000,0.000000,0.683192,0.000000,0.730239,0.000000,0.237500,0.000000,0.000000,1.000000;;
      }

      Frame Bip01_R_Foot {
       

       FrameTransformMatrix {
        0.991957,0.087165,-0.091782,0.000000,-0.093276,0.993546,-0.064539,0.000000,0.085565,0.072581,0.993685,0.000000,0.206841,-0.000000,0.000000,1.000000;;
       }

       Frame Bip01_R_Toe0 {
        

        FrameTransformMatrix {
         0.000000,0.000000,1.000000,0.000000,0.000000,1.000000,-0.000000,0.000000,-1.000000,0.000000,0.000000,0.000000,0.065373,0.000000,0.066450,1.000000;;
        }
       }
      }
     }
    }
   }

   Frame Bip01_DressFront {
    

    FrameTransformMatrix {
     -0.880185,-0.088339,0.466338,0.000000,0.121847,0.907542,0.401896,0.000000,-0.458725,0.410564,-0.788041,0.000000,-0.043935,0.001339,0.061057,1.000000;;
    }

    Frame Bip01_DressFront02 {
     

     FrameTransformMatrix {
      0.912593,0.000001,0.408870,0.000000,-0.000001,1.000000,-0.000000,0.000000,-0.408870,-0.000000,0.912593,0.000000,0.183378,-0.000000,-0.000120,1.000000;;
     }
    }
   }

   Frame Bip01_DressBack {
    

    FrameTransformMatrix {
     -0.886023,0.038029,0.462080,0.000000,0.191625,0.937561,0.290274,0.000000,-0.422190,0.345735,-0.837988,0.000000,-0.047673,-0.000048,-0.078302,1.000000;;
    }

    Frame Bip01_DressBack02 {
     

     FrameTransformMatrix {
      0.936852,0.174932,-0.302833,0.000000,-0.166408,0.984581,0.053939,0.000000,0.307600,-0.000139,0.951516,0.000000,0.176125,0.000000,-0.000103,1.000000;;
     }
    }
   }
  }

  Frame Bip01_Prop1 {
   

   FrameTransformMatrix {
    -0.233929,-0.108090,0.966227,0.000000,0.687222,0.684611,0.242967,0.000000,-0.687752,0.720849,-0.085868,0.000000,0.076452,-0.048658,-0.145664,1.000000;;
   }
  }

  Frame Bip01_Prop2 {
   

   FrameTransformMatrix {
    -0.163643,-0.967062,0.194966,0.000000,0.985576,-0.168906,-0.010564,0.000000,0.043147,0.190425,0.980753,0.000000,-0.138405,-0.102098,0.114818,1.000000;;
   }
  }
 }
}

Frame Translation_Data {
 

 FrameTransformMatrix {
  -0.000000,0.000000,-1.000000,0.000000,-1.000000,-0.000000,0.000000,0.000000,-0.000000,1.000000,0.000000,0.000000,0.000000,-0.000000,0.000000,1.000000;;
 }
}

Frame DoctorBag_RHand {
 

 FrameTransformMatrix {
  1.000000,0.000000,0.000000,0.000000,0.000000,1.000000,0.000000,0.000000,0.000000,0.000000,1.000000,0.000000,0.000000,0.000000,0.000000,1.000000;;
 }

 Mesh DoctorBag_RHand {
  425;
  -0.556824;0.575805;-0.031045;,
  -0.573602;0.666958;0.158504;,
  -0.593393;0.640434;-0.036134;,
  -0.537033;0.602329;0.163593;,
  -0.438169;0.706303;0.130217;,
  -0.449494;0.670440;-0.045700;,
  -0.456150;0.682204;-0.046627;,
  -0.431513;0.694540;0.131143;,
  -0.530883;0.686348;-0.056687;,
  -0.476411;0.676988;-0.050204;,
  -0.522406;0.673233;-0.040656;,
  -0.450688;0.663431;-0.043215;,
  -0.447791;0.642794;0.146761;,
  -0.467193;0.616743;-0.043510;,
  -0.432985;0.687157;0.130890;,
  -0.462576;0.632006;0.159918;,
  -0.444947;0.681160;0.140681;,
  -0.473445;0.643802;0.144310;,
  -0.445212;0.708766;0.129189;,
  -0.511135;0.694620;-0.049638;,
  -0.491917;0.720570;0.140665;,
  -0.462915;0.685040;-0.044916;,
  -0.585300;0.669563;-0.040926;,
  -0.531011;0.715144;0.147610;,
  -0.550652;0.688686;-0.047055;,
  -0.565509;0.696087;0.153712;,
  -0.507775;0.672063;0.145117;,
  -0.485607;0.664685;0.140712;,
  -0.492263;0.676449;0.139786;,
  -0.497730;0.654310;0.146516;,
  -0.507672;0.593870;0.161760;,
  -0.492951;0.586376;-0.038983;,
  -0.473023;0.612993;0.155631;,
  -0.527463;0.567346;-0.032878;,
  -0.516336;0.629374;-0.036464;,
  -0.510245;0.652349;-0.037058;,
  -0.503588;0.640586;-0.036132;,
  -0.526381;0.647128;-0.037862;,
  -0.463611;0.662650;-0.043203;,
  -0.458422;0.680950;-0.046225;,
  -0.451766;0.669187;-0.045298;,
  -0.470267;0.674413;-0.044130;,
  -0.512914;0.686957;-0.056543;,
  -0.473878;0.678386;-0.050652;,
  -0.545639;0.667078;-0.045370;,
  -0.548191;0.680430;-0.054398;,
  -0.464184;0.655379;-0.048502;,
  -0.474132;0.618418;-0.051146;,
  -0.483936;0.603379;-0.050154;,
  -0.461651;0.656777;-0.048950;,
  -0.452285;0.698512;0.132714;,
  -0.433784;0.693286;0.131545;,
  -0.440441;0.705049;0.130619;,
  -0.445629;0.686749;0.133640;,
  -0.453178;0.646501;0.154933;,
  -0.442414;0.682558;0.140233;,
  -0.476677;0.620590;0.163186;,
  -0.521257;0.600258;0.170263;,
  -0.509647;0.602380;0.168793;,
  -0.488832;0.628643;0.155856;,
  -0.457174;0.702768;0.138979;,
  -0.491960;0.715041;0.149537;,
  -0.509522;0.714976;0.153385;,
  -0.454641;0.704166;0.138531;,
  -0.480705;0.634871;0.148312;,
  -0.525700;0.693801;0.150725;,
  -0.515676;0.696675;0.143446;,
  -0.534455;0.671507;-0.041242;,
  -0.508771;0.601920;-0.040239;,
  -0.499485;0.609702;-0.036376;,
  -0.491820;0.619176;-0.036400;,
  -0.503588;0.640586;-0.036132;,
  -0.510245;0.652349;-0.037058;,
  -0.492263;0.676449;0.139786;,
  -0.485607;0.664685;0.140712;,
  -0.504032;0.697859;0.140054;,
  -0.433784;0.693286;0.131545;,
  -0.450688;0.663431;-0.043215;,
  -0.451766;0.669187;-0.045298;,
  -0.432985;0.687157;0.130890;,
  -0.458422;0.680950;-0.046225;,
  -0.445212;0.708766;0.129189;,
  -0.440441;0.705049;0.130619;,
  -0.462915;0.685040;-0.044916;,
  -0.523276;0.667693;0.150564;,
  -0.529095;0.618148;-0.036911;,
  -0.458422;0.680950;-0.046225;,
  -0.470267;0.674413;-0.044130;,
  -0.463611;0.662650;-0.043203;,
  -0.451766;0.669187;-0.045298;,
  -0.445629;0.686749;0.133640;,
  -0.433784;0.693286;0.131545;,
  -0.440441;0.705049;0.130619;,
  -0.452285;0.698512;0.132714;,
  -0.439911;0.683012;0.009088;,
  -0.432963;0.685327;0.010581;,
  -0.439335;0.682768;0.011578;,
  -0.433457;0.685711;0.007637;,
  -0.440984;0.684344;0.007174;,
  -0.434583;0.687341;0.005376;,
  -0.437432;0.692377;0.004980;,
  -0.443421;0.688650;0.006835;,
  -0.438393;0.694433;0.006951;,
  -0.444131;0.690470;0.008500;,
  -0.438662;0.695399;0.009788;,
  -0.444209;0.691381;0.010899;,
  -0.438168;0.695016;0.012731;,
  -0.443634;0.691137;0.013389;,
  -0.437043;0.693386;0.014992;,
  -0.442560;0.689805;0.015303;,
  -0.441275;0.687741;0.016128;,
  -0.435588;0.690946;0.015965;,
  -0.440123;0.685498;0.015642;,
  -0.434193;0.688350;0.015389;,
  -0.439413;0.683678;0.013977;,
  -0.433233;0.686293;0.013418;,
  -0.439335;0.682768;0.011578;,
  -0.432963;0.685327;0.010581;,
  -0.428956;0.688253;0.007575;,
  -0.429151;0.687480;0.010528;,
  -0.429577;0.690168;0.005307;,
  -0.432426;0.695204;0.004910;,
  -0.433891;0.696976;0.006888;,
  -0.434850;0.697552;0.009735;,
  -0.435045;0.696780;0.012688;,
  -0.434424;0.694864;0.014956;,
  -0.432456;0.692755;0.016432;,
  -0.431575;0.689829;0.015353;,
  -0.430110;0.688057;0.013375;,
  -0.429151;0.687480;0.010528;,
  -0.425051;0.690608;0.009425;,
  -0.426286;0.689208;0.011886;,
  -0.424910;0.692983;0.007518;,
  -0.427760;0.698018;0.007121;,
  -0.429987;0.699331;0.008738;,
  -0.431985;0.699280;0.011092;,
  -0.433220;0.697880;0.013553;,
  -0.433361;0.695506;0.015460;,
  -0.430511;0.690470;0.015857;,
  -0.428285;0.689158;0.014240;,
  -0.426286;0.689208;0.011886;,
  -0.422438;0.692384;0.013198;,
  -0.424369;0.690511;0.014653;,
  -0.421787;0.695105;0.012026;,
  -0.424637;0.700140;0.011630;,
  -0.427373;0.701107;0.012511;,
  -0.430068;0.700583;0.013860;,
  -0.431999;0.698710;0.015316;,
  -0.432649;0.695990;0.016488;,
  -0.429799;0.690954;0.016884;,
  -0.427063;0.689988;0.016003;,
  -0.424369;0.690511;0.014653;,
  -0.421292;0.693421;0.018132;,
  -0.423398;0.691389;0.018832;,
  -0.420513;0.696258;0.017513;,
  -0.423363;0.701293;0.017116;,
  -0.426227;0.702144;0.017445;,
  -0.429097;0.701461;0.018039;,
  -0.431204;0.699430;0.018739;,
  -0.431982;0.696593;0.019358;,
  -0.431224;0.693711;0.019729;,
  -0.429133;0.691557;0.019754;,
  -0.426268;0.690707;0.019426;,
  -0.423398;0.691389;0.018832;,
  -0.417112;0.699023;0.059237;,
  -0.419260;0.696935;0.059531;,
  -0.416303;0.701900;0.058916;,
  -0.419153;0.706935;0.058519;,
  -0.422047;0.707745;0.058550;,
  -0.424959;0.707007;0.058738;,
  -0.427107;0.704920;0.059032;,
  -0.427916;0.702043;0.059353;,
  -0.427169;0.699147;0.059616;,
  -0.425066;0.697007;0.059749;,
  -0.422171;0.696198;0.059718;,
  -0.419260;0.696935;0.059531;,
  -0.417232;0.699361;0.064395;,
  -0.419361;0.697222;0.063899;,
  -0.416436;0.702276;0.064651;,
  -0.419286;0.707312;0.064255;,
  -0.422167;0.708083;0.063708;,
  -0.425060;0.707294;0.063106;,
  -0.427190;0.705155;0.062610;,
  -0.427985;0.702240;0.062353;,
  -0.427698;0.699131;0.063224;,
  -0.425136;0.697204;0.062749;,
  -0.422254;0.696433;0.063297;,
  -0.419361;0.697222;0.063899;,
  -0.418999;0.698719;0.068942;,
  -0.420658;0.696751;0.067235;,
  -0.418549;0.701509;0.070086;,
  -0.421398;0.706545;0.069689;,
  -0.423935;0.707441;0.068256;,
  -0.426357;0.706823;0.066442;,
  -0.428016;0.704855;0.064735;,
  -0.428467;0.702065;0.063592;,
  -0.425617;0.697029;0.063988;,
  -0.423081;0.696133;0.065422;,
  -0.420658;0.696751;0.067235;,
  -0.422397;0.697044;0.072084;,
  -0.423151;0.695522;0.069540;,
  -0.422608;0.699508;0.073840;,
  -0.425458;0.704543;0.073444;,
  -0.427332;0.705766;0.071398;,
  -0.428850;0.705594;0.068747;,
  -0.429604;0.704072;0.066204;,
  -0.429392;0.701609;0.064448;,
  -0.426543;0.696573;0.064844;,
  -0.424668;0.695350;0.066890;,
  -0.423151;0.695522;0.069540;,
  -0.426752;0.694698;0.073588;,
  -0.426839;0.693535;0.070814;,
  -0.427451;0.696899;0.075513;,
  -0.430301;0.701935;0.075116;,
  -0.431687;0.703421;0.072902;,
  -0.432538;0.703607;0.070021;,
  -0.432625;0.702445;0.067247;,
  -0.431925;0.700244;0.065322;,
  -0.430626;0.697596;0.064763;,
  -0.429076;0.695208;0.065719;,
  -0.427689;0.693722;0.067934;,
  -0.426839;0.693535;0.070814;,
  -0.433289;0.691887;0.074210;,
  -0.433211;0.690976;0.071811;,
  -0.433999;0.693707;0.075875;,
  -0.436435;0.698013;0.075536;,
  -0.437509;0.699345;0.073623;,
  -0.438084;0.699589;0.071133;,
  -0.438006;0.698679;0.068734;,
  -0.437296;0.696859;0.067068;,
  -0.436145;0.694616;0.066583;,
  -0.434860;0.692553;0.067407;,
  -0.433786;0.691220;0.069321;,
  -0.433211;0.690976;0.071811;,
  -0.440123;0.685498;0.015642;,
  -0.439413;0.683678;0.013977;,
  -0.440984;0.684344;0.007174;,
  -0.439911;0.683012;0.009088;,
  -0.443421;0.688650;0.006835;,
  -0.444209;0.691381;0.010899;,
  -0.444131;0.690470;0.008500;,
  -0.442560;0.689805;0.015303;,
  -0.443634;0.691137;0.013389;,
  -0.441275;0.687741;0.016128;,
  -0.438006;0.698679;0.068734;,
  -0.437509;0.699345;0.073623;,
  -0.438084;0.699589;0.071133;,
  -0.436435;0.698013;0.075536;,
  -0.433289;0.691887;0.074210;,
  -0.433999;0.693707;0.075875;,
  -0.433786;0.691220;0.069321;,
  -0.433211;0.690976;0.071811;,
  -0.436145;0.694616;0.066583;,
  -0.434860;0.692553;0.067407;,
  -0.437296;0.696859;0.067068;,
  -0.435142;0.692438;0.068409;,
  -0.444601;0.692935;0.069303;,
  -0.437607;0.696795;0.068066;,
  -0.442135;0.688578;0.069646;,
  -0.434535;0.693250;0.074369;,
  -0.442135;0.688578;0.069646;,
  -0.435142;0.692438;0.068409;,
  -0.441529;0.689390;0.075606;,
  -0.437001;0.697608;0.074026;,
  -0.441529;0.689390;0.075606;,
  -0.434535;0.693250;0.074369;,
  -0.443995;0.693748;0.075263;,
  -0.437607;0.696795;0.068066;,
  -0.443995;0.693748;0.075263;,
  -0.437001;0.697608;0.074026;,
  -0.444601;0.692935;0.069303;,
  -0.441226;0.684283;0.008567;,
  -0.450686;0.684781;0.009461;,
  -0.443692;0.688641;0.008224;,
  -0.448220;0.680423;0.009804;,
  -0.440620;0.685095;0.014527;,
  -0.448220;0.680423;0.009804;,
  -0.441226;0.684283;0.008567;,
  -0.447614;0.681235;0.015764;,
  -0.443086;0.689453;0.014184;,
  -0.447614;0.681235;0.015764;,
  -0.440620;0.685095;0.014527;,
  -0.450080;0.685593;0.015421;,
  -0.443692;0.688641;0.008224;,
  -0.450080;0.685593;0.015421;,
  -0.443086;0.689453;0.014184;,
  -0.450686;0.684781;0.009461;,
  -0.576896;0.683637;0.156566;,
  -0.596687;0.657113;-0.038072;,
  -0.544167;0.564293;-0.030763;,
  -0.524376;0.590817;0.163875;,
  -0.457374;0.625637;0.151752;,
  -0.477199;0.599089;-0.041774;,
  -0.531397;0.695305;-0.049351;,
  -0.511937;0.721652;0.144241;,
  -0.596687;0.657113;-0.038072;,
  -0.576896;0.683637;0.156566;,
  -0.524376;0.590817;0.163875;,
  -0.544167;0.564293;-0.030763;,
  -0.451661;0.662630;-0.046400;,
  -0.433287;0.687255;0.134301;,
  -0.445514;0.708864;0.132600;,
  -0.463888;0.684239;-0.048102;,
  -0.466039;0.682863;-0.050120;,
  -0.453812;0.661254;-0.048418;,
  -0.434959;0.686521;0.136995;,
  -0.447186;0.708130;0.135294;,
  -0.572791;0.667587;0.161832;,
  -0.536301;0.603097;0.166910;,
  -0.571149;0.668414;0.164050;,
  -0.534894;0.604341;0.169095;,
  -0.556783;0.575646;-0.034524;,
  -0.593273;0.640136;-0.039602;,
  -0.555869;0.576229;-0.037193;,
  -0.592124;0.640303;-0.042238;,
  -0.447757;0.643590;0.150144;,
  -0.433287;0.687255;0.134301;,
  -0.448644;0.644473;0.152633;,
  -0.434959;0.686521;0.136995;,
  -0.451661;0.662630;-0.046400;,
  -0.467826;0.616666;-0.046923;,
  -0.453812;0.661254;-0.048418;,
  -0.469194;0.616920;-0.049333;,
  -0.511356;0.693720;-0.052988;,
  -0.463888;0.684239;-0.048102;,
  -0.511727;0.692143;-0.055255;,
  -0.466039;0.682863;-0.050120;,
  -0.445514;0.708864;0.132600;,
  -0.491391;0.720587;0.144097;,
  -0.447186;0.708130;0.135294;,
  -0.491223;0.719671;0.146719;,
  -0.530394;0.715190;0.151050;,
  -0.564853;0.696161;0.157131;,
  -0.529482;0.714203;0.153631;,
  -0.563673;0.695323;0.159623;,
  -0.585335;0.668711;-0.044303;,
  -0.550794;0.687773;-0.050427;,
  -0.584648;0.667212;-0.046666;,
  -0.550431;0.686093;-0.052774;,
  -0.493517;0.586359;-0.042432;,
  -0.527981;0.567349;-0.036322;,
  -0.494563;0.587272;-0.044989;,
  -0.528746;0.568415;-0.038886;,
  -0.507499;0.594799;0.165112;,
  -0.472955;0.613865;0.159016;,
  -0.507771;0.596527;0.167402;,
  -0.473542;0.615421;0.161403;,
  -0.511727;0.692143;-0.055255;,
  -0.550431;0.686093;-0.052774;,
  -0.581113;0.662275;-0.048350;,
  -0.584648;0.667212;-0.046666;,
  -0.589028;0.653621;-0.046366;,
  -0.595167;0.655711;-0.044029;,
  -0.586738;0.642027;-0.045019;,
  -0.592124;0.640303;-0.042238;,
  -0.551426;0.579618;-0.040105;,
  -0.555869;0.576229;-0.037193;,
  -0.542628;0.571617;-0.039909;,
  -0.544177;0.565595;-0.036933;,
  -0.528746;0.568415;-0.038886;,
  -0.531017;0.573739;-0.041379;,
  -0.498092;0.591889;-0.047427;,
  -0.494563;0.587272;-0.044989;,
  -0.469194;0.616920;-0.049333;,
  -0.448644;0.644473;0.152633;,
  -0.473542;0.615421;0.161403;,
  -0.507771;0.596527;0.167402;,
  -0.523201;0.593707;0.169355;,
  -0.530055;0.608259;0.170067;,
  -0.534894;0.604341;0.169095;,
  -0.565368;0.670668;0.165153;,
  -0.571149;0.668414;0.164050;,
  -0.567657;0.682262;0.163806;,
  -0.574191;0.683822;0.162259;,
  -0.563673;0.695323;0.159623;,
  -0.559743;0.690916;0.161821;,
  -0.526776;0.709131;0.156214;,
  -0.529482;0.714203;0.153631;,
  -0.491223;0.719671;0.146719;,
  -0.531607;0.692545;-0.055073;,
  -0.479169;0.599762;-0.047767;,
  -0.458244;0.627801;0.157666;,
  -0.510773;0.720534;0.150377;,
  -0.596504;0.656498;-0.041503;,
  -0.595167;0.655711;-0.044029;,
  -0.576022;0.683948;0.159931;,
  -0.574191;0.683822;0.162259;,
  -0.523884;0.591804;0.167187;,
  -0.523201;0.593707;0.169355;,
  -0.544367;0.564354;-0.034247;,
  -0.544177;0.565595;-0.036933;,
  -0.477834;0.599057;-0.045222;,
  -0.479169;0.599762;-0.047767;,
  -0.457376;0.626464;0.155167;,
  -0.458244;0.627801;0.157666;,
  -0.511366;0.721648;0.147700;,
  -0.510773;0.720534;0.150377;,
  -0.531619;0.694354;-0.052726;,
  -0.531607;0.692545;-0.055073;,
  -0.576022;0.683948;0.159931;,
  -0.574191;0.683822;0.162259;,
  -0.596504;0.656498;-0.041503;,
  -0.595167;0.655711;-0.044029;,
  -0.544367;0.564354;-0.034247;,
  -0.544177;0.565595;-0.036933;,
  -0.523884;0.591804;0.167187;,
  -0.523201;0.593707;0.169355;,
  -0.447186;0.708130;0.135294;,
  -0.434959;0.686521;0.136995;,
  -0.466039;0.682863;-0.050120;,
  -0.453812;0.661254;-0.048418;,
  -0.509842;0.643951;0.152433;,
  -0.542529;0.641891;-0.038781;,
  -0.431513;0.694540;0.131143;,
  -0.451766;0.669187;-0.045298;,
  -0.449494;0.670440;-0.045700;,
  -0.433784;0.693286;0.131545;,
  -0.438169;0.706303;0.130217;,
  -0.431513;0.694540;0.131143;,
  -0.456150;0.682204;-0.046627;,
  -0.440441;0.705049;0.130619;,
  -0.438169;0.706303;0.130217;,
  -0.458422;0.680950;-0.046225;,
  -0.449494;0.670440;-0.045700;,
  -0.456150;0.682204;-0.046627;;
  568;
  3;0,1,2;,
  3;1,0,3;,
  3;4,5,6;,
  3;5,4,7;,
  3;8,9,10;,
  3;11,12,13;,
  3;12,11,14;,
  3;15,16,17;,
  3;18,19,20;,
  3;19,18,21;,
  3;22,23,24;,
  3;23,22,25;,
  3;26,27,28;,
  3;27,26,29;,
  3;30,31,32;,
  3;31,30,33;,
  3;34,35,36;,
  3;35,34,37;,
  3;38,39,40;,
  3;39,38,41;,
  3;9,42,43;,
  3;42,9,8;,
  3;8,44,45;,
  3;46,47,48;,
  3;47,46,49;,
  3;50,51,52;,
  3;51,50,53;,
  3;16,54,55;,
  3;54,16,15;,
  3;56,57,58;,
  3;56,59,57;,
  3;56,15,59;,
  3;60,61,62;,
  3;61,60,63;,
  3;17,64,15;,
  3;65,66,62;,
  3;10,67,8;,
  3;68,69,48;,
  3;70,46,48;,
  3;41,71,72;,
  3;71,41,38;,
  3;53,73,74;,
  3;73,53,50;,
  3;75,60,62;,
  3;76,77,78;,
  3;77,76,79;,
  3;80,81,82;,
  3;81,80,83;,
  3;29,17,27;,
  3;17,29,64;,
  3;26,65,84;,
  3;65,26,66;,
  3;37,10,35;,
  3;10,37,67;,
  3;34,68,85;,
  3;68,34,69;,
  3;9,86,87;,
  3;86,9,43;,
  3;49,88,89;,
  3;88,49,46;,
  3;90,55,91;,
  3;55,90,16;,
  3;92,60,93;,
  3;60,92,63;,
  3;36,46,70;,
  3;46,36,88;,
  3;35,9,87;,
  3;9,35,10;,
  3;28,60,75;,
  3;60,28,93;,
  3;27,16,90;,
  3;16,27,17;,
  3;94,95,96;,
  3;95,94,97;,
  3;98,97,94;,
  3;97,98,99;,
  3;100,98,101;,
  3;98,100,99;,
  3;102,101,103;,
  3;101,102,100;,
  3;104,103,105;,
  3;103,104,102;,
  3;106,105,107;,
  3;105,106,104;,
  3;108,107,109;,
  3;107,108,106;,
  3;110,108,109;,
  3;108,110,111;,
  3;112,111,110;,
  3;111,112,113;,
  3;114,113,112;,
  3;113,114,115;,
  3;116,115,114;,
  3;115,116,117;,
  3;95,118,119;,
  3;118,95,97;,
  3;97,120,118;,
  3;120,97,99;,
  3;121,99,100;,
  3;99,121,120;,
  3;100,122,121;,
  3;122,100,102;,
  3;102,123,122;,
  3;123,102,104;,
  3;104,124,123;,
  3;124,104,106;,
  3;106,125,124;,
  3;125,106,108;,
  3;108,126,125;,
  3;126,108,111;,
  3;111,127,126;,
  3;127,111,113;,
  3;113,128,127;,
  3;128,113,115;,
  3;115,129,128;,
  3;129,115,117;,
  3;119,130,131;,
  3;130,119,118;,
  3;118,132,130;,
  3;132,118,120;,
  3;133,120,121;,
  3;120,133,132;,
  3;121,134,133;,
  3;134,121,122;,
  3;122,135,134;,
  3;135,122,123;,
  3;123,136,135;,
  3;136,123,124;,
  3;124,137,136;,
  3;137,124,125;,
  3;125,126,137;,
  3;126,127,138;,
  3;127,139,138;,
  3;139,127,128;,
  3;128,140,139;,
  3;140,128,129;,
  3;131,141,142;,
  3;141,131,130;,
  3;130,143,141;,
  3;143,130,132;,
  3;144,132,133;,
  3;132,144,143;,
  3;133,145,144;,
  3;145,133,134;,
  3;134,146,145;,
  3;146,134,135;,
  3;135,147,146;,
  3;147,135,136;,
  3;136,148,147;,
  3;148,136,137;,
  3;137,126,148;,
  3;126,138,149;,
  3;138,150,149;,
  3;150,138,139;,
  3;139,151,150;,
  3;151,139,140;,
  3;142,152,153;,
  3;152,142,141;,
  3;141,154,152;,
  3;154,141,143;,
  3;155,143,144;,
  3;143,155,154;,
  3;144,156,155;,
  3;156,144,145;,
  3;145,157,156;,
  3;157,145,146;,
  3;146,158,157;,
  3;158,146,147;,
  3;147,159,158;,
  3;159,147,148;,
  3;148,160,159;,
  3;160,148,126;,
  3;126,161,160;,
  3;161,126,149;,
  3;149,162,161;,
  3;162,149,150;,
  3;150,163,162;,
  3;163,150,151;,
  3;153,164,165;,
  3;164,153,152;,
  3;152,166,164;,
  3;166,152,154;,
  3;167,154,155;,
  3;154,167,166;,
  3;155,168,167;,
  3;168,155,156;,
  3;156,169,168;,
  3;169,156,157;,
  3;157,170,169;,
  3;170,157,158;,
  3;158,171,170;,
  3;171,158,159;,
  3;159,172,171;,
  3;172,159,160;,
  3;160,173,172;,
  3;173,160,161;,
  3;161,174,173;,
  3;174,161,162;,
  3;162,175,174;,
  3;175,162,163;,
  3;165,176,177;,
  3;176,165,164;,
  3;164,178,176;,
  3;178,164,166;,
  3;179,166,167;,
  3;166,179,178;,
  3;167,180,179;,
  3;180,167,168;,
  3;168,181,180;,
  3;181,168,169;,
  3;169,182,181;,
  3;182,169,170;,
  3;170,183,182;,
  3;183,170,171;,
  3;171,184,183;,
  3;184,171,172;,
  3;172,185,184;,
  3;185,172,173;,
  3;173,186,185;,
  3;186,173,174;,
  3;174,187,186;,
  3;187,174,175;,
  3;177,188,189;,
  3;188,177,176;,
  3;176,190,188;,
  3;190,176,178;,
  3;191,178,179;,
  3;178,191,190;,
  3;179,192,191;,
  3;192,179,180;,
  3;180,193,192;,
  3;193,180,181;,
  3;181,194,193;,
  3;194,181,182;,
  3;182,195,194;,
  3;195,182,183;,
  3;183,184,195;,
  3;184,185,196;,
  3;185,197,196;,
  3;197,185,186;,
  3;186,198,197;,
  3;198,186,187;,
  3;189,199,200;,
  3;199,189,188;,
  3;188,201,199;,
  3;201,188,190;,
  3;202,190,191;,
  3;190,202,201;,
  3;191,203,202;,
  3;203,191,192;,
  3;192,204,203;,
  3;204,192,193;,
  3;193,205,204;,
  3;205,193,194;,
  3;194,206,205;,
  3;206,194,195;,
  3;195,184,206;,
  3;184,196,207;,
  3;196,208,207;,
  3;208,196,197;,
  3;197,209,208;,
  3;209,197,198;,
  3;200,210,211;,
  3;210,200,199;,
  3;199,212,210;,
  3;212,199,201;,
  3;213,201,202;,
  3;201,213,212;,
  3;202,214,213;,
  3;214,202,203;,
  3;203,215,214;,
  3;215,203,204;,
  3;204,216,215;,
  3;216,204,205;,
  3;205,217,216;,
  3;217,205,206;,
  3;206,218,217;,
  3;218,206,184;,
  3;184,219,218;,
  3;219,184,207;,
  3;207,220,219;,
  3;220,207,208;,
  3;208,221,220;,
  3;221,208,209;,
  3;222,211,210;,
  3;211,222,223;,
  3;224,210,212;,
  3;210,224,222;,
  3;213,224,212;,
  3;224,213,225;,
  3;214,225,213;,
  3;225,214,226;,
  3;215,226,214;,
  3;226,215,227;,
  3;216,227,215;,
  3;227,216,228;,
  3;217,228,216;,
  3;228,217,229;,
  3;218,229,217;,
  3;229,218,230;,
  3;219,230,218;,
  3;230,219,231;,
  3;232,219,220;,
  3;219,232,231;,
  3;233,220,221;,
  3;220,233,232;,
  3;234,96,235;,
  3;96,236,237;,
  3;96,238,236;,
  3;238,239,240;,
  3;239,241,242;,
  3;238,241,239;,
  3;96,241,238;,
  3;234,241,96;,
  3;234,243,241;,
  3;244,245,246;,
  3;244,247,245;,
  3;247,248,249;,
  3;248,250,251;,
  3;247,250,248;,
  3;244,250,247;,
  3;250,252,253;,
  3;244,252,250;,
  3;244,254,252;,
  3;255,256,257;,
  3;256,255,258;,
  3;259,260,261;,
  3;260,259,262;,
  3;263,264,265;,
  3;264,263,266;,
  3;267,268,269;,
  3;268,267,270;,
  3;271,272,273;,
  3;272,271,274;,
  3;275,276,277;,
  3;276,275,278;,
  3;279,280,281;,
  3;280,279,282;,
  3;283,284,285;,
  3;284,283,286;,
  3;287,2,1;,
  3;2,287,288;,
  3;289,3,0;,
  3;3,289,290;,
  3;291,13,12;,
  3;13,291,292;,
  3;293,20,19;,
  3;20,293,294;,
  3;294,24,23;,
  3;24,294,293;,
  3;295,25,22;,
  3;25,295,296;,
  3;292,32,31;,
  3;32,292,291;,
  3;297,33,30;,
  3;33,297,298;,
  3;78,77,299;,
  3;79,76,300;,
  3;82,81,301;,
  3;83,80,302;,
  3;86,43,303;,
  3;49,89,304;,
  3;91,55,305;,
  3;63,92,306;,
  3;307,3,308;,
  3;3,307,1;,
  3;309,308,310;,
  3;308,309,307;,
  3;311,2,312;,
  3;2,311,0;,
  3;313,312,314;,
  3;312,313,311;,
  3;315,14,316;,
  3;14,315,12;,
  3;317,316,318;,
  3;316,317,315;,
  3;319,13,320;,
  3;13,319,11;,
  3;321,320,322;,
  3;320,321,319;,
  3;323,21,324;,
  3;21,323,19;,
  3;325,324,326;,
  3;324,325,323;,
  3;327,20,328;,
  3;20,327,18;,
  3;329,328,330;,
  3;328,329,327;,
  3;331,25,332;,
  3;25,331,23;,
  3;333,332,334;,
  3;332,333,331;,
  3;335,24,336;,
  3;24,335,22;,
  3;337,336,338;,
  3;336,337,335;,
  3;339,33,340;,
  3;33,339,31;,
  3;341,340,342;,
  3;340,341,339;,
  3;343,32,344;,
  3;32,343,30;,
  3;345,344,346;,
  3;344,345,343;,
  3;303,42,347;,
  3;42,303,43;,
  3;348,349,350;,
  3;349,348,45;,
  3;350,351,352;,
  3;351,350,349;,
  3;352,353,354;,
  3;353,352,351;,
  3;354,355,356;,
  3;355,354,353;,
  3;356,357,358;,
  3;357,356,355;,
  3;359,357,360;,
  3;357,359,358;,
  3;359,361,362;,
  3;361,359,360;,
  3;363,49,304;,
  3;49,363,47;,
  3;305,54,364;,
  3;54,305,55;,
  3;365,58,366;,
  3;58,365,56;,
  3;366,57,367;,
  3;57,366,58;,
  3;367,368,369;,
  3;368,367,57;,
  3;369,370,371;,
  3;370,369,368;,
  3;371,372,373;,
  3;372,371,370;,
  3;374,372,375;,
  3;372,374,373;,
  3;374,376,377;,
  3;376,374,375;,
  3;378,63,306;,
  3;63,378,61;,
  3;347,8,379;,
  3;8,347,42;,
  3;379,45,348;,
  3;45,379,8;,
  3;380,361,48;,
  3;361,380,362;,
  3;380,47,363;,
  3;47,380,48;,
  3;364,15,381;,
  3;15,364,54;,
  3;381,56,365;,
  3;56,381,15;,
  3;382,376,62;,
  3;376,382,377;,
  3;382,61,378;,
  3;61,382,62;,
  3;312,288,383;,
  3;288,312,2;,
  3;314,383,384;,
  3;383,314,312;,
  3;385,1,307;,
  3;1,385,287;,
  3;386,307,309;,
  3;307,386,385;,
  3;308,290,387;,
  3;290,308,3;,
  3;310,387,388;,
  3;387,310,308;,
  3;389,0,311;,
  3;0,389,289;,
  3;390,311,313;,
  3;311,390,389;,
  3;320,292,391;,
  3;292,320,13;,
  3;322,391,392;,
  3;391,322,320;,
  3;393,12,315;,
  3;12,393,291;,
  3;394,315,317;,
  3;315,394,393;,
  3;328,294,395;,
  3;294,328,20;,
  3;330,395,396;,
  3;395,330,328;,
  3;397,19,323;,
  3;19,397,293;,
  3;398,323,325;,
  3;323,398,397;,
  3;336,293,397;,
  3;293,336,24;,
  3;338,397,398;,
  3;397,338,336;,
  3;395,23,331;,
  3;23,395,294;,
  3;396,331,333;,
  3;331,396,395;,
  3;332,296,399;,
  3;296,332,25;,
  3;334,399,400;,
  3;399,334,332;,
  3;401,22,335;,
  3;22,401,295;,
  3;402,335,337;,
  3;335,402,401;,
  3;344,291,393;,
  3;291,344,32;,
  3;346,393,394;,
  3;393,346,344;,
  3;391,31,339;,
  3;31,391,292;,
  3;392,339,341;,
  3;339,392,391;,
  3;340,298,403;,
  3;298,340,33;,
  3;342,403,404;,
  3;403,342,340;,
  3;405,30,343;,
  3;30,405,297;,
  3;406,343,345;,
  3;343,406,405;,
  3;82,301,407;,
  3;300,76,408;,
  3;302,80,409;,
  3;78,299,410;,
  3;26,411,29;,
  3;411,26,84;,
  3;34,412,37;,
  3;412,34,85;,
  3;29,59,64;,
  3;59,29,411;,
  3;26,75,66;,
  3;75,26,28;,
  3;37,44,67;,
  3;44,37,412;,
  3;34,70,69;,
  3;70,34,36;,
  3;48,69,70;,
  3;8,67,44;,
  3;62,66,75;,
  3;15,64,59;,
  3;68,355,85;,
  3;355,68,357;,
  3;412,355,353;,
  3;355,412,85;,
  3;412,351,44;,
  3;351,412,353;,
  3;351,45,44;,
  3;45,351,349;,
  3;361,68,48;,
  3;68,360,357;,
  3;360,68,361;,
  3;65,370,84;,
  3;370,65,372;,
  3;411,370,368;,
  3;370,411,84;,
  3;376,65,62;,
  3;65,375,372;,
  3;376,375,65;,
  3;411,57,59;,
  3;57,411,368;,
  3;413,414,415;,
  3;414,413,416;,
  3;417,51,418;,
  3;51,417,52;,
  3;419,420,421;,
  3;420,419,422;,
  3;423,39,424;,
  3;39,423,40;;

  MeshNormals {
   425;
   0.149163;-0.988062;-0.038531;,
   -0.159104;-0.979040;0.127149;,
   -0.169697;-0.985386;-0.014753;,
   0.159863;-0.981689;0.103587;,
   0.004961;0.998974;-0.045026;,
   0.004961;0.998974;-0.045026;,
   0.004961;0.998974;-0.045026;,
   0.004961;0.998974;-0.045026;,
   0.044250;-0.009918;-0.998971;,
   0.468052;-0.077818;-0.880268;,
   0.299840;-0.148013;-0.942437;,
   0.559285;0.814130;-0.156178;,
   0.803812;0.594371;-0.024702;,
   0.795491;0.587557;-0.148225;,
   0.570181;0.821517;-0.001812;,
   -0.044244;0.080478;0.995774;,
   -0.468400;0.006103;0.883495;,
   -0.300981;-0.059510;0.951772;,
   -0.550710;0.830641;0.082187;,
   -0.798005;0.601937;-0.029324;,
   -0.789510;0.606435;0.094398;,
   -0.561930;0.824011;-0.072387;,
   -0.988125;-0.153369;0.009347;,
   -0.985054;0.098429;0.141349;,
   -0.995728;0.092324;-0.001049;,
   -0.977280;-0.148003;0.151722;,
   0.138091;0.238798;0.961201;,
   -0.003433;0.124363;0.992231;,
   0.152582;0.123592;0.980532;,
   0.010300;0.240323;0.970638;,
   0.986320;-0.164768;0.004958;,
   0.986025;0.074762;-0.148881;,
   0.996575;0.082412;-0.006868;,
   0.975665;-0.171256;-0.136929;,
   -0.135804;0.152970;-0.978855;,
   0.004196;0.035095;-0.999375;,
   -0.151827;0.035859;-0.987756;,
   -0.008392;0.151826;-0.988372;,
   -0.074386;-0.044250;-0.996247;,
   -0.074769;-0.044251;-0.996219;,
   -0.074387;-0.045014;-0.996213;,
   -0.074769;-0.044251;-0.996219;,
   -0.021363;0.099184;-0.994840;,
   0.374216;0.056457;-0.925622;,
   0.322349;0.103762;-0.940917;,
   -0.031662;-0.036621;-0.998828;,
   -0.593996;-0.068670;-0.801532;,
   -0.125503;0.110626;-0.985906;,
   -0.192645;-0.006485;-0.981247;,
   -0.485216;0.069426;-0.871634;,
   0.074387;0.045014;0.996213;,
   0.074766;0.045012;0.996185;,
   0.074769;0.044251;0.996219;,
   0.074769;0.044251;0.996219;,
   0.022507;0.188449;0.981825;,
   -0.373069;0.143429;0.916650;,
   0.031662;0.052643;0.998111;,
   0.149156;-0.034714;0.988204;,
   0.252514;0.011443;0.967526;,
   -0.320822;0.191120;0.927656;,
   0.593600;-0.003052;0.804755;,
   0.126646;0.197599;0.972068;,
   0.192642;0.080109;0.977994;,
   0.486373;0.142669;0.862025;,
   -0.392883;0.227338;0.891044;,
   0.447442;0.184622;0.875049;,
   0.523767;0.219730;0.823035;,
   0.394448;0.141147;-0.908013;,
   -0.445937;0.110626;-0.888202;,
   -0.522233;0.149918;-0.839522;,
   -0.438702;-0.141529;-0.887418;,
   -0.074768;-0.045013;-0.996185;,
   -0.074769;-0.044251;-0.996219;,
   0.074389;0.044252;0.996247;,
   0.074769;0.044251;0.996219;,
   0.437915;-0.065611;0.896619;,
   0.088124;0.907945;0.409720;,
   0.559285;0.814130;-0.156178;,
   0.019832;0.867279;-0.497427;,
   0.570181;0.821517;-0.001812;,
   -0.078949;0.868059;-0.490143;,
   -0.550710;0.830641;0.082187;,
   -0.011062;0.908612;0.417496;,
   -0.561930;0.824011;-0.072387;,
   0.165946;0.244913;0.955238;,
   -0.163651;0.159073;-0.973609;,
   -0.078949;0.868059;-0.490143;,
   0.688935;-0.035858;-0.723935;,
   -0.789219;-0.023650;-0.613657;,
   0.019832;0.867279;-0.497427;,
   -0.689231;0.035854;0.723654;,
   0.088124;0.907945;0.409720;,
   -0.011062;0.908612;0.417496;,
   0.788982;0.023654;0.613960;,
   0.588688;-0.717260;-0.372806;,
   0.993915;-0.067914;-0.086717;,
   0.710351;-0.703484;-0.022604;,
   0.819763;-0.051116;-0.570417;,
   0.224704;-0.705012;-0.672656;,
   0.308606;-0.034332;-0.950570;,
   -0.446321;-0.028229;-0.894428;,
   -0.333435;-0.700442;-0.631032;,
   -0.895946;-0.036616;-0.442651;,
