xof 0303txt 0032
template ColorRGBA {
 <35ff44e0-6c7c-11cf-8f52-0040333594a3>
 FLOAT red;
 FLOAT green;
 FLOAT blue;
 FLOAT alpha;
}

template ColorRGB {
 <d3e16e81-7835-11cf-8f52-0040333594a3>
 FLOAT red;
 FLOAT green;
 FLOAT blue;
}

template Material {
 <3d82ab4d-62da-11cf-ab39-0020af71e433>
 ColorRGBA faceColor;
 FLOAT power;
 ColorRGB specularColor;
 ColorRGB emissiveColor;
 [...]
}

template TextureFilename {
 <a42790e1-7810-11cf-8f52-0040333594a3>
 STRING filename;
}

template Frame {
 <3d82ab46-62da-11cf-ab39-0020af71e433>
 [...]
}

template Matrix4x4 {
 <f6f23f45-7686-11cf-8f52-0040333594a3>
 array FLOAT matrix[16];
}

template FrameTransformMatrix {
 <f6f23f41-7686-11cf-8f52-0040333594a3>
 Matrix4x4 frameMatrix;
}

template Vector {
 <3d82ab5e-62da-11cf-ab39-0020af71e433>
 FLOAT x;
 FLOAT y;
 FLOAT z;
}

template MeshFace {
 <3d82ab5f-62da-11cf-ab39-0020af71e433>
 DWORD nFaceVertexIndices;
 array DWORD faceVertexIndices[nFaceVertexIndices];
}

template Mesh {
 <3d82ab44-62da-11cf-ab39-0020af71e433>
 DWORD nVertices;
 array Vector vertices[nVertices];
 DWORD nFaces;
 array MeshFace faces[nFaces];
 [...]
}

template MeshNormals {
 <f6f23f43-7686-11cf-8f52-0040333594a3>
 DWORD nNormals;
 array Vector normals[nNormals];
 DWORD nFaceNormals;
 array MeshFace faceNormals[nFaceNormals];
}

template MeshMaterialList {
 <f6f23f42-7686-11cf-8f52-0040333594a3>
 DWORD nMaterials;
 DWORD nFaceIndexes;
 array DWORD faceIndexes[nFaceIndexes];
 [Material <3d82ab4d-62da-11cf-ab39-0020af71e433>]
}

template Coords2d {
 <f6f23f44-7686-11cf-8f52-0040333594a3>
 FLOAT u;
 FLOAT v;
}

template MeshTextureCoords {
 <f6f23f40-7686-11cf-8f52-0040333594a3>
 DWORD nTextureCoords;
 array Coords2d textureCoords[nTextureCoords];
}

template XSkinMeshHeader {
 <3cf169ce-ff7c-44ab-93c0-f78f62d172e2>
 WORD nMaxSkinWeightsPerVertex;
 WORD nMaxSkinWeightsPerFace;
 WORD nBones;
}

template SkinWeights {
 <6f0d123b-bad2-4167-a0d0-80224f25fabb>
 STRING transformNodeName;
 DWORD nWeights;
 array DWORD vertexIndices[nWeights];
 array FLOAT weights[nWeights];
 Matrix4x4 matrixOffset;
}

template AnimTicksPerSecond {
 <9e415a43-7ba6-4a73-8743-b73d47e88476>
 DWORD AnimTicksPerSecond;
}

template Animation {
 <3d82ab4f-62da-11cf-ab39-0020af71e433>
 [...]
}

template AnimationSet {
 <3d82ab50-62da-11cf-ab39-0020af71e433>
 [Animation <3d82ab4f-62da-11cf-ab39-0020af71e433>]
}

template FloatKeys {
 <10dd46a9-775b-11cf-8f52-0040333594a3>
 DWORD nValues;
 array FLOAT values[nValues];
}

template TimedFloatKeys {
 <f406b180-7b3b-11cf-8f52-0040333594a3>
 DWORD time;
 FloatKeys tfkeys;
}

template AnimationKey {
 <10dd46a8-775b-11cf-8f52-0040333594a3>
 DWORD keyType;
 DWORD nKeys;
 array TimedFloatKeys keys[nKeys];
}


Material _01_-_Defaultvvv {
 1.000000;1.000000;1.000000;1.000000;;
 9.999999;
 0.000000;0.000000;0.000000;;
 0.000000;0.000000;0.000000;;

 TextureFilename {
  "GolfBag.png";
 }
}

Frame Dummy01 {
 

 FrameTransformMatrix {
  1.000000,0.000000,0.000000,0.000000,0.000000,-0.000000,-1.000000,0.000000,0.000000,1.000000,-0.000000,0.000000,-0.000000,0.000000,0.000000,1.000000;;
 }

 Frame Bip01 {
  

  FrameTransformMatrix {
   -0.087155,0.982405,-0.165183,0.000000,-0.000001,0.165814,0.986157,0.000000,0.996195,0.085949,-0.014450,0.000000,-0.010000,-0.012284,0.490453,1.000000;;
  }

  Frame Bip01_Pelvis {
   

   FrameTransformMatrix {
    0.000000,1.000000,-0.000001,0.000000,-0.000001,0.000001,1.000000,0.000000,1.000000,0.000000,0.000001,0.000000,0.000000,0.000000,0.000000,1.000000;;
   }

   Frame Bip01_Spine {
    

    FrameTransformMatrix {
     0.984686,0.000002,-0.174337,0.000000,-0.000001,1.000000,0.000004,0.000000,0.174337,-0.000004,0.984686,0.000000,0.051619,0.000000,-0.000083,1.000000;;
    }

    Frame Bip01_Spine1 {
     

     FrameTransformMatrix {
      0.997819,0.052687,0.039774,0.000000,-0.044862,0.983198,-0.176942,0.000000,-0.048428,0.174771,0.983417,0.000000,0.106484,-0.000015,-0.000083,1.000000;;
     }

     Frame Bip01_Neck {
      

      FrameTransformMatrix {
       0.966067,-0.020835,0.257451,0.000000,0.025191,0.999590,-0.013632,0.000000,-0.257061,0.019655,0.966195,0.000000,0.130511,-0.000001,0.004626,1.000000;;
      }

      Frame Bip01_Head {
       

       FrameTransformMatrix {
        0.989321,-0.051753,-0.136255,0.000000,0.064251,0.993958,0.088989,0.000000,0.130826,-0.096793,0.986669,0.000000,0.033674,-0.000000,-0.000000,1.000000;;
       }
      }

      Frame Bip01_L_Clavicle {
       

       FrameTransformMatrix {
        -0.205975,0.976135,0.068811,0.000000,0.943873,0.216738,-0.249254,0.000000,-0.258220,0.013609,-0.965990,0.000000,-0.024734,0.015166,0.002017,1.000000;;
       }

       Frame Bip01_L_UpperArm {
        

        FrameTransformMatrix {
         0.385871,-0.777669,0.496320,0.000000,0.922466,0.332598,-0.196046,0.000000,-0.012616,0.533487,0.845714,0.000000,0.087086,-0.000000,-0.000000,1.000000;;
        }

        Frame Bip01_L_Forearm {
         

         FrameTransformMatrix {
          0.943939,0.000000,-0.330119,0.000000,0.000000,1.000000,-0.000000,0.000000,0.330119,-0.000000,0.943939,0.000000,0.137062,-0.000000,0.000000,1.000000;;
         }

         Frame Bip01_L_Hand {
          

          FrameTransformMatrix {
           1.000000,-0.000000,0.000000,0.000000,0.000000,0.000796,1.000000,0.000000,0.000000,-1.000000,0.000796,0.000000,0.137062,0.000000,0.000000,1.000000;;
          }

          Frame Bip01_L_Finger0 {
           

           FrameTransformMatrix {
            0.690342,-0.181727,0.700288,0.000000,0.558537,0.749101,-0.356210,0.000000,-0.459853,0.637043,0.618637,0.000000,0.057681,-0.023605,-0.000272,1.000000;;
           }
          }

          Frame Bip01_L_Finger1 {
           

           FrameTransformMatrix {
            0.728079,-0.000546,0.685493,0.000000,0.000000,1.000000,0.000796,0.000000,-0.685493,-0.000580,0.728079,0.000000,0.084102,0.000000,0.000000,1.000000;;
           }
          }
         }
        }
       }
      }

      Frame Bip01_R_Clavicle {
       

       FrameTransformMatrix {
        -0.028509,-0.999573,-0.006461,0.000000,-0.965665,0.025871,0.258498,0.000000,-0.258220,0.013609,-0.965990,0.000000,-0.024080,-0.016250,0.001399,1.000000;;
       }

       Frame Bip01_R_UpperArm {
        

        FrameTransformMatrix {
         0.221390,0.975047,0.016433,0.000000,-0.974986,0.221654,-0.016512,0.000000,-0.019742,-0.012366,0.999729,0.000000,0.087086,0.000000,0.000000,1.000000;;
        }

        Frame Bip01_R_Forearm {
         

         FrameTransformMatrix {
          0.915660,-0.000000,-0.401954,0.000000,-0.000000,1.000000,-0.000000,0.000000,0.401954,-0.000000,0.915660,0.000000,0.137062,0.000000,0.000000,1.000000;;
         }

         Frame Bip01_R_Hand {
          

          FrameTransformMatrix {
           0.975195,-0.000000,-0.221346,0.000000,-0.221346,0.000796,-0.975195,0.000000,0.000176,1.000000,0.000777,0.000000,0.137062,-0.000000,0.000000,1.000000;;
          }

          Frame Bip01_R_Finger0 {
           

           FrameTransformMatrix {
            0.417774,-0.116941,0.900994,0.000000,-0.558537,0.749101,0.356210,0.000000,-0.716591,-0.652054,0.247639,0.000000,0.057681,0.023605,-0.000272,1.000000;;
           }
          }

          Frame Bip01_R_Finger1 {
           

           FrameTransformMatrix {
            0.352436,0.000745,0.935835,0.000000,0.000000,1.000000,-0.000796,0.000000,-0.935836,0.000281,0.352436,0.000000,0.084102,0.000000,0.000000,1.000000;;
           }
          }
         }
        }
       }
      }
     }

     Frame Bip01_BackPack {
      

      FrameTransformMatrix {
       0.180560,0.080500,-0.980264,0.000000,0.047560,0.994764,0.090451,0.000000,0.982413,-0.062954,0.175786,0.000000,0.063697,0.000003,-0.088856,1.000000;;
      }
     }
    }

    Frame Bip01_L_Thigh {
     

     FrameTransformMatrix {
      -0.888504,0.030427,0.457858,0.000000,-0.032107,-0.999476,0.004114,0.000000,0.457744,-0.011045,0.889016,0.000000,-0.050843,0.055225,-0.008917,1.000000;;
     }

     Frame Bip01_L_Calf {
      

      FrameTransformMatrix {
       0.942235,-0.000000,-0.334952,0.000000,-0.000000,1.000000,-0.000000,0.000000,0.334952,-0.000000,0.942235,0.000000,0.237500,0.000000,-0.000000,1.000000;;
      }

      Frame Bip01_L_Foot {
       

       FrameTransformMatrix {
        0.924325,-0.026487,0.380687,0.000000,-0.068962,0.969570,0.234901,0.000000,-0.375325,-0.243378,0.894371,0.000000,0.206841,0.000000,0.000000,1.000000;;
       }

       Frame Bip01_L_Toe0 {
        

        FrameTransformMatrix {
         0.000000,0.000000,1.000000,0.000000,0.000000,1.000000,-0.000000,0.000000,-1.000000,0.000000,0.000000,0.000000,0.065373,0.000000,0.066450,1.000000;;
        }
       }
      }
     }
    }

    Frame Bip01_R_Thigh {
     

     FrameTransformMatrix {
      -0.996965,0.030321,-0.071704,0.000000,-0.029454,-0.999480,-0.013113,0.000000,-0.072065,-0.010961,0.997340,0.000000,-0.050843,-0.055225,-0.008917,1.000000;;
     }

     Frame Bip01_R_Calf {
      

      FrameTransformMatrix {
       0.730239,0.000000,-0.683192,0.000000,0.000000,1.000000,0.000000,0.000000,0.683192,0.000000,0.730239,0.000000,0.237500,0.000000,0.000000,1.000000;;
      }

      Frame Bip01_R_Foot {
       

       FrameTransformMatrix {
        0.991957,0.087165,-0.091782,0.000000,-0.093276,0.993546,-0.064539,0.000000,0.085565,0.072581,0.993685,0.000000,0.206841,-0.000000,0.000000,1.000000;;
       }

       Frame Bip01_R_Toe0 {
        

        FrameTransformMatrix {
         0.000000,0.000000,1.000000,0.000000,0.000000,1.000000,-0.000000,0.000000,-1.000000,0.000000,0.000000,0.000000,0.065373,0.000000,0.066450,1.000000;;
        }
       }
      }
     }
    }
   }

   Frame Bip01_DressFront {
    

    FrameTransformMatrix {
     -0.880185,-0.088339,0.466338,0.000000,0.121847,0.907542,0.401896,0.000000,-0.458725,0.410564,-0.788041,0.000000,-0.043935,0.001339,0.061057,1.000000;;
    }

    Frame Bip01_DressFront02 {
     

     FrameTransformMatrix {
      0.912593,0.000001,0.408870,0.000000,-0.000001,1.000000,-0.000000,0.000000,-0.408870,-0.000000,0.912593,0.000000,0.183378,-0.000000,-0.000120,1.000000;;
     }
    }
   }

   Frame Bip01_DressBack {
    

    FrameTransformMatrix {
     -0.886023,0.038029,0.462080,0.000000,0.191625,0.937561,0.290274,0.000000,-0.422190,0.345735,-0.837988,0.000000,-0.047673,-0.000048,-0.078302,1.000000;;
    }

    Frame Bip01_DressBack02 {
     

     FrameTransformMatrix {
      0.936852,0.174932,-0.302833,0.000000,-0.166408,0.984581,0.053939,0.000000,0.307600,-0.000139,0.951516,0.000000,0.176125,0.000000,-0.000103,1.000000;;
     }
    }
   }
  }

  Frame Bip01_Prop1 {
   

   FrameTransformMatrix {
    -0.233929,-0.108090,0.966227,0.000000,0.687222,0.684611,0.242967,0.000000,-0.687752,0.720849,-0.085868,0.000000,0.076452,-0.048658,-0.145664,1.000000;;
   }
  }

  Frame Bip01_Prop2 {
   

   FrameTransformMatrix {
    -0.163643,-0.967062,0.194966,0.000000,0.985576,-0.168906,-0.010564,0.000000,0.043147,0.190425,0.980753,0.000000,-0.138405,-0.102098,0.114818,1.000000;;
   }
  }
 }
}

Frame Translation_Data {
 

 FrameTransformMatrix {
  -0.000000,0.000000,-1.000000,0.000000,-1.000000,-0.000000,0.000000,0.000000,-0.000000,1.000000,0.000000,0.000000,0.000000,-0.000000,0.000000,1.000000;;
 }
}

Frame GolfBag_LHand {
 

 FrameTransformMatrix {
  1.000000,0.000000,0.000000,0.000000,0.000000,1.000000,0.000000,0.000000,0.000000,0.000000,1.000000,0.000000,-0.000000,-0.000000,-0.000000,1.000000;;
 }

 Mesh GolfBag_LHand {
  480;
  0.503737;0.737204;-0.041867;,
  0.510096;0.740095;-0.067491;,
  0.515349;0.741107;-0.052760;,
  0.489840;0.736975;-0.056650;,
  0.506187;0.747976;-0.041292;,
  0.510323;0.746136;-0.068062;,
  0.491880;0.751400;-0.056871;,
  0.516022;0.745603;-0.051968;,
  0.489840;0.736975;-0.056650;,
  0.510323;0.746136;-0.068062;,
  0.510096;0.740095;-0.067491;,
  0.491880;0.751400;-0.056871;,
  0.506187;0.747976;-0.041292;,
  0.515349;0.741107;-0.052760;,
  0.516022;0.745603;-0.051968;,
  0.503737;0.737204;-0.041867;,
  0.518458;0.740285;-0.051836;,
  0.513563;0.737132;-0.072718;,
  0.518458;0.740285;-0.051836;,
  0.522360;0.747574;-0.050593;,
  0.522360;0.747574;-0.050593;,
  0.513194;0.749690;-0.074253;,
  0.513563;0.737132;-0.072718;,
  0.513194;0.749690;-0.074253;,
  0.558729;0.726843;-0.056653;,
  0.554635;0.725189;-0.082663;,
  0.564377;0.731675;-0.059565;,
  0.558729;0.726843;-0.056653;,
  0.564377;0.731675;-0.059565;,
  0.563291;0.728053;-0.082768;,
  0.554635;0.725189;-0.082663;,
  0.563291;0.728053;-0.082768;,
  0.564053;0.719133;-0.056313;,
  0.562515;0.717629;-0.085878;,
  0.564053;0.719133;-0.056313;,
  0.575967;0.714698;-0.059712;,
  0.575967;0.714698;-0.059712;,
  0.573195;0.710696;-0.086536;,
  0.562515;0.717629;-0.085878;,
  0.573195;0.710696;-0.086536;,
  0.545305;0.720694;-0.068646;,
  0.542777;0.720631;-0.084957;,
  0.541652;0.712785;-0.069580;,
  0.540427;0.710926;-0.085800;,
  0.540427;0.710926;-0.085800;,
  0.542777;0.720631;-0.084957;,
  0.502252;0.741012;-0.065855;,
  0.502798;0.743372;-0.083770;,
  0.504333;0.730324;-0.068103;,
  0.504071;0.732205;-0.085820;,
  0.502798;0.743372;-0.083770;,
  0.504071;0.732205;-0.085820;,
  0.472718;0.740739;-0.064707;,
  0.470782;0.742343;-0.084556;,
  0.479203;0.731199;-0.065305;,
  0.477266;0.732803;-0.085154;,
  0.470782;0.742343;-0.084556;,
  0.477266;0.732803;-0.085154;,
  0.446754;0.679849;0.081583;,
  0.464912;0.676489;0.066365;,
  0.457320;0.676572;0.084876;,
  0.454347;0.679765;0.063072;,
  0.523981;0.733693;0.065386;,
  0.555170;0.725285;0.064169;,
  0.546203;0.726538;0.083123;,
  0.533844;0.733408;0.051083;,
  0.533844;0.733408;0.051083;,
  0.559723;0.733759;0.063730;,
  0.555170;0.725285;0.064169;,
  0.533942;0.743303;0.049877;,
  0.533942;0.743303;0.049877;,
  0.550757;0.735013;0.082685;,
  0.559723;0.733759;0.063730;,
  0.526653;0.741210;0.065700;,
  0.526653;0.741210;0.065700;,
  0.546203;0.726538;0.083123;,
  0.550757;0.735013;0.082685;,
  0.523981;0.733693;0.065386;,
  0.561163;0.721202;0.062782;,
  0.547292;0.726615;0.088230;,
  0.566239;0.730224;0.062722;,
  0.561163;0.721202;0.062782;,
  0.551485;0.734026;0.087750;,
  0.566239;0.730224;0.062722;,
  0.547292;0.726615;0.088230;,
  0.551485;0.734026;0.087750;,
  0.547292;0.726615;0.088230;,
  0.588137;0.703168;0.076774;,
  0.578836;0.710517;0.104243;,
  0.561163;0.721202;0.062782;,
  0.588137;0.703168;0.076774;,
  0.593522;0.709247;0.078403;,
  0.593522;0.709247;0.078403;,
  0.591071;0.712023;0.103501;,
  0.578836;0.710517;0.104243;,
  0.591071;0.712023;0.103501;,
  0.579755;0.703005;0.088029;,
  0.576128;0.704695;0.104699;,
  0.587807;0.698374;0.085801;,
  0.579755;0.703005;0.088029;,
  0.589578;0.694720;0.102936;,
  0.587807;0.698374;0.085801;,
  0.589578;0.694720;0.102936;,
  0.576128;0.704695;0.104699;,
  0.495620;0.731828;0.081289;,
  0.501062;0.729520;0.103570;,
  0.500534;0.722819;0.076432;,
  0.495620;0.731828;0.081289;,
  0.505894;0.720611;0.098638;,
  0.500534;0.722819;0.076432;,
  0.501062;0.729520;0.103570;,
  0.505894;0.720611;0.098638;,
  0.427839;0.734594;-0.025118;,
  0.424497;0.736859;0.002932;,
  0.427799;0.748903;-0.024754;,
  0.426257;0.722316;0.003319;,
  0.503504;0.734934;-0.017260;,
  0.498841;0.739987;0.011387;,
  0.500601;0.725444;0.011774;,
  0.501744;0.749477;-0.017648;,
  0.455358;0.743551;-0.052083;,
  0.503504;0.734934;-0.017260;,
  0.427839;0.734594;-0.025118;,
  0.481625;0.743381;-0.049113;,
  0.500601;0.725444;0.011774;,
  0.426257;0.722316;0.003319;,
  0.472917;0.714911;0.037990;,
  0.448136;0.713869;0.035172;,
  0.454928;0.684526;0.062543;,
  0.454462;0.668653;0.088383;,
  0.447061;0.672321;0.063743;,
  0.462328;0.680858;0.087184;,
  0.448136;0.713869;0.035172;,
  0.471157;0.729454;0.037603;,
  0.446376;0.728412;0.034785;,
  0.472917;0.714911;0.037990;,
  0.446376;0.728412;0.034785;,
  0.498841;0.739987;0.011387;,
  0.424497;0.736859;0.002932;,
  0.471157;0.729454;0.037603;,
  0.501744;0.749477;-0.017648;,
  0.427799;0.748903;-0.024754;,
  0.479865;0.757924;-0.049500;,
  0.455317;0.757859;-0.051719;,
  0.455317;0.757859;-0.051719;,
  0.481625;0.743381;-0.049113;,
  0.455358;0.743551;-0.052083;,
  0.479865;0.757924;-0.049500;,
  0.404488;0.702993;-0.055566;,
  0.416436;0.706304;-0.057965;,
  0.416436;0.706304;-0.057965;,
  0.411248;0.712400;-0.075676;,
  0.411248;0.712400;-0.075676;,
  0.398872;0.711629;-0.073413;,
  0.398872;0.711629;-0.073413;,
  0.404488;0.702993;-0.055566;,
  0.421907;0.685007;0.009285;,
  0.432563;0.694932;0.008821;,
  0.421907;0.685007;0.009285;,
  0.409695;0.706609;0.006658;,
  0.416300;0.712495;0.005500;,
  0.409695;0.706609;0.006658;,
  0.416300;0.712495;0.005500;,
  0.432563;0.694932;0.008821;,
  0.422226;0.685333;0.067905;,
  0.431648;0.696290;0.066073;,
  0.411211;0.700175;0.071045;,
  0.422226;0.685333;0.067905;,
  0.420633;0.711132;0.069213;,
  0.411211;0.700175;0.071045;,
  0.431648;0.696290;0.066073;,
  0.420633;0.711132;0.069213;,
  0.447061;0.672321;0.063743;,
  0.454928;0.684526;0.062543;,
  0.462328;0.680858;0.087184;,
  0.454462;0.668653;0.088383;,
  0.457320;0.676572;0.084876;,
  0.446754;0.679849;0.081583;,
  0.454347;0.679765;0.063072;,
  0.464912;0.676489;0.066365;,
  0.414983;0.696401;-0.070984;,
  0.405222;0.684112;-0.070986;,
  0.405447;0.701397;-0.094903;,
  0.414983;0.696401;-0.070984;,
  0.405447;0.701397;-0.094903;,
  0.397506;0.687840;-0.094432;,
  0.405222;0.684112;-0.070986;,
  0.397506;0.687840;-0.094432;,
  0.470782;0.742343;-0.084556;,
  0.429152;0.727999;-0.064285;,
  0.472718;0.740739;-0.064707;,
  0.429152;0.727999;-0.064285;,
  0.470782;0.742343;-0.084556;,
  0.422021;0.732783;-0.085416;,
  0.472718;0.740739;-0.064707;,
  0.433219;0.719986;-0.065879;,
  0.479203;0.731199;-0.065305;,
  0.433219;0.719986;-0.065879;,
  0.472718;0.740739;-0.064707;,
  0.429152;0.727999;-0.064285;,
  0.479203;0.731199;-0.065305;,
  0.428505;0.723243;-0.086014;,
  0.477266;0.732803;-0.085154;,
  0.428505;0.723243;-0.086014;,
  0.479203;0.731199;-0.065305;,
  0.433219;0.719986;-0.065879;,
  0.477266;0.732803;-0.085154;,
  0.422021;0.732783;-0.085416;,
  0.470782;0.742343;-0.084556;,
  0.422021;0.732783;-0.085416;,
  0.477266;0.732803;-0.085154;,
  0.428505;0.723243;-0.086014;,
  0.422021;0.732783;-0.085416;,
  0.405606;0.701959;-0.064419;,
  0.429152;0.727999;-0.064285;,
  0.405606;0.701959;-0.064419;,
  0.422021;0.732783;-0.085416;,
  0.406411;0.701932;-0.083985;,
  0.429152;0.727999;-0.064285;,
  0.412090;0.692419;-0.065018;,
  0.433219;0.719986;-0.065879;,
  0.412090;0.692419;-0.065018;,
  0.429152;0.727999;-0.064285;,
  0.405606;0.701959;-0.064419;,
  0.433219;0.719986;-0.065879;,
  0.410154;0.694023;-0.084866;,
  0.428505;0.723243;-0.086014;,
  0.410154;0.694023;-0.084866;,
  0.433219;0.719986;-0.065879;,
  0.412090;0.692419;-0.065018;,
  0.428505;0.723243;-0.086014;,
  0.406411;0.701932;-0.083985;,
  0.422021;0.732783;-0.085416;,
  0.406411;0.701932;-0.083985;,
  0.428505;0.723243;-0.086014;,
  0.410154;0.694023;-0.084866;,
  0.640512;0.588787;0.263460;,
  0.631925;0.625317;0.208414;,
  0.648977;0.618130;0.264644;,
  0.623460;0.595975;0.207231;,
  0.627396;0.655095;0.213594;,
  0.644448;0.647907;0.269824;,
  0.644448;0.647907;0.269824;,
  0.610555;0.679158;0.221777;,
  0.627811;0.672208;0.277975;,
  0.627396;0.655095;0.213594;,
  0.585249;0.693126;0.231237;,
  0.602388;0.686240;0.287479;,
  0.556145;0.694424;0.240229;,
  0.573196;0.687236;0.296458;,
  0.528963;0.682149;0.246903;,
  0.546015;0.674961;0.303132;,
  0.509181;0.659054;0.249949;,
  0.526232;0.651866;0.306179;,
  0.500715;0.629711;0.248766;,
  0.517767;0.622523;0.304995;,
  0.505244;0.599934;0.243586;,
  0.522296;0.592746;0.299815;,
  0.522085;0.575871;0.235403;,
  0.538934;0.568445;0.291664;,
  0.547391;0.561902;0.225943;,
  0.564356;0.554413;0.282161;,
  0.576496;0.560605;0.216951;,
  0.593548;0.553417;0.273181;,
  0.593548;0.553417;0.273181;,
  0.603677;0.572880;0.210277;,
  0.620729;0.565692;0.266507;,
  0.576496;0.560605;0.216951;,
  0.649625;0.615603;0.183625;,
  0.602394;0.602305;0.043753;,
  0.614494;0.630270;0.043659;,
  0.637159;0.587753;0.183499;,
  0.619527;0.655275;0.045329;,
  0.655724;0.640063;0.186019;,
  0.655724;0.640063;0.186019;,
  0.593078;0.676356;0.056044;,
  0.638548;0.660104;0.202160;,
  0.619527;0.655275;0.045329;,
  0.540836;0.712496;0.237060;,
  0.490964;0.722249;0.122008;,
  0.521247;0.710072;0.241712;,
  0.517975;0.722473;0.169788;,
  0.466131;0.708957;0.096188;,
  0.504246;0.693588;0.244136;,
  0.448974;0.685881;0.092194;,
  0.488627;0.669972;0.245631;,
  0.439289;0.659127;0.097958;,
  0.477481;0.643903;0.245901;,
  0.442638;0.632539;0.125195;,
  0.473018;0.620543;0.244893;,
  0.458740;0.612511;0.173695;,
  0.481645;0.602616;0.240964;,
  0.603816;0.543703;0.189442;,
  0.533548;0.565846;0.059971;,
  0.567685;0.559036;0.048748;,
  0.578118;0.547925;0.206145;,
  0.620793;0.562080;0.185526;,
  0.585723;0.576862;0.045557;,
  0.519698;0.639714;-0.134930;,
  0.509827;0.676786;-0.194211;,
  0.528164;0.669056;-0.133746;,
  0.501362;0.647443;-0.195395;,
  0.505299;0.706563;-0.189032;,
  0.523635;0.698834;-0.128566;,
  0.523635;0.698834;-0.128566;,
  0.483199;0.733185;-0.198933;,
  0.507010;0.723149;-0.120417;,
  0.505299;0.706563;-0.189032;,
  0.561515;0.703490;0.152680;,
  0.428573;0.748199;-0.180448;,
  0.516704;0.711049;0.110170;,
  0.457770;0.747222;-0.189427;,
  0.401391;0.735925;-0.173774;,
  0.481016;0.702360;0.088794;,
  0.381609;0.712829;-0.170727;,
  0.459579;0.679962;0.086385;,
  0.373144;0.683487;-0.171911;,
  0.452768;0.649922;0.090657;,
  0.377672;0.653709;-0.177091;,
  0.465803;0.616559;0.113527;,
  0.394298;0.629395;-0.185241;,
  0.498043;0.585663;0.156866;,
  0.443538;0.605321;-0.116230;,
  0.454398;0.612073;-0.185675;,
  0.472735;0.604344;-0.125209;,
  0.419727;0.615358;-0.194747;,
  0.472735;0.604344;-0.125209;,
  0.481580;0.624348;-0.192348;,
  0.499916;0.616618;-0.131883;,
  0.454398;0.612073;-0.185675;,
  0.644448;0.647907;0.269824;,
  0.640512;0.588787;0.263460;,
  0.648977;0.618130;0.264644;,
  0.627811;0.672208;0.277975;,
  0.602388;0.686240;0.287479;,
  0.573196;0.687236;0.296458;,
  0.546015;0.674961;0.303132;,
  0.526232;0.651866;0.306179;,
  0.517767;0.622523;0.304995;,
  0.522296;0.592746;0.299815;,
  0.538934;0.568445;0.291664;,
  0.564356;0.554413;0.282161;,
  0.593548;0.553417;0.273181;,
  0.620729;0.565692;0.266507;,
  0.497066;0.649582;-0.200336;,
  0.495269;0.678064;-0.197081;,
  0.505159;0.677634;-0.199205;,
  0.488419;0.654322;-0.198039;,
  0.491605;0.702159;-0.192890;,
  0.500829;0.706102;-0.194252;,
  0.472678;0.724140;-0.204347;,
  0.479461;0.731654;-0.204512;,
  0.452102;0.735498;-0.196655;,
  0.455150;0.745073;-0.195425;,
  0.428477;0.736289;-0.189390;,
  0.427237;0.746008;-0.186841;,
  0.406483;0.726357;-0.183990;,
  0.401762;0.734003;-0.180339;,
  0.390476;0.707669;-0.181524;,
  0.382849;0.711923;-0.177426;,
  0.383626;0.683927;-0.182482;,
  0.374501;0.684007;-0.178618;,
  0.387290;0.659832;-0.186673;,
  0.378575;0.655674;-0.183631;,
  0.400743;0.640158;-0.193268;,
  0.394470;0.632429;-0.191423;,
  0.421320;0.628800;-0.200960;,
  0.418781;0.619010;-0.200510;,
  0.450418;0.625702;-0.190174;,
  0.452168;0.615768;-0.191043;,
  0.472412;0.635634;-0.195574;,
  0.478153;0.627502;-0.197424;,
  0.619872;0.631085;0.254885;,
  0.615757;0.601729;0.252380;,
  0.598897;0.661761;0.265167;,
  0.562060;0.662995;0.276496;,
  0.539911;0.643593;0.280732;,
  0.535795;0.614238;0.278228;,
  0.556771;0.583561;0.267945;,
  0.593607;0.582327;0.256617;,
  0.623460;0.595975;0.207231;,
  0.631925;0.625317;0.208414;,
  0.627396;0.655095;0.213594;,
  0.627396;0.655095;0.213594;,
  0.555363;0.703698;0.070977;,
  0.523635;0.698834;-0.128566;,
  0.554424;0.693909;-0.073716;,
  0.571579;0.671689;-0.089121;,
  0.523635;0.698834;-0.128566;,
  0.564546;0.649503;-0.090347;,
  0.528164;0.669056;-0.133746;,
  0.571579;0.671689;-0.089121;,
  0.552406;0.623685;-0.090179;,
  0.519698;0.639714;-0.134930;,
  0.537547;0.599383;-0.088567;,
  0.499916;0.616618;-0.131883;,
  0.522948;0.581410;-0.085913;,
  0.472735;0.604344;-0.125209;,
  0.472735;0.604344;-0.125209;,
  0.495421;0.584378;-0.069825;,
  0.522948;0.581410;-0.085913;,
  0.492060;0.586185;0.075152;,
  0.576496;0.560605;0.216951;,
  0.576496;0.560605;0.216951;,
  0.603677;0.572880;0.210277;,
  0.525068;0.708350;0.245362;,
  0.556145;0.694424;0.240229;,
  0.541952;0.709885;0.241591;,
  0.508089;0.691807;0.247966;,
  0.528963;0.682149;0.246903;,
  0.492429;0.668064;0.249562;,
  0.509181;0.659054;0.249949;,
  0.481196;0.641885;0.249740;,
  0.500715;0.629711;0.248766;,
  0.476667;0.618501;0.248554;,
  0.505244;0.599934;0.243586;,
  0.484571;0.603365;0.245375;,
  0.522085;0.575871;0.235403;,
  0.458740;0.612511;0.173695;,
  0.498043;0.585663;0.156866;,
  0.481645;0.602616;0.240964;,
  0.442638;0.632539;0.125195;,
  0.465803;0.616559;0.113527;,
  0.439289;0.659127;0.097958;,
  0.452768;0.649922;0.090657;,
  0.448974;0.685881;0.092194;,
  0.459579;0.679962;0.086385;,
  0.466131;0.708957;0.096188;,
  0.481016;0.702360;0.088794;,
  0.490964;0.722249;0.122008;,
  0.516704;0.711049;0.110170;,
  0.517975;0.722473;0.169788;,
  0.561515;0.703490;0.152680;,
  0.540836;0.712496;0.237060;,
  0.585249;0.693126;0.231237;,
  0.488419;0.654322;-0.198039;,
  0.619872;0.631085;0.254885;,
  0.495269;0.678064;-0.197081;,
  0.615757;0.601729;0.252380;,
  0.491605;0.702159;-0.192890;,
  0.598897;0.661761;0.265167;,
  0.472678;0.724140;-0.204347;,
  0.452102;0.735498;-0.196655;,
  0.562060;0.662995;0.276496;,
  0.428477;0.736289;-0.189390;,
  0.562060;0.662995;0.276496;,
  0.406483;0.726357;-0.183990;,
  0.406483;0.726357;-0.183990;,
  0.539911;0.643593;0.280732;,
  0.390476;0.707669;-0.181524;,
  0.562060;0.662995;0.276496;,
  0.535795;0.614238;0.278228;,
  0.383626;0.683927;-0.182482;,
  0.387290;0.659832;-0.186673;,
  0.556771;0.583561;0.267945;,
  0.400743;0.640158;-0.193268;,
  0.421320;0.628800;-0.200960;,
  0.593607;0.582327;0.256617;,
  0.450418;0.625702;-0.190174;,
  0.472412;0.635634;-0.195574;,
  0.578212;0.668182;-0.083835;,
  0.529682;0.578092;-0.080635;,
  0.578212;0.668182;-0.083835;,
  0.571090;0.646105;-0.084497;,
  0.558916;0.620394;-0.084092;,
  0.544158;0.596109;-0.082721;,
  0.509827;0.676786;-0.194211;,
  0.501362;0.647443;-0.195395;,
  0.505299;0.706563;-0.189032;,
  0.483199;0.733185;-0.198933;,
  0.457770;0.747222;-0.189427;,
  0.428573;0.748199;-0.180448;,
  0.401391;0.735925;-0.173774;,
  0.381609;0.712829;-0.170727;,
  0.373144;0.683487;-0.171911;,
  0.377672;0.653709;-0.177091;,
  0.394298;0.629395;-0.185241;,
  0.419727;0.615358;-0.194747;,
  0.454398;0.612073;-0.185675;,
  0.481580;0.624348;-0.192348;;
  478;
  3;0,1,2;,
  3;1,0,3;,
  3;4,5,6;,
  3;5,4,7;,
  3;8,9,10;,
  3;9,8,11;,
  3;12,13,14;,
  3;13,12,15;,
  3;1,16,2;,
  3;16,1,17;,
  3;18,14,13;,
  3;14,18,19;,
  3;20,5,7;,
  3;5,20,21;,
  3;9,22,10;,
  3;22,9,23;,
  3;17,24,16;,
  3;24,17,25;,
  3;18,26,19;,
  3;26,18,27;,
  3;21,28,29;,
  3;28,21,20;,
  3;23,30,22;,
  3;30,23,31;,
  3;25,32,24;,
  3;32,25,33;,
  3;34,26,27;,
  3;26,34,35;,
  3;36,29,28;,
  3;29,36,37;,
  3;31,38,30;,
  3;38,31,39;,
  3;33,40,32;,
  3;40,33,41;,
  3;42,32,40;,
  3;32,42,36;,
  3;36,43,37;,
  3;43,36,42;,
  3;44,38,39;,
  3;38,44,45;,
  3;41,46,40;,
  3;46,41,47;,
  3;40,48,42;,
  3;48,40,46;,
  3;42,49,43;,
  3;49,42,48;,
  3;44,50,45;,
  3;50,44,51;,
  3;47,52,46;,
  3;52,47,53;,
  3;46,54,48;,
  3;54,46,52;,
  3;48,55,49;,
  3;55,48,54;,
  3;51,56,50;,
  3;56,51,57;,
  3;58,59,60;,
  3;59,58,61;,
  3;62,63,64;,
  3;63,62,65;,
  3;66,67,68;,
  3;67,66,69;,
  3;70,71,72;,
  3;71,70,73;,
  3;74,75,76;,
  3;75,74,77;,
  3;64,78,79;,
  3;78,64,63;,
  3;68,80,81;,
  3;80,68,67;,
  3;72,82,83;,
  3;82,72,71;,
  3;76,84,85;,
  3;84,76,75;,
  3;86,87,88;,
  3;87,86,89;,
  3;80,90,81;,
  3;90,80,91;,
  3;82,92,83;,
  3;92,82,93;,
  3;85,94,95;,
  3;94,85,84;,
  3;88,96,97;,
  3;96,88,87;,
  3;98,90,91;,
  3;90,98,99;,
  3;92,100,101;,
  3;100,92,93;,
  3;94,102,95;,
  3;102,94,103;,
  3;97,104,105;,
  3;104,97,96;,
  3;99,106,107;,
  3;106,99,98;,
  3;101,108,109;,
  3;108,101,100;,
  3;102,110,111;,
  3;110,102,103;,
  3;112,113,114;,
  3;113,112,115;,
  3;116,117,118;,
  3;117,116,119;,
  3;120,121,122;,
  3;121,120,123;,
  3;122,124,125;,
  3;124,122,121;,
  3;125,126,127;,
  3;126,125,124;,
  3;128,129,130;,
  3;129,128,131;,
  3;132,133,134;,
  3;133,132,135;,
  3;136,137,138;,
  3;137,136,139;,
  3;138,140,141;,
  3;140,138,137;,
  3;141,142,143;,
  3;142,141,140;,
  3;144,145,146;,
  3;145,144,147;,
  3;116,12,119;,
  3;12,116,15;,
  3;140,6,142;,
  3;6,140,4;,
  3;147,8,145;,
  3;8,147,11;,
  3;123,0,121;,
  3;0,123,3;,
  3;148,112,114;,
  3;112,148,149;,
  3;150,120,122;,
  3;120,150,151;,
  3;152,144,146;,
  3;144,152,153;,
  3;154,141,143;,
  3;141,154,155;,
  3;117,66,118;,
  3;66,117,69;,
  3;124,62,126;,
  3;62,124,65;,
  3;77,133,135;,
  3;133,77,74;,
  3;139,70,137;,
  3;70,139,73;,
  3;115,156,113;,
  3;156,115,157;,
  3;158,136,138;,
  3;136,158,159;,
  3;160,134,161;,
  3;134,160,132;,
  3;162,125,127;,
  3;125,162,163;,
  3;157,164,156;,
  3;164,157,165;,
  3;158,166,159;,
  3;166,158,167;,
  3;161,168,160;,
  3;168,161,169;,
  3;162,170,163;,
  3;170,162,171;,
  3;165,172,164;,
  3;172,165,173;,
  3;167,129,166;,
  3;129,167,130;,
  3;169,174,168;,
  3;174,169,175;,
  3;171,128,170;,
  3;128,171,131;,
  3;104,58,105;,
  3;58,104,61;,
  3;110,176,111;,
  3;176,110,177;,
  3;108,59,109;,
  3;59,108,60;,
  3;106,178,107;,
  3;178,106,179;,
  3;148,180,149;,
  3;180,148,181;,
  3;150,182,151;,
  3;182,150,183;,
  3;184,153,152;,
  3;153,184,185;,
  3;154,186,155;,
  3;186,154,187;,
  3;188,189,190;,
  3;191,192,193;,
  3;194,195,196;,
  3;197,198,199;,
  3;200,201,202;,
  3;203,204,205;,
  3;206,207,208;,
  3;209,210,211;,
  3;212,213,214;,
  3;215,216,217;,
  3;218,219,220;,
  3;221,222,223;,
  3;224,225,226;,
  3;227,228,229;,
  3;230,231,232;,
  3;233,234,235;,
  3;236,237,238;,
  3;237,236,239;,
  3;238,240,241;,
  3;240,238,237;,
  3;242,243,244;,
  3;243,242,245;,
  3;244,246,247;,
  3;246,244,243;,
  3;247,248,249;,
  3;248,247,246;,
  3;249,250,251;,
  3;250,249,248;,
  3;251,252,253;,
  3;252,251,250;,
  3;253,254,255;,
  3;254,253,252;,
  3;255,256,257;,
  3;256,255,254;,
  3;257,258,259;,
  3;258,257,256;,
  3;259,260,261;,
  3;260,259,258;,
  3;261,262,263;,
  3;262,261,260;,
  3;264,265,266;,
  3;265,264,267;,
  3;266,239,236;,
  3;239,266,265;,
  3;268,269,270;,
  3;269,268,271;,
  3;268,272,273;,
  3;272,268,270;,
  3;274,275,276;,
  3;275,274,277;,
  3;278,279,280;,
  3;279,278,281;,
  3;280,282,283;,
  3;282,280,279;,
  3;283,284,285;,
  3;284,283,282;,
  3;285,286,287;,
  3;286,285,284;,
  3;287,288,289;,
  3;288,287,286;,
  3;289,290,291;,
  3;290,289,288;,
  3;292,293,294;,
  3;293,292,295;,
  3;296,294,297;,
  3;294,296,292;,
  3;271,297,269;,
  3;297,271,296;,
  3;298,299,300;,
  3;299,298,301;,
  3;300,302,303;,
  3;302,300,299;,
  3;304,305,306;,
  3;305,304,307;,
  3;308,309,310;,
  3;309,308,311;,
  3;310,312,313;,
  3;312,310,309;,
  3;313,314,315;,
  3;314,313,312;,
  3;315,316,317;,
  3;316,315,314;,
  3;317,318,319;,
  3;318,317,316;,
  3;319,320,321;,
  3;320,319,318;,
  3;322,323,324;,
  3;323,322,325;,
  3;326,327,328;,
  3;327,326,329;,
  3;328,301,298;,
  3;301,328,327;,
  3;330,331,332;,
  3;333,331,330;,
  3;334,331,333;,
  3;335,331,334;,
  3;336,331,335;,
  3;337,331,336;,
  3;338,331,337;,
  3;339,331,338;,
  3;340,331,339;,
  3;341,331,340;,
  3;342,331,341;,
  3;343,331,342;,
  3;344,345,346;,
  3;345,344,347;,
  3;346,348,349;,
  3;348,346,345;,
  3;349,350,351;,
  3;350,349,348;,
  3;351,352,353;,
  3;352,351,350;,
  3;353,354,355;,
  3;354,353,352;,
  3;355,356,357;,
  3;356,355,354;,
  3;357,358,359;,
  3;358,357,356;,
  3;359,360,361;,
  3;360,359,358;,
  3;361,362,363;,
  3;362,361,360;,
  3;363,364,365;,
  3;364,363,362;,
  3;365,366,367;,
  3;366,365,364;,
  3;367,368,369;,
  3;368,367,366;,
  3;369,370,371;,
  3;370,369,368;,
  3;371,347,344;,
  3;347,371,370;,
  3;372,373,374;,
  3;374,373,375;,
  3;375,373,376;,
  3;376,373,377;,
  3;377,373,378;,
  3;378,373,379;,
  3;380,268,381;,
  3;268,380,271;,
  3;381,273,382;,
  3;273,381,268;,
  3;383,276,243;,
  3;276,383,274;,
  3;384,276,275;,
  3;276,384,243;,
  3;385,386,387;,
  3;386,385,306;,
  3;388,389,390;,
  3;389,388,391;,
  3;390,392,393;,
  3;392,390,389;,
  3;393,394,395;,
  3;394,393,392;,
  3;395,396,397;,
  3;396,395,394;,
  3;398,399,322;,
  3;399,398,400;,
  3;401,399,293;,
  3;399,401,322;,
  3;260,292,402;,
  3;292,260,295;,
  3;403,296,404;,
  3;296,403,292;,
  3;404,271,380;,
  3;271,404,296;,
  3;246,405,406;,
  3;405,246,407;,
  3;406,408,409;,
  3;408,406,405;,
  3;409,410,411;,
  3;410,409,408;,
  3;411,412,413;,
  3;412,411,410;,
  3;413,414,415;,
  3;414,413,412;,
  3;415,416,258;,
  3;416,415,414;,
  3;417,418,419;,
  3;418,417,420;,
  3;419,421,422;,
  3;421,419,418;,
  3;422,423,424;,
  3;423,422,421;,
  3;424,425,426;,
  3;425,424,423;,
  3;426,427,428;,
  3;427,426,425;,
  3;428,429,430;,
  3;429,428,427;,
  3;430,431,432;,
  3;431,430,429;,
  3;432,433,434;,
  3;433,432,431;,
  3;435,436,437;,
  3;436,435,438;,
  3;437,436,439;,
  3;439,440,441;,
  3;440,439,436;,
  3;441,440,442;,
  3;442,443,444;,
  3;443,442,440;,
  3;444,445,446;,
  3;447,448,449;,
  3;448,447,450;,
  3;449,451,452;,
  3;451,449,448;,
  3;452,451,453;,
  3;453,454,455;,
  3;454,453,451;,
  3;455,454,456;,
  3;456,457,458;,
  3;457,456,454;,
  3;458,457,459;,
  3;459,438,435;,
  3;438,459,457;,
  3;278,405,407;,
  3;405,278,280;,
  3;280,408,405;,
  3;408,280,283;,
  3;283,410,408;,
  3;410,283,285;,
  3;285,412,410;,
  3;412,285,287;,
  3;287,414,412;,
  3;414,287,289;,
  3;289,416,414;,
  3;416,289,291;,
  3;246,278,407;,
  3;258,416,291;,
  3;387,386,460;,
  3;400,461,399;,
  3;462,389,391;,
  3;389,462,463;,
  3;463,392,389;,
  3;392,463,464;,
  3;464,394,392;,
  3;394,464,465;,
  3;465,396,394;,
  3;396,465,461;,
  3;466,344,346;,
  3;344,466,467;,
  3;468,346,349;,
  3;346,468,466;,
  3;469,349,351;,
  3;349,469,468;,
  3;470,351,353;,
  3;351,470,469;,
  3;471,353,355;,
  3;353,471,470;,
  3;472,355,357;,
  3;355,472,471;,
  3;473,357,359;,
  3;357,473,472;,
  3;474,359,361;,
  3;359,474,473;,
  3;475,361,363;,
  3;361,475,474;,
  3;476,363,365;,
  3;363,476,475;,
  3;477,365,367;,
  3;365,477,476;,
  3;478,367,369;,
  3;367,478,477;,
  3;479,369,371;,
  3;369,479,478;,
  3;467,371,344;,
  3;371,467,479;,
  3;463,269,464;,
  3;269,463,270;,
  3;462,270,463;,
  3;270,462,272;,
  3;275,460,386;,
  3;460,275,277;,
  3;461,293,399;,
  3;293,461,294;,
  3;465,294,461;,
  3;294,465,297;,
  3;464,297,465;,
  3;297,464,269;,
  3;384,386,306;,
  3;386,384,275;,
  3;401,295,260;,
  3;295,401,293;,
  3;321,260,258;,
  3;260,321,401;,
  3;311,306,305;,
  3;311,384,306;,
  3;311,308,384;,
  3;243,308,246;,
  3;308,243,384;,
  3;320,401,321;,
  3;320,322,401;,
  3;325,322,320;;

  MeshNormals {
   480;
   -0.098042;-0.994951;-0.021447;,
   -0.178369;-0.977081;0.116179;,
   -0.021793;-0.996850;0.076260;,
   -0.154371;-0.974934;0.160227;,
   0.242629;0.969886;-0.021268;,
   -0.211924;0.965252;0.152895;,
   0.336047;0.940912;-0.041924;,
   -0.068400;0.996017;0.057202;,
   -0.549177;0.011789;-0.835623;,
   -0.725415;-0.046643;-0.686730;,
   -0.679506;-0.043666;-0.732370;,
   -0.502051;0.057787;-0.862905;,
   0.910968;-0.163414;0.378725;,
   0.254478;-0.198014;0.946589;,
   0.224884;-0.168115;0.959773;,
   0.924246;-0.226645;0.307249;,
   -0.304014;-0.931506;0.199678;,
   -0.322273;-0.927072;0.191513;,
   -0.086370;-0.131407;0.987559;,
   0.021656;-0.179242;0.983567;,
   0.084337;0.995728;0.037579;,
   0.032965;0.997928;0.055247;,
   -0.543528;-0.103535;-0.832981;,
   -0.593173;-0.094464;-0.799514;,
   -0.582232;-0.797496;0.158136;,
   -0.518518;-0.849398;0.098296;,
   0.265581;0.228416;0.936639;,
   0.243312;0.275997;0.929852;,
   0.594017;0.793082;-0.134777;,
   0.663599;0.730628;-0.160682;,
   -0.101330;0.207795;-0.972910;,
   -0.046754;0.263033;-0.963653;,
   -0.543268;-0.586659;0.600575;,
   -0.735188;0.677236;0.029155;,
   0.327331;0.229243;0.916680;,
   0.344452;0.227295;0.910873;,
   0.822160;-0.528380;0.211819;,
   0.753316;-0.657348;0.020224;,
   0.016712;0.178621;-0.983776;,
   0.044297;0.161741;-0.985839;,
   -0.025165;0.781565;0.623316;,
   0.307801;0.951090;-0.026216;,
   -0.267729;-0.756108;0.597179;,
   -0.258650;-0.956246;0.136723;,
   -0.000039;0.092500;-0.995713;,
   -0.006021;0.088019;-0.996101;,
   0.213561;0.627008;0.749168;,
   0.247386;0.960819;0.125012;,
   -0.135670;-0.761339;0.634000;,
   -0.237777;-0.968630;-0.072242;,
   0.045700;0.177942;-0.982979;,
   0.072481;0.178288;-0.981305;,
   -0.000579;0.811286;0.584649;,
   -0.034038;0.995899;0.083826;,
   0.017643;-0.632856;0.774068;,
   -0.035951;-0.995500;-0.087677;,
   -0.009937;0.091533;-0.995753;,
   -0.023772;0.046468;-0.998637;,
   -0.932662;-0.224935;-0.282040;,
   0.256285;-0.965809;0.039135;,
   0.170219;-0.982607;0.074226;,
   -0.874292;-0.328750;-0.357124;,
   -0.023641;-0.999250;-0.030655;,
   -0.452484;-0.875132;-0.171471;,
   -0.278015;-0.960563;0.005051;,
   -0.062825;-0.997748;-0.023476;,
   0.588084;-0.106622;-0.801742;,
   0.142132;-0.108060;-0.983932;,
   0.142397;-0.111776;-0.983478;,
   0.620177;-0.100927;-0.777942;,
   -0.046254;0.993863;0.100486;,
   0.336816;0.933795;0.120753;,
   0.409940;0.903471;0.125259;,
   -0.039519;0.992793;0.113140;,
   -0.528760;0.172762;0.831003;,
   -0.728741;0.403831;0.553044;,
   -0.723950;0.426367;0.542317;,
   -0.516080;0.137610;0.845414;,
   -0.525276;-0.841152;-0.128640;,
   -0.423587;-0.905830;0.006851;,
   0.095602;-0.067042;-0.993160;,
   0.105151;-0.065742;-0.992281;,
   0.486549;0.866540;0.111259;,
   0.515444;0.838553;0.176481;,
   -0.678012;0.412301;0.608529;,
   -0.653732;0.445018;0.612040;,
   -0.423587;-0.905830;0.006851;,
   -0.682156;-0.723556;-0.105501;,
   -0.948310;-0.283349;-0.142906;,
   -0.525276;-0.841152;-0.128640;,
   0.477058;-0.533377;-0.698516;,
   0.585099;-0.318284;-0.745892;,
   0.845484;0.533889;0.010901;,
   0.892776;0.448936;0.037513;,
   0.023802;0.290085;0.956705;,
   0.037620;0.179174;0.983098;,
   -0.312107;0.906158;-0.285423;,
   -0.309365;0.937863;-0.157185;,
   -0.170126;-0.736367;-0.654844;,
   0.130749;0.597109;-0.791433;,
   0.521068;-0.846799;-0.106863;,
   0.385902;-0.895969;-0.219816;,
   0.026903;-0.122768;0.992071;,
   -0.022811;-0.203795;0.978748;,
   -0.366282;0.921981;0.125650;,
