xof 0303txt 0032
template ColorRGBA {
 <35ff44e0-6c7c-11cf-8f52-0040333594a3>
 FLOAT red;
 FLOAT green;
 FLOAT blue;
 FLOAT alpha;
}

template ColorRGB {
 <d3e16e81-7835-11cf-8f52-0040333594a3>
 FLOAT red;
 FLOAT green;
 FLOAT blue;
}

template Material {
 <3d82ab4d-62da-11cf-ab39-0020af71e433>
 ColorRGBA faceColor;
 FLOAT power;
 ColorRGB specularColor;
 ColorRGB emissiveColor;
 [...]
}

template TextureFilename {
 <a42790e1-7810-11cf-8f52-0040333594a3>
 STRING filename;
}

template Frame {
 <3d82ab46-62da-11cf-ab39-0020af71e433>
 [...]
}

template Matrix4x4 {
 <f6f23f45-7686-11cf-8f52-0040333594a3>
 array FLOAT matrix[16];
}

template FrameTransformMatrix {
 <f6f23f41-7686-11cf-8f52-0040333594a3>
 Matrix4x4 frameMatrix;
}

template Vector {
 <3d82ab5e-62da-11cf-ab39-0020af71e433>
 FLOAT x;
 FLOAT y;
 FLOAT z;
}

template MeshFace {
 <3d82ab5f-62da-11cf-ab39-0020af71e433>
 DWORD nFaceVertexIndices;
 array DWORD faceVertexIndices[nFaceVertexIndices];
}

template Mesh {
 <3d82ab44-62da-11cf-ab39-0020af71e433>
 DWORD nVertices;
 array Vector vertices[nVertices];
 DWORD nFaces;
 array MeshFace faces[nFaces];
 [...]
}

template MeshNormals {
 <f6f23f43-7686-11cf-8f52-0040333594a3>
 DWORD nNormals;
 array Vector normals[nNormals];
 DWORD nFaceNormals;
 array MeshFace faceNormals[nFaceNormals];
}

template MeshMaterialList {
 <f6f23f42-7686-11cf-8f52-0040333594a3>
 DWORD nMaterials;
 DWORD nFaceIndexes;
 array DWORD faceIndexes[nFaceIndexes];
 [Material <3d82ab4d-62da-11cf-ab39-0020af71e433>]
}

template Coords2d {
 <f6f23f44-7686-11cf-8f52-0040333594a3>
 FLOAT u;
 FLOAT v;
}

template MeshTextureCoords {
 <f6f23f40-7686-11cf-8f52-0040333594a3>
 DWORD nTextureCoords;
 array Coords2d textureCoords[nTextureCoords];
}

template XSkinMeshHeader {
 <3cf169ce-ff7c-44ab-93c0-f78f62d172e2>
 WORD nMaxSkinWeightsPerVertex;
 WORD nMaxSkinWeightsPerFace;
 WORD nBones;
}

template SkinWeights {
 <6f0d123b-bad2-4167-a0d0-80224f25fabb>
 STRING transformNodeName;
 DWORD nWeights;
 array DWORD vertexIndices[nWeights];
 array FLOAT weights[nWeights];
 Matrix4x4 matrixOffset;
}

template AnimTicksPerSecond {
 <9e415a43-7ba6-4a73-8743-b73d47e88476>
 DWORD AnimTicksPerSecond;
}

template Animation {
 <3d82ab4f-62da-11cf-ab39-0020af71e433>
 [...]
}

template AnimationSet {
 <3d82ab50-62da-11cf-ab39-0020af71e433>
 [Animation <3d82ab4f-62da-11cf-ab39-0020af71e433>]
}

template FloatKeys {
 <10dd46a9-775b-11cf-8f52-0040333594a3>
 DWORD nValues;
 array FLOAT values[nValues];
}

template TimedFloatKeys {
 <f406b180-7b3b-11cf-8f52-0040333594a3>
 DWORD time;
 FloatKeys tfkeys;
}

template AnimationKey {
 <10dd46a8-775b-11cf-8f52-0040333594a3>
 DWORD keyType;
 DWORD nKeys;
 array TimedFloatKeys keys[nKeys];
}


Material Material__178 {
 1.000000;1.000000;1.000000;1.000000;;
 9.999999;
 0.000000;0.000000;0.000000;;
 0.000000;0.000000;0.000000;;

 TextureFilename {
  "HikingBagTEMP02.png";
 }
}

Frame Dummy01 {
 

 FrameTransformMatrix {
  1.000000,0.000000,0.000000,0.000000,0.000000,-0.000000,-1.000000,0.000000,0.000000,1.000000,-0.000000,0.000000,0.000000,0.000000,0.000000,1.000000;;
 }

 Frame Bip01 {
  

  FrameTransformMatrix {
   -0.087155,0.982405,-0.165183,0.000000,-0.000001,0.165814,0.986157,0.000000,0.996195,0.085949,-0.014450,0.000000,-0.010000,-0.012284,0.490453,1.000000;;
  }

  Frame Bip01_Pelvis {
   

   FrameTransformMatrix {
    0.000000,1.000000,-0.000001,0.000000,-0.000001,0.000001,1.000000,0.000000,1.000000,0.000000,0.000001,0.000000,0.000000,0.000000,0.000000,1.000000;;
   }

   Frame Bip01_Spine {
    

    FrameTransformMatrix {
     0.984686,0.000002,-0.174337,0.000000,-0.000001,1.000000,0.000004,0.000000,0.174337,-0.000004,0.984686,0.000000,0.051619,0.000000,-0.000083,1.000000;;
    }

    Frame Bip01_Spine1 {
     

     FrameTransformMatrix {
      0.997819,0.052687,0.039774,0.000000,-0.044862,0.983198,-0.176942,0.000000,-0.048428,0.174771,0.983417,0.000000,0.106484,-0.000015,-0.000083,1.000000;;
     }

     Frame Bip01_Neck {
      

      FrameTransformMatrix {
       0.966067,-0.020835,0.257451,0.000000,0.025191,0.999590,-0.013632,0.000000,-0.257061,0.019655,0.966195,0.000000,0.130511,-0.000001,0.004626,1.000000;;
      }

      Frame Bip01_Head {
       

       FrameTransformMatrix {
        0.989321,-0.051753,-0.136255,0.000000,0.064251,0.993958,0.088989,0.000000,0.130826,-0.096793,0.986669,0.000000,0.033674,-0.000000,-0.000000,1.000000;;
       }
      }

      Frame Bip01_L_Clavicle {
       

       FrameTransformMatrix {
        -0.205975,0.976135,0.068811,0.000000,0.943873,0.216738,-0.249254,0.000000,-0.258220,0.013609,-0.965990,0.000000,-0.024734,0.015166,0.002017,1.000000;;
       }

       Frame Bip01_L_UpperArm {
        

        FrameTransformMatrix {
         0.385871,-0.777669,0.496320,0.000000,0.922466,0.332598,-0.196046,0.000000,-0.012616,0.533487,0.845714,0.000000,0.087086,-0.000000,-0.000000,1.000000;;
        }

        Frame Bip01_L_Forearm {
         

         FrameTransformMatrix {
          0.943939,0.000000,-0.330119,0.000000,0.000000,1.000000,-0.000000,0.000000,0.330119,-0.000000,0.943939,0.000000,0.137062,0.000000,0.000000,1.000000;;
         }

         Frame Bip01_L_Hand {
          

          FrameTransformMatrix {
           1.000000,-0.000000,0.000000,0.000000,0.000000,0.000796,1.000000,0.000000,0.000000,-1.000000,0.000796,0.000000,0.137062,0.000000,0.000000,1.000000;;
          }

          Frame Bip01_L_Finger0 {
           

           FrameTransformMatrix {
            0.690342,-0.181727,0.700288,0.000000,0.558537,0.749101,-0.356210,0.000000,-0.459853,0.637043,0.618637,0.000000,0.057681,-0.023605,-0.000272,1.000000;;
           }
          }

          Frame Bip01_L_Finger1 {
           

           FrameTransformMatrix {
            0.728079,-0.000546,0.685493,0.000000,0.000000,1.000000,0.000796,0.000000,-0.685493,-0.000580,0.728079,0.000000,0.084102,0.000000,0.000000,1.000000;;
           }
          }
         }
        }
       }
      }

      Frame Bip01_R_Clavicle {
       

       FrameTransformMatrix {
        -0.028509,-0.999573,-0.006461,0.000000,-0.965665,0.025871,0.258498,0.000000,-0.258220,0.013609,-0.965990,0.000000,-0.024080,-0.016250,0.001399,1.000000;;
       }

       Frame Bip01_R_UpperArm {
        

        FrameTransformMatrix {
         0.221390,0.975047,0.016433,0.000000,-0.974986,0.221654,-0.016512,0.000000,-0.019742,-0.012366,0.999729,0.000000,0.087086,0.000000,0.000000,1.000000;;
        }

        Frame Bip01_R_Forearm {
         

         FrameTransformMatrix {
          0.915660,-0.000000,-0.401954,0.000000,-0.000000,1.000000,-0.000000,0.000000,0.401954,-0.000000,0.915660,0.000000,0.137062,0.000000,0.000000,1.000000;;
         }

         Frame Bip01_R_Hand {
          

          FrameTransformMatrix {
           0.975195,-0.000000,-0.221346,0.000000,-0.221346,0.000796,-0.975195,0.000000,0.000176,1.000000,0.000777,0.000000,0.137062,-0.000000,0.000000,1.000000;;
          }

          Frame Bip01_R_Finger0 {
           

           FrameTransformMatrix {
            0.417774,-0.116941,0.900994,0.000000,-0.558537,0.749101,0.356210,0.000000,-0.716591,-0.652054,0.247639,0.000000,0.057681,0.023605,-0.000272,1.000000;;
           }
          }

          Frame Bip01_R_Finger1 {
           

           FrameTransformMatrix {
            0.352436,0.000745,0.935835,0.000000,0.000000,1.000000,-0.000796,0.000000,-0.935836,0.000281,0.352436,0.000000,0.084102,0.000000,0.000000,1.000000;;
           }
          }
         }
        }
       }
      }
     }

     Frame Bip01_BackPack {
      

      FrameTransformMatrix {
       0.180560,0.080500,-0.980264,0.000000,0.047560,0.994764,0.090451,0.000000,0.982413,-0.062954,0.175786,0.000000,0.063697,0.000003,-0.088856,1.000000;;
      }
     }
    }

    Frame Bip01_L_Thigh {
     

     FrameTransformMatrix {
      -0.888504,0.030427,0.457858,0.000000,-0.032107,-0.999476,0.004114,0.000000,0.457744,-0.011045,0.889016,0.000000,-0.050843,0.055225,-0.008917,1.000000;;
     }

     Frame Bip01_L_Calf {
      

      FrameTransformMatrix {
       0.942235,-0.000000,-0.334952,0.000000,-0.000000,1.000000,-0.000000,0.000000,0.334952,-0.000000,0.942235,0.000000,0.237500,0.000000,-0.000000,1.000000;;
      }

      Frame Bip01_L_Foot {
       

       FrameTransformMatrix {
        0.924325,-0.026487,0.380687,0.000000,-0.068962,0.969570,0.234901,0.000000,-0.375325,-0.243378,0.894371,0.000000,0.206841,0.000000,0.000000,1.000000;;
       }

       Frame Bip01_L_Toe0 {
        

        FrameTransformMatrix {
         0.000000,0.000000,1.000000,0.000000,0.000000,1.000000,-0.000000,0.000000,-1.000000,0.000000,0.000000,0.000000,0.065373,0.000000,0.066450,1.000000;;
        }
       }
      }
     }
    }

    Frame Bip01_R_Thigh {
     

     FrameTransformMatrix {
      -0.996965,0.030321,-0.071704,0.000000,-0.029454,-0.999480,-0.013113,0.000000,-0.072065,-0.010961,0.997340,0.000000,-0.050843,-0.055225,-0.008917,1.000000;;
     }

     Frame Bip01_R_Calf {
      

      FrameTransformMatrix {
       0.730239,0.000000,-0.683192,0.000000,0.000000,1.000000,0.000000,0.000000,0.683192,0.000000,0.730239,0.000000,0.237500,0.000000,0.000000,1.000000;;
      }

      Frame Bip01_R_Foot {
       

       FrameTransformMatrix {
        0.991957,0.087165,-0.091782,0.000000,-0.093276,0.993546,-0.064539,0.000000,0.085565,0.072581,0.993685,0.000000,0.206841,0.000000,0.000000,1.000000;;
       }

       Frame Bip01_R_Toe0 {
        

        FrameTransformMatrix {
         0.000000,0.000000,1.000000,0.000000,0.000000,1.000000,-0.000000,0.000000,-1.000000,0.000000,0.000000,0.000000,0.065373,0.000000,0.066450,1.000000;;
        }
       }
      }
     }
    }
   }

   Frame Bip01_DressFront {
    

    FrameTransformMatrix {
     -0.880185,-0.088339,0.466338,0.000000,0.121847,0.907542,0.401896,0.000000,-0.458725,0.410564,-0.788041,0.000000,-0.043935,0.001339,0.061057,1.000000;;
    }

    Frame Bip01_DressFront02 {
     

     FrameTransformMatrix {
      0.912593,0.000001,0.408870,0.000000,-0.000001,1.000000,-0.000000,0.000000,-0.408870,-0.000000,0.912593,0.000000,0.183378,-0.000000,-0.000120,1.000000;;
     }
    }
   }

   Frame Bip01_DressBack {
    

    FrameTransformMatrix {
     -0.886023,0.038029,0.462080,0.000000,0.191625,0.937561,0.290274,0.000000,-0.422190,0.345735,-0.837988,0.000000,-0.047673,-0.000048,-0.078302,1.000000;;
    }

    Frame Bip01_DressBack02 {
     

     FrameTransformMatrix {
      0.936852,0.174932,-0.302833,0.000000,-0.166408,0.984581,0.053939,0.000000,0.307600,-0.000139,0.951516,0.000000,0.176125,0.000000,-0.000103,1.000000;;
     }
    }
   }
  }

  Frame Bip01_Prop1 {
   

   FrameTransformMatrix {
    -0.233929,-0.108090,0.966227,0.000000,0.687222,0.684611,0.242967,0.000000,-0.687752,0.720849,-0.085868,0.000000,0.076452,-0.048658,-0.145664,1.000000;;
   }
  }

  Frame Bip01_Prop2 {
   

   FrameTransformMatrix {
    -0.163643,-0.967062,0.194966,0.000000,0.985576,-0.168906,-0.010564,0.000000,0.043147,0.190425,0.980753,0.000000,-0.138405,-0.102098,0.114818,1.000000;;
   }
  }
 }
}

Frame Translation_Data {
 

 FrameTransformMatrix {
  -0.000000,0.000000,-1.000000,0.000000,-1.000000,-0.000000,0.000000,0.000000,-0.000000,1.000000,0.000000,0.000000,0.000000,-0.000000,0.000000,1.000000;;
 }
}

Frame HikingBag_RHand {
 

 FrameTransformMatrix {
  1.000000,0.000000,-0.000000,0.000000,-0.000000,1.000000,0.000000,0.000000,0.000000,-0.000000,1.000000,0.000000,0.000000,0.000000,0.000000,1.000000;;
 }

 Mesh HikingBag_RHand {
  399;
  -0.658773;0.660395;0.065397;,
  -0.657310;0.712363;0.092659;,
  -0.672560;0.686553;0.047516;,
  -0.643033;0.705405;0.115602;,
  -0.639118;0.631745;0.083920;,
  -0.619459;0.680287;0.136862;,
  -0.616625;0.610237;0.096025;,
  -0.600265;0.654968;0.147071;,
  -0.437061;0.759637;-0.066226;,
  -0.470395;0.780819;-0.037865;,
  -0.436495;0.780235;-0.033749;,
  -0.474493;0.770425;-0.066211;,
  -0.404407;0.737423;-0.055918;,
  -0.403404;0.760783;-0.019550;,
  -0.394556;0.711900;-0.037633;,
  -0.393873;0.732874;-0.004700;,
  -0.645536;0.712358;0.020055;,
  -0.661120;0.716818;0.081688;,
  -0.627176;0.734239;0.066071;,
  -0.675234;0.694922;0.041392;,
  -0.609601;0.725593;0.001385;,
  -0.590637;0.749146;0.045221;,
  -0.564577;0.738388;-0.019411;,
  -0.579731;0.747393;0.053172;,
  -0.543681;0.762926;0.027879;,
  -0.602186;0.721986;0.002567;,
  -0.512595;0.752938;-0.043243;,
  -0.496258;0.775378;-0.005320;,
  -0.492215;0.782066;-0.007763;,
  -0.509084;0.757786;-0.047968;,
  -0.555624;0.674211;0.126611;,
  -0.616625;0.610237;0.096025;,
  -0.568447;0.628198;0.070329;,
  -0.600265;0.654968;0.147071;,
  -0.508973;0.693153;0.098603;,
  -0.488336;0.661425;0.024914;,
  -0.465157;0.711450;0.070252;,
  -0.477280;0.667958;0.017051;,
  -0.421860;0.726292;0.038434;,
  -0.430896;0.688186;-0.010055;,
  -0.397882;0.725261;-0.000058;,
  -0.398233;0.705436;-0.031566;,
  -0.574337;0.711384;0.129561;,
  -0.595068;0.667511;0.154814;,
  -0.555225;0.686341;0.135805;,
  -0.611703;0.691281;0.145260;,
  -0.597938;0.731529;0.110042;,
  -0.632993;0.712584;0.126543;,
  -0.620113;0.731556;0.075711;,
  -0.643033;0.705405;0.115602;,
  -0.601981;0.724545;0.097547;,
  -0.657310;0.712363;0.092659;,
  -0.526924;0.731212;0.100484;,
  -0.509448;0.705793;0.107589;,
  -0.551670;0.749719;0.085624;,
  -0.555713;0.742735;0.073129;,
  -0.486739;0.746246;0.072984;,
  -0.472574;0.720288;0.082044;,
  -0.515843;0.761763;0.061772;,
  -0.513167;0.758861;0.046298;,
  -0.436191;0.757035;0.024637;,
  -0.465157;0.711450;0.070252;,
  -0.421860;0.726292;0.038434;,
  -0.482424;0.741293;0.058783;,
  -0.469975;0.773126;0.013688;,
  -0.417615;0.734720;0.034803;,
  -0.430697;0.763126;0.024233;,
  -0.464667;0.779206;0.012957;,
  -0.676297;0.646603;0.011095;,
  -0.667663;0.620100;0.009795;,
  -0.645864;0.588835;0.023431;,
  -0.625102;0.568944;0.040373;,
  -0.480688;0.745167;-0.082085;,
  -0.449940;0.733668;-0.091507;,
  -0.418548;0.708332;-0.084607;,
  -0.407533;0.685563;-0.063381;,
  -0.677849;0.658878;0.009825;,
  -0.645634;0.670310;-0.013221;,
  -0.609006;0.685526;-0.033689;,
  -0.600579;0.675185;-0.036390;,
  -0.563333;0.694860;-0.056545;,
  -0.512599;0.718780;-0.075519;,
  -0.509619;0.721787;-0.082528;,
  -0.581949;0.583034;0.013521;,
  -0.625102;0.568944;0.040373;,
  -0.534785;0.603751;-0.012284;,
  -0.490041;0.625266;-0.036646;,
  -0.444074;0.649353;-0.056994;,
  -0.410878;0.680249;-0.055888;,
  -0.609143;0.590586;-0.019882;,
  -0.625483;0.562615;0.024326;,
  -0.643596;0.580570;0.008328;,
  -0.587348;0.575709;-0.000555;,
  -0.629973;0.620433;-0.027417;,
  -0.662680;0.608198;-0.003006;,
  -0.641063;0.658998;-0.014285;,
  -0.667663;0.620100;0.009795;,
  -0.676297;0.646603;0.011095;,
  -0.628505;0.632680;-0.016395;,
  -0.561169;0.612358;-0.046549;,
  -0.540786;0.597185;-0.026831;,
  -0.583983;0.637660;-0.053030;,
  -0.582515;0.649907;-0.042008;,
  -0.519184;0.633756;-0.066518;,
  -0.502614;0.615833;-0.047352;,
  -0.547170;0.654347;-0.071127;,
  -0.538896;0.669748;-0.064231;,
  -0.460495;0.672856;-0.079772;,
  -0.490041;0.625266;-0.036646;,
  -0.509649;0.646997;-0.058175;,
  -0.444074;0.649353;-0.056994;,
  -0.492684;0.694472;-0.083869;,
  -0.440963;0.653853;-0.065498;,
  -0.456582;0.673472;-0.086967;,
  -0.488853;0.695437;-0.090945;,
  -0.394556;0.711900;-0.037633;,
  -0.397882;0.725261;-0.000058;,
  -0.398233;0.705436;-0.031566;,
  -0.393873;0.732874;-0.004700;,
  -0.407533;0.685563;-0.063381;,
  -0.410878;0.680249;-0.055888;,
  -0.440963;0.653853;-0.065498;,
  -0.444074;0.649353;-0.056994;,
  -0.456582;0.673472;-0.086967;,
  -0.460495;0.672856;-0.079772;,
  -0.488853;0.695437;-0.090945;,
  -0.492684;0.694472;-0.083869;,
  -0.509619;0.721787;-0.082528;,
  -0.512599;0.718780;-0.075519;,
  -0.509084;0.757786;-0.047968;,
  -0.512595;0.752938;-0.043243;,
  -0.492215;0.782066;-0.007763;,
  -0.496258;0.775378;-0.005320;,
  -0.464667;0.779206;0.012957;,
  -0.469975;0.773126;0.013688;,
  -0.430697;0.763126;0.024233;,
  -0.436191;0.757035;0.024637;,
  -0.417615;0.734720;0.034803;,
  -0.421860;0.726292;0.038434;,
  -0.662680;0.608198;-0.003006;,
  -0.645864;0.588835;0.023431;,
  -0.667663;0.620100;0.009795;,
  -0.643596;0.580570;0.008328;,
  -0.629973;0.620433;-0.027417;,
  -0.628505;0.632680;-0.016395;,
  -0.583983;0.637660;-0.053030;,
  -0.582515;0.649907;-0.042008;,
  -0.547170;0.654347;-0.071127;,
  -0.538896;0.669748;-0.064231;,
  -0.519184;0.633756;-0.066518;,
  -0.509649;0.646997;-0.058175;,
  -0.502614;0.615833;-0.047352;,
  -0.490041;0.625266;-0.036646;,
  -0.540786;0.597185;-0.026831;,
  -0.534785;0.603751;-0.012284;,
  -0.587348;0.575709;-0.000555;,
  -0.581949;0.583034;0.013521;,
  -0.625102;0.568944;0.040373;,
  -0.625483;0.562615;0.024326;,
  -0.611703;0.691281;0.145260;,
  -0.643033;0.705405;0.115602;,
  -0.619459;0.680287;0.136862;,
  -0.632993;0.712584;0.126543;,
  -0.595068;0.667511;0.154814;,
  -0.600265;0.654968;0.147071;,
  -0.509448;0.705793;0.107589;,
  -0.555624;0.674211;0.126611;,
  -0.508973;0.693153;0.098603;,
  -0.555225;0.686341;0.135805;,
  -0.472574;0.720288;0.082044;,
  -0.465157;0.711450;0.070252;,
  -0.486739;0.746246;0.072984;,
  -0.482424;0.741293;0.058783;,
  -0.515843;0.761763;0.061772;,
  -0.513167;0.758861;0.046298;,
  -0.551670;0.749719;0.085624;,
  -0.555713;0.742735;0.073129;,
  -0.597938;0.731529;0.110042;,
  -0.601981;0.724545;0.097547;,
  -0.661120;0.716818;0.081688;,
  -0.672560;0.686553;0.047516;,
  -0.657310;0.712363;0.092659;,
  -0.675234;0.694922;0.041392;,
  -0.627176;0.734239;0.066071;,
  -0.620113;0.731556;0.075711;,
  -0.590637;0.749146;0.045221;,
  -0.579731;0.747393;0.053172;,
  -0.609601;0.725593;0.001385;,
  -0.602186;0.721986;0.002567;,
  -0.609006;0.685526;-0.033689;,
  -0.600579;0.675185;-0.036390;,
  -0.645634;0.670310;-0.013221;,
  -0.641063;0.658998;-0.014285;,
  -0.677849;0.658878;0.009825;,
  -0.676297;0.646603;0.011095;,
  -0.613988;0.565577;0.047223;,
  -0.581949;0.583034;0.013521;,
  -0.625102;0.568944;0.040373;,
  -0.578716;0.578531;0.024346;,
  -0.613779;0.557232;0.033458;,
  -0.625483;0.562615;0.024326;,
  -0.581773;0.568896;0.012536;,
  -0.587348;0.575709;-0.000555;,
  -0.554385;0.662985;0.128908;,
  -0.600265;0.654968;0.147071;,
  -0.555624;0.674211;0.126611;,
  -0.590631;0.646239;0.147165;,
  -0.551950;0.671810;0.140015;,
  -0.555225;0.686341;0.135805;,
  -0.585214;0.655879;0.155808;,
  -0.595068;0.667511;0.154814;,
  -0.604037;0.559300;0.057020;,
  -0.578716;0.578531;0.024346;,
  -0.613988;0.565577;0.047223;,
  -0.572402;0.572144;0.035524;,
  -0.601936;0.553984;0.049837;,
  -0.613988;0.565577;0.047223;,
  -0.613779;0.557232;0.033458;,
  -0.604037;0.559300;0.057020;,
  -0.574916;0.564948;0.031330;,
  -0.581773;0.568896;0.012536;,
  -0.549967;0.649065;0.130344;,
  -0.590631;0.646239;0.147165;,
  -0.554385;0.662985;0.128908;,
  -0.582462;0.632949;0.147932;,
  -0.550109;0.650971;0.138143;,
  -0.551950;0.671810;0.140015;,
  -0.577698;0.636849;0.152314;,
  -0.585214;0.655879;0.155808;,
  -0.582462;0.632949;0.147932;,
  -0.585214;0.655879;0.155808;,
  -0.590631;0.646239;0.147165;,
  -0.585214;0.655879;0.155808;,
  -0.582462;0.632949;0.147932;,
  -0.577698;0.636849;0.152314;,
  -0.596272;0.565825;0.077827;,
  -0.563839;0.574466;0.058534;,
  -0.592223;0.559685;0.074893;,
  -0.596272;0.565825;0.077827;,
  -0.564514;0.567096;0.058517;,
  -0.548206;0.625405;0.121259;,
  -0.581829;0.612414;0.135522;,
  -0.548072;0.622775;0.127346;,
  -0.576378;0.611472;0.139105;,
  -0.581829;0.612414;0.135522;,
  -0.582462;0.632949;0.147932;,
  -0.587676;0.588090;0.106858;,
  -0.554570;0.599016;0.090343;,
  -0.582113;0.584351;0.108578;,
  -0.587676;0.588090;0.106858;,
  -0.553127;0.594009;0.094044;,
  -0.445956;0.644041;-0.045771;,
  -0.455864;0.673438;-0.010161;,
  -0.472685;0.660597;-0.029808;,
  -0.434676;0.661856;-0.029637;,
  -0.438876;0.651398;-0.051292;,
  -0.452958;0.679995;-0.016935;,
  -0.427965;0.667195;-0.035242;,
  -0.469779;0.667154;-0.036582;,
  -0.434676;0.661856;-0.029637;,
  -0.455864;0.673438;-0.010161;,
  -0.455864;0.673438;-0.010161;,
  -0.469779;0.667154;-0.036582;,
  -0.472685;0.660597;-0.029808;,
  -0.469779;0.667154;-0.036582;,
  -0.455864;0.673438;-0.010161;,
  -0.452958;0.679995;-0.016935;,
  -0.430053;0.649760;-0.027211;,
  -0.434613;0.635535;-0.041915;,
  -0.421927;0.653709;-0.034763;,
  -0.430053;0.649760;-0.027211;,
  -0.425592;0.640347;-0.046805;,
  -0.439051;0.642002;-0.017060;,
  -0.442100;0.629392;-0.032546;,
  -0.429528;0.638294;-0.021704;,
  -0.439051;0.642002;-0.017060;,
  -0.432939;0.623952;-0.035861;,
  -0.461078;0.617304;-0.008429;,
  -0.462152;0.606944;-0.025990;,
  -0.454482;0.614102;-0.008320;,
  -0.461078;0.617304;-0.008429;,
  -0.455436;0.602440;-0.025844;,
  -0.487107;0.597189;0.004630;,
  -0.490224;0.589185;-0.017552;,
  -0.478352;0.594170;0.004097;,
  -0.487107;0.597189;0.004630;,
  -0.481022;0.585400;-0.017572;,
  -0.514106;0.581841;0.010815;,
  -0.516250;0.574916;-0.011509;,
  -0.511528;0.574346;0.012791;,
  -0.514106;0.581841;0.010815;,
  -0.513783;0.568302;-0.010218;,
  -0.547959;0.570460;0.021369;,
  -0.547709;0.567921;0.003053;,
  -0.549124;0.560511;0.018986;,
  -0.547959;0.570460;0.021369;,
  -0.548874;0.557972;0.000670;,
  -0.581779;0.569009;0.029553;,
  -0.581303;0.567914;0.023291;,
  -0.584830;0.565704;0.029167;,
  -0.581779;0.569009;0.029553;,
  -0.584556;0.563911;0.022038;,
  -0.581303;0.567914;0.023291;,
  -0.595986;0.572008;0.035333;,
  -0.581779;0.569009;0.029553;,
  -0.595986;0.572008;0.035333;,
  -0.581303;0.567914;0.023291;,
  -0.594618;0.568577;0.026542;,
  -0.581779;0.569009;0.029553;,
  -0.599632;0.568628;0.034641;,
  -0.584830;0.565704;0.029167;,
  -0.599632;0.568628;0.034641;,
  -0.581779;0.569009;0.029553;,
  -0.595986;0.572008;0.035333;,
  -0.584830;0.565704;0.029167;,
  -0.598264;0.565197;0.025850;,
  -0.584556;0.563911;0.022038;,
  -0.598264;0.565197;0.025850;,
  -0.584830;0.565704;0.029167;,
  -0.599632;0.568628;0.034641;,
  -0.584556;0.563911;0.022038;,
  -0.594618;0.568577;0.026542;,
  -0.581303;0.567914;0.023291;,
  -0.594618;0.568577;0.026542;,
  -0.584556;0.563911;0.022038;,
  -0.598264;0.565197;0.025850;,
  -0.428230;0.715016;0.039609;,
  -0.450968;0.690394;0.010869;,
  -0.423787;0.701197;0.018707;,
  -0.458524;0.709643;0.031024;,
  -0.419256;0.720352;0.033958;,
  -0.447841;0.697717;0.005047;,
  -0.455397;0.716966;0.025202;,
  -0.416618;0.706498;0.013505;,
  -0.423787;0.701197;0.018707;,
  -0.450968;0.690394;0.010869;,
  -0.450968;0.690394;0.010869;,
  -0.455397;0.716966;0.025202;,
  -0.447841;0.697717;0.005047;,
  -0.458524;0.709643;0.031024;,
  -0.418168;0.697181;0.029874;,
  -0.418924;0.711489;0.046310;,
  -0.408551;0.702242;0.024823;,
  -0.418168;0.697181;0.029874;,
  -0.408657;0.714401;0.040784;,
  -0.426623;0.689344;0.038747;,
  -0.422936;0.702876;0.057605;,
  -0.415411;0.688064;0.039532;,
  -0.426623;0.689344;0.038747;,
  -0.411991;0.701189;0.057295;,
  -0.443982;0.676537;0.065029;,
  -0.438304;0.691359;0.077866;,
  -0.437128;0.674207;0.066229;,
  -0.443982;0.676537;0.065029;,
  -0.430808;0.687740;0.079956;,
  -0.467472;0.665197;0.088981;,
  -0.462568;0.684973;0.101256;,
  -0.458463;0.663057;0.089539;,
  -0.467472;0.665197;0.088981;,
  -0.453112;0.682067;0.102327;,
  -0.491063;0.661651;0.109806;,
  -0.485447;0.681604;0.120818;,
  -0.487538;0.657436;0.115850;,
  -0.491063;0.661651;0.109806;,
  -0.482033;0.678270;0.126178;,
  -0.522960;0.657046;0.128764;,
  -0.517163;0.673718;0.134277;,
  -0.521208;0.657198;0.138909;,
  -0.522960;0.657046;0.128764;,
  -0.515411;0.673870;0.144422;,
  -0.556725;0.655782;0.137180;,
  -0.554328;0.661343;0.139173;,
  -0.558749;0.656036;0.141208;,
  -0.556725;0.655782;0.137180;,
  -0.556150;0.662296;0.144067;,
  -0.554328;0.661343;0.139173;,
  -0.572278;0.654120;0.137179;,
  -0.567840;0.661324;0.141578;,
  -0.572278;0.654120;0.137179;,
  -0.554328;0.661343;0.139173;,
  -0.556725;0.655782;0.137180;,
  -0.556725;0.655782;0.137180;,
  -0.574759;0.654777;0.141493;,
  -0.572278;0.654120;0.137179;,
  -0.574759;0.654777;0.141493;,
  -0.556725;0.655782;0.137180;,
  -0.558749;0.656036;0.141208;,
  -0.558749;0.656036;0.141208;,
  -0.570320;0.661980;0.145892;,
  -0.574759;0.654777;0.141493;,
  -0.570320;0.661980;0.145892;,
  -0.558749;0.656036;0.141208;,
  -0.556150;0.662296;0.144067;,
  -0.556150;0.662296;0.144067;,
  -0.567840;0.661324;0.141578;,
  -0.570320;0.661980;0.145892;,
  -0.567840;0.661324;0.141578;,
  -0.556150;0.662296;0.144067;,
  -0.554328;0.661343;0.139173;;
  412;
  3;0,1,2;,
  3;1,0,3;,
  3;4,3,0;,
  3;3,4,5;,
  3;6,5,4;,
  3;5,6,7;,
  3;8,9,10;,
  3;9,8,11;,
  3;12,10,13;,
  3;10,12,8;,
  3;14,13,15;,
  3;13,14,12;,
  3;16,17,18;,
  3;17,16,19;,
  3;20,18,21;,
  3;18,20,16;,
  3;22,23,24;,
  3;23,22,25;,
  3;26,24,27;,
  3;24,26,22;,
  3;11,28,9;,
  3;28,11,29;,
  3;30,31,32;,
  3;31,30,33;,
  3;34,32,35;,
  3;32,34,30;,
  3;36,35,37;,
  3;35,36,34;,
  3;38,37,39;,
  3;37,38,36;,
  3;40,39,41;,
  3;39,40,38;,
  3;42,43,44;,
  3;43,42,45;,
  3;46,45,42;,
  3;45,46,47;,
  3;48,49,50;,
  3;49,48,51;,
  3;52,44,53;,
  3;44,52,42;,
  3;54,42,52;,
  3;42,54,46;,
  3;23,50,55;,
  3;50,23,48;,
  3;56,53,57;,
  3;53,56,52;,
  3;58,52,56;,
  3;52,58,54;,
  3;24,55,59;,
  3;55,24,23;,
  3;60,61,62;,
  3;61,60,63;,
  3;64,63,60;,
  3;63,64,59;,
  3;27,59,64;,
  3;59,27,24;,
  3;13,65,15;,
  3;65,13,66;,
  3;10,66,13;,
  3;66,10,67;,
  3;9,67,10;,
  3;67,9,28;,
  3;0,68,69;,
  3;68,0,2;,
  3;4,69,70;,
  3;69,4,0;,
  3;6,70,71;,
  3;70,6,4;,
  3;8,72,11;,
  3;72,8,73;,
  3;12,73,8;,
  3;73,12,74;,
  3;14,74,12;,
  3;74,14,75;,
  3;16,76,19;,
  3;76,16,77;,
  3;20,77,16;,
  3;77,20,78;,
  3;22,79,25;,
  3;79,22,80;,
  3;26,80,22;,
  3;80,26,81;,
  3;11,82,29;,
  3;82,11,72;,
  3;83,31,84;,
  3;31,83,32;,
  3;85,32,83;,
  3;32,85,35;,
  3;86,35,85;,
  3;35,86,37;,
  3;87,37,86;,
  3;37,87,39;,
  3;88,39,87;,
  3;39,88,41;,
  3;89,90,91;,
  3;90,89,92;,
  3;93,91,94;,
  3;91,93,89;,
  3;95,96,97;,
  3;96,95,98;,
  3;99,92,89;,
  3;92,99,100;,
  3;101,89,93;,
  3;89,101,99;,
  3;79,98,95;,
  3;98,79,102;,
  3;103,100,99;,
  3;100,103,104;,
  3;105,99,101;,
  3;99,105,103;,
  3;80,102,79;,
  3;102,80,106;,
  3;107,108,109;,
  3;108,107,110;,
  3;111,109,106;,
  3;109,111,107;,
  3;81,106,80;,
  3;106,81,111;,
  3;74,112,113;,
  3;112,74,75;,
  3;73,113,114;,
  3;113,73,74;,
  3;72,114,82;,
  3;114,72,73;,
  3;115,116,117;,
  3;116,115,118;,
  3;119,117,120;,
  3;117,119,115;,
  3;121,120,122;,
  3;120,121,119;,
  3;123,122,124;,
  3;122,123,121;,
  3;125,124,126;,
  3;124,125,123;,
  3;127,126,128;,
  3;126,127,125;,
  3;129,128,130;,
  3;128,129,127;,
  3;131,130,132;,
  3;130,131,129;,
  3;133,132,134;,
  3;132,133,131;,
  3;135,134,136;,
  3;134,135,133;,
  3;137,136,138;,
  3;136,137,135;,
  3;118,138,116;,
  3;138,118,137;,
  3;139,140,141;,
  3;140,139,142;,
  3;143,141,144;,
  3;141,143,139;,
  3;145,144,146;,
  3;144,145,143;,
  3;147,146,148;,
  3;146,147,145;,
  3;149,148,150;,
  3;148,149,147;,
  3;151,150,152;,
  3;150,151,149;,
  3;153,152,154;,
  3;152,153,151;,
  3;155,154,156;,
  3;154,155,153;,
  3;142,157,140;,
  3;157,142,158;,
  3;159,160,161;,
  3;160,159,162;,
  3;163,161,164;,
  3;161,163,159;,
  3;165,166,167;,
  3;166,165,168;,
  3;169,167,170;,
  3;167,169,165;,
  3;171,170,172;,
  3;170,171,169;,
  3;173,172,174;,
  3;172,173,171;,
  3;175,174,176;,
  3;174,175,173;,
  3;177,176,178;,
  3;176,177,175;,
  3;162,178,160;,
  3;178,162,177;,
  3;179,180,181;,
  3;180,179,182;,
  3;183,181,184;,
  3;181,183,179;,
  3;185,184,186;,
  3;184,185,183;,
  3;187,186,188;,
  3;186,187,185;,
  3;189,188,190;,
  3;188,189,187;,
  3;191,190,192;,
  3;190,191,189;,
  3;193,192,194;,
  3;192,193,191;,
  3;182,194,180;,
  3;194,182,193;,
  3;195,196,197;,
  3;196,195,198;,
  3;199,197,200;,
  3;197,199,195;,
  3;201,200,202;,
  3;200,201,199;,
  3;198,202,196;,
  3;202,198,201;,
  3;203,204,205;,
  3;204,203,206;,
  3;207,205,208;,
  3;205,207,203;,
  3;209,208,210;,
  3;208,209,207;,
  3;206,210,204;,
  3;210,206,209;,
  3;211,212,213;,
  3;212,211,214;,
  3;215,216,217;,
  3;216,215,218;,
  3;219,217,220;,
  3;217,219,215;,
  3;214,220,212;,
  3;220,214,219;,
  3;221,222,223;,
  3;222,221,224;,
  3;225,223,226;,
  3;223,225,221;,
  3;227,226,228;,
  3;226,227,225;,
  3;229,230,231;,
  3;232,233,234;,
  3;235,214,211;,
  3;214,235,236;,
  3;237,218,215;,
  3;218,237,238;,
  3;239,215,219;,
  3;215,239,237;,
  3;236,219,214;,
  3;219,236,239;,
  3;240,224,221;,
  3;224,240,241;,
  3;242,221,225;,
  3;221,242,240;,
  3;243,225,227;,
  3;225,243,242;,
  3;244,227,245;,
  3;227,244,243;,
  3;246,236,235;,
  3;236,246,247;,
  3;248,238,237;,
  3;238,248,249;,
  3;250,237,239;,
  3;237,250,248;,
  3;247,239,236;,
  3;239,247,250;,
  3;247,241,240;,
  3;241,247,246;,
  3;250,240,242;,
  3;240,250,247;,
  3;248,242,243;,
  3;242,248,250;,
  3;249,243,244;,
  3;243,249,248;,
  3;251,252,253;,
  3;252,251,254;,
  3;255,256,257;,
  3;256,255,258;,
  3;259,256,260;,
  3;256,259,257;,
  3;261,262,263;,
  3;264,265,266;,
  3;253,255,251;,
  3;255,253,258;,
  3;251,267,254;,
  3;267,251,268;,
  3;259,269,257;,
  3;269,259,270;,
  3;257,271,255;,
  3;271,257,269;,
  3;255,268,251;,
  3;268,255,271;,
  3;268,272,267;,
  3;272,268,273;,
  3;270,274,269;,
  3;274,270,275;,
  3;269,276,271;,
  3;276,269,274;,
  3;271,273,268;,
  3;273,271,276;,
  3;273,277,272;,
  3;277,273,278;,
  3;275,279,274;,
  3;279,275,280;,
  3;274,281,276;,
  3;281,274,279;,
  3;276,278,273;,
  3;278,276,281;,
  3;278,282,277;,
  3;282,278,283;,
  3;280,284,279;,
  3;284,280,285;,
  3;279,286,281;,
  3;286,279,284;,
  3;281,283,278;,
  3;283,281,286;,
  3;283,287,282;,
  3;287,283,288;,
  3;285,289,284;,
  3;289,285,290;,
  3;284,291,286;,
  3;291,284,289;,
  3;286,288,283;,
  3;288,286,291;,
  3;288,292,287;,
  3;292,288,293;,
  3;290,294,289;,
  3;294,290,295;,
  3;289,296,291;,
  3;296,289,294;,
  3;291,293,288;,
  3;293,291,296;,
  3;293,297,292;,
  3;297,293,298;,
  3;295,299,294;,
  3;299,295,300;,
  3;294,301,296;,
  3;301,294,299;,
  3;296,298,293;,
  3;298,296,301;,
  3;302,303,304;,
  3;305,306,307;,
  3;308,309,310;,
  3;311,312,313;,
  3;314,315,316;,
  3;317,318,319;,
  3;320,321,322;,
  3;323,324,325;,
  3;326,327,328;,
  3;327,326,329;,
  3;330,331,332;,
  3;331,330,333;,
  3;334,331,333;,
  3;331,334,335;,
  3;336,337,338;,
  3;337,336,339;,
  3;329,330,332;,
  3;330,329,326;,
  3;326,340,341;,
  3;340,326,328;,
  3;334,342,343;,
  3;342,334,333;,
  3;333,344,342;,
  3;344,333,330;,
  3;330,341,344;,
  3;341,330,326;,
  3;341,345,346;,
  3;345,341,340;,
  3;343,347,348;,
  3;347,343,342;,
  3;342,349,347;,
  3;349,342,344;,
  3;344,346,349;,
  3;346,344,341;,
  3;346,350,351;,
  3;350,346,345;,
  3;348,352,353;,
  3;352,348,347;,
  3;347,354,352;,
  3;354,347,349;,
  3;349,351,354;,
  3;351,349,346;,
  3;351,355,356;,
  3;355,351,350;,
  3;353,357,358;,
  3;357,353,352;,
  3;352,359,357;,
  3;359,352,354;,
  3;354,356,359;,
  3;356,354,351;,
  3;356,360,361;,
  3;360,356,355;,
  3;358,362,363;,
  3;362,358,357;,
  3;357,364,362;,
  3;364,357,359;,
  3;359,361,364;,
  3;361,359,356;,
  3;361,365,366;,
  3;365,361,360;,
  3;363,367,368;,
  3;367,363,362;,
  3;362,369,367;,
  3;369,362,364;,
  3;364,366,369;,
  3;366,364,361;,
  3;366,370,371;,
  3;370,366,365;,
  3;368,372,373;,
  3;372,368,367;,
  3;367,374,372;,
  3;374,367,369;,
  3;369,371,374;,
  3;371,369,366;,
  3;375,376,377;,
  3;378,379,380;,
  3;381,382,383;,
  3;384,385,386;,
  3;387,388,389;,
  3;390,391,392;,
  3;393,394,395;,
  3;396,397,398;;

  MeshNormals {
   399;
   -0.870847;-0.263363;0.415049;,
   -0.785195;0.275217;0.554729;,
   -0.899451;-0.213365;0.381398;,
   -0.765500;0.212998;0.607158;,
   -0.781132;-0.384561;0.491880;,
   -0.765291;-0.319733;0.558659;,
   -0.732143;-0.436840;0.522626;,
   -0.756906;-0.351725;0.550802;,
   0.376908;0.676247;-0.632954;,
   -0.065341;0.968829;-0.238957;,
   0.326176;0.923353;-0.202554;,
   -0.125838;0.786413;-0.604747;,
   0.794647;0.368728;-0.482262;,
   0.767839;0.640605;-0.006952;,
   0.938410;0.127418;-0.321173;,
   0.907756;0.390939;0.152140;,
   -0.569877;0.698324;-0.433110;,
   -0.552006;0.809946;-0.198182;,
   -0.489676;0.844497;-0.216892;,
   -0.654802;0.656049;-0.375279;,
   -0.523912;0.718741;-0.457086;,
   -0.482278;0.841495;-0.243504;,
   -0.507196;0.724793;-0.466291;,
   -0.270816;0.940489;0.205281;,
   -0.292553;0.954896;0.050858;,
   -0.561550;0.703141;-0.436181;,
   -0.462780;0.739656;-0.488614;,
   -0.269731;0.962931;0.002938;,
   -0.125700;0.985554;-0.113501;,
   -0.509709;0.723879;-0.464970;,
   0.820007;-0.556912;0.132050;,
   0.517430;-0.721019;0.460866;,
   0.532349;-0.715272;0.452760;,
   -0.268432;-0.718923;0.641165;,
   0.590050;-0.575628;0.566121;,
   0.600366;-0.685076;0.412591;,
   0.754241;-0.433594;0.493069;,
   0.609496;-0.680489;0.406755;,
   0.630409;-0.441770;0.638298;,
   0.592540;-0.688909;0.417494;,
   0.811804;-0.408125;0.417623;,
   0.803508;-0.540102;0.250330;,
   0.142501;0.579010;0.802771;,
   0.171487;0.429366;0.886700;,
   0.281016;0.428708;0.858627;,
   0.054293;0.562568;0.824966;,
   0.017152;0.698245;0.715654;,
   -0.001999;0.658902;0.752226;,
   -0.180816;0.887825;0.423170;,
   -0.765500;0.212998;0.607158;,
   -0.169748;0.890385;0.422374;,
   -0.785195;0.275217;0.554729;,
   0.249662;0.610393;0.751724;,
   0.344887;0.465591;0.815032;,
   0.134476;0.734043;0.665655;,
   -0.134088;0.913892;0.383174;,
   0.278230;0.610500;0.741537;,
   0.365376;0.478113;0.798691;,
   0.162655;0.751369;0.639521;,
   -0.001934;0.912080;0.410007;,
   0.297020;0.646932;0.702323;,
   0.385635;0.518582;0.763124;,
   0.382364;0.520798;0.763261;,
   0.285391;0.668972;0.686315;,
   0.068569;0.873233;0.482455;,
   0.749044;0.499421;0.435330;,
   0.575481;0.744136;0.339239;,
   0.201944;0.971014;0.127872;,
   -0.947422;-0.286663;-0.142182;,
   -0.929599;-0.355363;-0.097793;,
   -0.798820;-0.435859;0.414624;,
   -0.781775;-0.437860;0.443967;,
   -0.209291;0.470250;-0.857358;,
   0.157399;0.338792;-0.927602;,
   0.579815;-0.010615;-0.814679;,
   0.722362;-0.251170;-0.644288;,
   -0.642477;0.499376;-0.581246;,
   -0.584797;0.511995;-0.629185;,
   -0.570428;0.536186;-0.622186;,
   -0.516818;0.088461;-0.851513;,
   -0.498159;0.242776;-0.832405;,
   -0.465466;0.284996;-0.837925;,
   -0.303769;0.368810;-0.878467;,
   0.832416;-0.478747;0.279080;,
   -0.333175;-0.667865;0.665546;,
   0.531138;-0.789915;0.306474;,
   0.688384;-0.712792;0.134368;,
   0.508646;-0.848941;0.143453;,
   0.737530;-0.668222;0.097619;,
   -0.226985;-0.657419;-0.718525;,
   -0.183677;-0.798580;-0.573178;,
   -0.331760;-0.660033;-0.674012;,
   -0.028797;-0.807637;-0.588976;,
   -0.366955;-0.483006;-0.795015;,
   -0.354801;-0.554051;-0.753089;,
   -0.480465;-0.150014;-0.864089;,
   -0.929599;-0.355363;-0.097793;,
   -0.947422;-0.286663;-0.142182;,
   -0.470447;-0.151092;-0.869397;,
   -0.100612;-0.627418;-0.772155;,
   0.029864;-0.765943;-0.642214;,
   -0.259969;-0.441287;-0.858884;,
   -0.431524;-0.116280;-0.894576;,
   -0.070762;-0.625890;-0.776695;,
   -0.007117;-0.733423;-0.679735;,
   -0.203711;-0.443097;-0.873022;,
   -0.314705;-0.171205;-0.933622;,
   -0.056218;-0.576513;-0.815151;,
   0.038421;-0.683999;-0.728471;,
   -0.067589;-0.553579;-0.830049;,
   0.034830;-0.682882;-0.729698;,
   -0.259921;-0.264494;-0.928700;,
   0.472488;-0.458434;-0.752724;,
   0.282315;-0.271252;-0.920174;,
   -0.059697;0.064818;-0.996110;,
   0.905980;-0.406216;0.119116;,
   0.811804;-0.408125;0.417623;,
   0.803508;-0.540102;0.250330;,
   0.901360;-0.276488;0.333324;,
   0.815827;-0.576369;-0.047183;,
   0.737530;-0.668222;0.097619;,
   0.203801;-0.892843;-0.401618;,
   0.508646;-0.848941;0.143453;,
   -0.508400;-0.779255;-0.366456;,
   -0.529175;-0.770209;-0.356023;,
   -0.607893;-0.674904;-0.418295;,
   -0.665271;-0.599396;-0.445129;,
   -0.886504;-0.150095;-0.437700;,
   -0.913909;-0.026932;-0.405024;,
   -0.872579;0.456915;-0.172726;,
   -0.872577;0.456783;-0.173083;,
   -0.674594;0.579770;0.456934;,
   -0.739800;0.572894;0.352829;,
   -0.304731;0.374806;0.875591;,
   -0.369420;0.419565;0.829153;,
   -0.201958;0.248466;0.947353;,
   -0.191284;0.256570;0.947408;,
   0.456651;0.131299;0.879904;,
   0.630409;-0.441770;0.638298;,
   -0.948307;-0.061590;-0.311321;,
   -0.804465;-0.563690;0.187323;,
   -0.952341;-0.035228;-0.302993;,
   -0.805955;-0.559716;0.192757;,
   -0.568408;0.574367;-0.589080;,
   -0.561305;0.589806;-0.580574;,
   -0.552449;0.593229;-0.585559;,
   -0.553532;0.590790;-0.587001;,
   -0.200826;0.491061;-0.847660;,
   -0.031487;0.438015;-0.898416;,
   0.552932;0.105345;-0.826540;,
   0.576211;0.087290;-0.812626;,
   0.736195;-0.590312;-0.330981;,
   0.688384;-0.712792;0.134368;,
   0.497977;-0.849085;0.176280;,
   0.531138;-0.789915;0.306474;,
   0.549120;-0.814912;-0.185434;,
   0.832416;-0.478747;0.279080;,
   -0.333175;-0.667865;0.665546;,
   -0.565012;-0.824330;0.035243;,
   -0.666937;-0.098913;0.738519;,
   -0.768696;0.520456;0.371795;,
   -0.669289;-0.101316;0.736062;,
   -0.784003;0.505954;0.359651;,
   -0.350206;-0.092802;0.932064;,
   -0.268432;-0.718923;0.641165;,
   0.604885;-0.450223;0.656821;,
   0.820007;-0.556912;0.132050;,
   0.590050;-0.575628;0.566121;,
   0.754287;-0.077959;0.651900;,
   0.862996;0.044101;0.503283;,
   0.754241;-0.433594;0.493069;,
   0.691881;0.721267;-0.032790;,
   0.713514;0.700409;-0.018005;,
   -0.041114;0.979097;-0.199194;,
   0.148077;0.975202;-0.164480;,
   -0.485769;0.822710;-0.295258;,
   -0.489561;0.818979;-0.299338;,
   -0.516463;0.807720;-0.284350;,
   -0.510846;0.816081;-0.270275;,
   -0.768657;0.451496;0.453120;,
   -0.951610;-0.084630;0.295424;,
   -0.622806;0.626431;0.468719;,
   -0.951915;-0.084921;0.294356;,
   -0.208170;0.891618;0.402099;,
   -0.203372;0.893256;0.400916;,
   0.275158;0.945752;-0.172744;,
   0.132150;0.990821;0.028468;,
   0.425577;0.657848;-0.621386;,
   0.424901;0.660162;-0.619391;,
   0.082233;0.318058;-0.944498;,
   -0.105349;0.175032;-0.978910;,
   -0.496883;-0.122658;-0.859105;,
   -0.493436;-0.119538;-0.861528;,
   -0.941164;-0.149276;-0.303196;,
   -0.848658;-0.162769;-0.503275;,
   -0.547049;0.231168;0.804549;,
   0.832416;-0.478747;0.279080;,
   -0.333175;-0.667865;0.665546;,
   0.610998;0.787373;0.082010;,
   -0.273440;-0.960184;-0.057252;,
   -0.565012;-0.824330;0.035243;,
   0.651096;-0.572660;-0.498131;,
   0.549120;-0.814912;-0.185434;,
   0.445655;-0.085738;-0.891090;,
   -0.268432;-0.718923;0.641165;,
   0.820007;-0.556912;0.132050;,
   -0.568809;-0.518279;-0.638626;,
   0.852060;0.200130;0.483675;,
   0.754287;-0.077959;0.651900;,
