xof 0303txt 0032
template ColorRGBA {
 <35ff44e0-6c7c-11cf-8f52-0040333594a3>
 FLOAT red;
 FLOAT green;
 FLOAT blue;
 FLOAT alpha;
}

template ColorRGB {
 <d3e16e81-7835-11cf-8f52-0040333594a3>
 FLOAT red;
 FLOAT green;
 FLOAT blue;
}

template Material {
 <3d82ab4d-62da-11cf-ab39-0020af71e433>
 ColorRGBA faceColor;
 FLOAT power;
 ColorRGB specularColor;
 ColorRGB emissiveColor;
 [...]
}

template TextureFilename {
 <a42790e1-7810-11cf-8f52-0040333594a3>
 STRING filename;
}

template Frame {
 <3d82ab46-62da-11cf-ab39-0020af71e433>
 [...]
}

template Matrix4x4 {
 <f6f23f45-7686-11cf-8f52-0040333594a3>
 array FLOAT matrix[16];
}

template FrameTransformMatrix {
 <f6f23f41-7686-11cf-8f52-0040333594a3>
 Matrix4x4 frameMatrix;
}

template Vector {
 <3d82ab5e-62da-11cf-ab39-0020af71e433>
 FLOAT x;
 FLOAT y;
 FLOAT z;
}

template MeshFace {
 <3d82ab5f-62da-11cf-ab39-0020af71e433>
 DWORD nFaceVertexIndices;
 array DWORD faceVertexIndices[nFaceVertexIndices];
}

template Mesh {
 <3d82ab44-62da-11cf-ab39-0020af71e433>
 DWORD nVertices;
 array Vector vertices[nVertices];
 DWORD nFaces;
 array MeshFace faces[nFaces];
 [...]
}

template MeshNormals {
 <f6f23f43-7686-11cf-8f52-0040333594a3>
 DWORD nNormals;
 array Vector normals[nNormals];
 DWORD nFaceNormals;
 array MeshFace faceNormals[nFaceNormals];
}

template MeshMaterialList {
 <f6f23f42-7686-11cf-8f52-0040333594a3>
 DWORD nMaterials;
 DWORD nFaceIndexes;
 array DWORD faceIndexes[nFaceIndexes];
 [Material <3d82ab4d-62da-11cf-ab39-0020af71e433>]
}

template Coords2d {
 <f6f23f44-7686-11cf-8f52-0040333594a3>
 FLOAT u;
 FLOAT v;
}

template MeshTextureCoords {
 <f6f23f40-7686-11cf-8f52-0040333594a3>
 DWORD nTextureCoords;
 array Coords2d textureCoords[nTextureCoords];
}

template XSkinMeshHeader {
 <3cf169ce-ff7c-44ab-93c0-f78f62d172e2>
 WORD nMaxSkinWeightsPerVertex;
 WORD nMaxSkinWeightsPerFace;
 WORD nBones;
}

template SkinWeights {
 <6f0d123b-bad2-4167-a0d0-80224f25fabb>
 STRING transformNodeName;
 DWORD nWeights;
 array DWORD vertexIndices[nWeights];
 array FLOAT weights[nWeights];
 Matrix4x4 matrixOffset;
}

template AnimTicksPerSecond {
 <9e415a43-7ba6-4a73-8743-b73d47e88476>
 DWORD AnimTicksPerSecond;
}

template Animation {
 <3d82ab4f-62da-11cf-ab39-0020af71e433>
 [...]
}

template AnimationSet {
 <3d82ab50-62da-11cf-ab39-0020af71e433>
 [Animation <3d82ab4f-62da-11cf-ab39-0020af71e433>]
}

template FloatKeys {
 <10dd46a9-775b-11cf-8f52-0040333594a3>
 DWORD nValues;
 array FLOAT values[nValues];
}

template TimedFloatKeys {
 <f406b180-7b3b-11cf-8f52-0040333594a3>
 DWORD time;
 FloatKeys tfkeys;
}

template AnimationKey {
 <10dd46a8-775b-11cf-8f52-0040333594a3>
 DWORD keyType;
 DWORD nKeys;
 array TimedFloatKeys keys[nKeys];
}


Material _01_-_Defaultvvv {
 1.000000;1.000000;1.000000;1.000000;;
 9.999999;
 0.000000;0.000000;0.000000;;
 0.000000;0.000000;0.000000;;

 TextureFilename {
  "GolfBag.png";
 }
}

Frame Dummy01 {
 

 FrameTransformMatrix {
  1.000000,0.000000,0.000000,0.000000,0.000000,-0.000000,-1.000000,0.000000,0.000000,1.000000,-0.000000,0.000000,-0.000000,0.000000,0.000000,1.000000;;
 }

 Frame Bip01 {
  

  FrameTransformMatrix {
   -0.087155,0.982405,-0.165183,0.000000,-0.000001,0.165814,0.986157,0.000000,0.996195,0.085949,-0.014450,0.000000,-0.010000,-0.012284,0.490453,1.000000;;
  }

  Frame Bip01_Pelvis {
   

   FrameTransformMatrix {
    0.000000,1.000000,-0.000001,0.000000,-0.000001,0.000001,1.000000,0.000000,1.000000,0.000000,0.000001,0.000000,0.000000,0.000000,0.000000,1.000000;;
   }

   Frame Bip01_Spine {
    

    FrameTransformMatrix {
     0.984686,0.000002,-0.174337,0.000000,-0.000001,1.000000,0.000004,0.000000,0.174337,-0.000004,0.984686,0.000000,0.051619,0.000000,-0.000083,1.000000;;
    }

    Frame Bip01_Spine1 {
     

     FrameTransformMatrix {
      0.997819,0.052687,0.039774,0.000000,-0.044862,0.983198,-0.176942,0.000000,-0.048428,0.174771,0.983417,0.000000,0.106484,-0.000015,-0.000083,1.000000;;
     }

     Frame Bip01_Neck {
      

      FrameTransformMatrix {
       0.966067,-0.020835,0.257451,0.000000,0.025191,0.999590,-0.013632,0.000000,-0.257061,0.019655,0.966195,0.000000,0.130511,-0.000001,0.004626,1.000000;;
      }

      Frame Bip01_Head {
       

       FrameTransformMatrix {
        0.989321,-0.051753,-0.136255,0.000000,0.064251,0.993958,0.088989,0.000000,0.130826,-0.096793,0.986669,0.000000,0.033674,-0.000000,-0.000000,1.000000;;
       }
      }

      Frame Bip01_L_Clavicle {
       

       FrameTransformMatrix {
        -0.205975,0.976135,0.068811,0.000000,0.943873,0.216738,-0.249254,0.000000,-0.258220,0.013609,-0.965990,0.000000,-0.024734,0.015166,0.002017,1.000000;;
       }

       Frame Bip01_L_UpperArm {
        

        FrameTransformMatrix {
         0.385871,-0.777669,0.496320,0.000000,0.922466,0.332598,-0.196046,0.000000,-0.012616,0.533487,0.845714,0.000000,0.087086,-0.000000,-0.000000,1.000000;;
        }

        Frame Bip01_L_Forearm {
         

         FrameTransformMatrix {
          0.943939,0.000000,-0.330119,0.000000,0.000000,1.000000,-0.000000,0.000000,0.330119,-0.000000,0.943939,0.000000,0.137062,-0.000000,0.000000,1.000000;;
         }

         Frame Bip01_L_Hand {
          

          FrameTransformMatrix {
           1.000000,-0.000000,0.000000,0.000000,0.000000,0.000796,1.000000,0.000000,0.000000,-1.000000,0.000796,0.000000,0.137062,0.000000,0.000000,1.000000;;
          }

          Frame Bip01_L_Finger0 {
           

           FrameTransformMatrix {
            0.690342,-0.181727,0.700288,0.000000,0.558537,0.749101,-0.356210,0.000000,-0.459853,0.637043,0.618637,0.000000,0.057681,-0.023605,-0.000272,1.000000;;
           }
          }

          Frame Bip01_L_Finger1 {
           

           FrameTransformMatrix {
            0.728079,-0.000546,0.685493,0.000000,0.000000,1.000000,0.000796,0.000000,-0.685493,-0.000580,0.728079,0.000000,0.084102,0.000000,0.000000,1.000000;;
           }
          }
         }
        }
       }
      }

      Frame Bip01_R_Clavicle {
       

       FrameTransformMatrix {
        -0.028509,-0.999573,-0.006461,0.000000,-0.965665,0.025871,0.258498,0.000000,-0.258220,0.013609,-0.965990,0.000000,-0.024080,-0.016250,0.001399,1.000000;;
       }

       Frame Bip01_R_UpperArm {
        

        FrameTransformMatrix {
         0.221390,0.975047,0.016433,0.000000,-0.974986,0.221654,-0.016512,0.000000,-0.019742,-0.012366,0.999729,0.000000,0.087086,0.000000,0.000000,1.000000;;
        }

        Frame Bip01_R_Forearm {
         

         FrameTransformMatrix {
          0.915660,-0.000000,-0.401954,0.000000,-0.000000,1.000000,-0.000000,0.000000,0.401954,-0.000000,0.915660,0.000000,0.137062,0.000000,0.000000,1.000000;;
         }

         Frame Bip01_R_Hand {
          

          FrameTransformMatrix {
           0.975195,-0.000000,-0.221346,0.000000,-0.221346,0.000796,-0.975195,0.000000,0.000176,1.000000,0.000777,0.000000,0.137062,-0.000000,0.000000,1.000000;;
          }

          Frame Bip01_R_Finger0 {
           

           FrameTransformMatrix {
            0.417774,-0.116941,0.900994,0.000000,-0.558537,0.749101,0.356210,0.000000,-0.716591,-0.652054,0.247639,0.000000,0.057681,0.023605,-0.000272,1.000000;;
           }
          }

          Frame Bip01_R_Finger1 {
           

           FrameTransformMatrix {
            0.352436,0.000745,0.935835,0.000000,0.000000,1.000000,-0.000796,0.000000,-0.935836,0.000281,0.352436,0.000000,0.084102,0.000000,0.000000,1.000000;;
           }
          }
         }
        }
       }
      }
     }

     Frame Bip01_BackPack {
      

      FrameTransformMatrix {
       0.180560,0.080500,-0.980264,0.000000,0.047560,0.994764,0.090451,0.000000,0.982413,-0.062954,0.175786,0.000000,0.063697,0.000003,-0.088856,1.000000;;
      }
     }
    }

    Frame Bip01_L_Thigh {
     

     FrameTransformMatrix {
      -0.888504,0.030427,0.457858,0.000000,-0.032107,-0.999476,0.004114,0.000000,0.457744,-0.011045,0.889016,0.000000,-0.050843,0.055225,-0.008917,1.000000;;
     }

     Frame Bip01_L_Calf {
      

      FrameTransformMatrix {
       0.942235,-0.000000,-0.334952,0.000000,-0.000000,1.000000,-0.000000,0.000000,0.334952,-0.000000,0.942235,0.000000,0.237500,0.000000,-0.000000,1.000000;;
      }

      Frame Bip01_L_Foot {
       

       FrameTransformMatrix {
        0.924325,-0.026487,0.380687,0.000000,-0.068962,0.969570,0.234901,0.000000,-0.375325,-0.243378,0.894371,0.000000,0.206841,0.000000,0.000000,1.000000;;
       }

       Frame Bip01_L_Toe0 {
        

        FrameTransformMatrix {
         0.000000,0.000000,1.000000,0.000000,0.000000,1.000000,-0.000000,0.000000,-1.000000,0.000000,0.000000,0.000000,0.065373,0.000000,0.066450,1.000000;;
        }
       }
      }
     }
    }

    Frame Bip01_R_Thigh {
     

     FrameTransformMatrix {
      -0.996965,0.030321,-0.071704,0.000000,-0.029454,-0.999480,-0.013113,0.000000,-0.072065,-0.010961,0.997340,0.000000,-0.050843,-0.055225,-0.008917,1.000000;;
     }

     Frame Bip01_R_Calf {
      

      FrameTransformMatrix {
       0.730239,0.000000,-0.683192,0.000000,0.000000,1.000000,0.000000,0.000000,0.683192,0.000000,0.730239,0.000000,0.237500,0.000000,0.000000,1.000000;;
      }

      Frame Bip01_R_Foot {
       

       FrameTransformMatrix {
        0.991957,0.087165,-0.091782,0.000000,-0.093276,0.993546,-0.064539,0.000000,0.085565,0.072581,0.993685,0.000000,0.206841,-0.000000,0.000000,1.000000;;
       }

       Frame Bip01_R_Toe0 {
        

        FrameTransformMatrix {
         0.000000,0.000000,1.000000,0.000000,0.000000,1.000000,-0.000000,0.000000,-1.000000,0.000000,0.000000,0.000000,0.065373,0.000000,0.066450,1.000000;;
        }
       }
      }
     }
    }
   }

   Frame Bip01_DressFront {
    

    FrameTransformMatrix {
     -0.880185,-0.088339,0.466338,0.000000,0.121847,0.907542,0.401896,0.000000,-0.458725,0.410564,-0.788041,0.000000,-0.043935,0.001339,0.061057,1.000000;;
    }

    Frame Bip01_DressFront02 {
     

     FrameTransformMatrix {
      0.912593,0.000001,0.408870,0.000000,-0.000001,1.000000,-0.000000,0.000000,-0.408870,-0.000000,0.912593,0.000000,0.183378,-0.000000,-0.000120,1.000000;;
     }
    }
   }

   Frame Bip01_DressBack {
    

    FrameTransformMatrix {
     -0.886023,0.038029,0.462080,0.000000,0.191625,0.937561,0.290274,0.000000,-0.422190,0.345735,-0.837988,0.000000,-0.047673,-0.000048,-0.078302,1.000000;;
    }

    Frame Bip01_DressBack02 {
     

     FrameTransformMatrix {
      0.936852,0.174932,-0.302833,0.000000,-0.166408,0.984581,0.053939,0.000000,0.307600,-0.000139,0.951516,0.000000,0.176125,0.000000,-0.000103,1.000000;;
     }
    }
   }
  }

  Frame Bip01_Prop1 {
   

   FrameTransformMatrix {
    -0.233929,-0.108090,0.966227,0.000000,0.687222,0.684611,0.242967,0.000000,-0.687752,0.720849,-0.085868,0.000000,0.076452,-0.048658,-0.145664,1.000000;;
   }
  }

  Frame Bip01_Prop2 {
   

   FrameTransformMatrix {
    -0.163643,-0.967062,0.194966,0.000000,0.985576,-0.168906,-0.010564,0.000000,0.043147,0.190425,0.980753,0.000000,-0.138405,-0.102098,0.114818,1.000000;;
   }
  }
 }
}

Frame Translation_Data {
 

 FrameTransformMatrix {
  -0.000000,0.000000,-1.000000,0.000000,-1.000000,-0.000000,0.000000,0.000000,-0.000000,1.000000,0.000000,0.000000,0.000000,-0.000000,0.000000,1.000000;;
 }
}

Frame M_GolfBag {
 

 FrameTransformMatrix {
  1.000000,0.000000,0.000000,0.000000,0.000000,1.000000,0.000000,0.000000,0.000000,0.000000,1.000000,0.000000,0.000000,0.000000,0.000000,1.000000;;
 }

 Mesh M_GolfBag {
  562;
  0.182792;0.366210;0.136974;,
  0.136598;0.404580;0.108131;,
  0.187954;0.375140;0.108205;,
  0.131436;0.395650;0.136899;,
  0.147451;0.423458;0.086686;,
  0.198807;0.394018;0.086761;,
  0.198807;0.394018;0.086761;,
  0.161863;0.448575;0.077145;,
  0.213203;0.419106;0.076907;,
  0.147451;0.423458;0.086686;,
  0.176876;0.474774;0.080781;,
  0.228286;0.445425;0.080560;,
  0.189722;0.497223;0.096925;,
  0.241078;0.467783;0.097000;,
  0.197682;0.511174;0.122926;,
  0.249038;0.481733;0.123001;,
  0.199234;0.513960;0.153322;,
  0.250591;0.484519;0.153396;,
  0.194073;0.505029;0.182090;,
  0.245429;0.475589;0.182165;,
  0.183220;0.486151;0.203535;,
  0.234576;0.456711;0.203610;,
  0.168808;0.461034;0.213076;,
  0.220180;0.431623;0.213464;,
  0.153794;0.434836;0.209440;,
  0.205097;0.405303;0.209810;,
  0.140949;0.412386;0.193296;,
  0.192305;0.382946;0.193371;,
  0.192305;0.382946;0.193371;,
  0.132989;0.398436;0.167294;,
  0.184345;0.368996;0.167369;,
  0.140949;0.412386;0.193296;,
  0.108375;0.390061;0.104280;,
  -0.024183;0.450153;0.132369;,
  -0.020990;0.455648;0.102568;,
  0.105034;0.384972;0.134180;,
  -0.015658;0.464889;0.079340;,
  0.114177;0.397990;0.080941;,
  0.114177;0.397990;0.080941;,
  0.001974;0.495643;0.077891;,
  0.135696;0.419527;0.075437;,
  -0.015658;0.464889;0.079340;,
  0.191809;0.520180;0.090629;,
  0.087843;0.589862;0.103068;,
  0.198514;0.533778;0.104097;,
  0.130934;0.558150;0.090812;,
  0.063609;0.608100;0.126308;,
  0.200246;0.538051;0.127450;,
  0.057950;0.610229;0.154703;,
  0.199644;0.537498;0.155791;,
  0.060180;0.602261;0.182529;,
  0.196827;0.532229;0.183508;,
  0.081670;0.579350;0.204285;,
  0.192353;0.523287;0.205110;,
  0.123367;0.545265;0.214879;,
  0.184248;0.507304;0.214602;,
  0.107546;0.386699;0.189661;,
  -0.005631;0.482694;0.202575;,
  -0.022281;0.453612;0.187923;,
  0.127976;0.406382;0.202005;,
  0.104691;0.383789;0.164669;,
  -0.024665;0.449390;0.162827;,
  -0.181069;0.574796;0.136445;,
  -0.231132;0.615384;0.107595;,
  -0.175907;0.583726;0.107676;,
  -0.236293;0.606454;0.136364;,
  -0.220279;0.634262;0.086151;,
  -0.165054;0.602604;0.086231;,
  -0.165054;0.602604;0.086231;,
  -0.222370;0.668800;0.076254;,
  -0.150659;0.627691;0.076358;,
  -0.220279;0.634262;0.086151;,
  0.105172;0.516009;0.080363;,
  -0.194494;0.717478;0.096366;,
  0.070935;0.565319;0.096752;,
  -0.207284;0.695126;0.079908;,
  -0.186535;0.731429;0.122367;,
  0.053276;0.593955;0.122716;,
  -0.184982;0.734215;0.152762;,
  0.049846;0.599598;0.153104;,
  -0.190143;0.725284;0.181531;,
  0.049668;0.587811;0.181880;,
  -0.200996;0.706406;0.202976;,
  0.064433;0.554247;0.203362;,
  -0.215392;0.681320;0.212848;,
  0.097064;0.502202;0.213303;,
  -0.158767;0.613884;0.209298;,
  -0.226781;0.623190;0.192761;,
  -0.171556;0.591532;0.192841;,
  -0.230478;0.654994;0.209194;,
  -0.171556;0.591532;0.192841;,
  -0.234740;0.609240;0.166759;,
  -0.179516;0.577582;0.166840;,
  -0.226781;0.623190;0.192761;,
  0.198807;0.394018;0.086761;,
  0.182792;0.366210;0.136974;,
  0.187954;0.375140;0.108205;,
  0.213203;0.419106;0.076907;,
  0.228286;0.445425;0.080560;,
  0.241078;0.467783;0.097000;,
  0.249038;0.481733;0.123001;,
  0.250591;0.484519;0.153396;,
  0.245429;0.475589;0.182165;,
  0.234576;0.456711;0.203610;,
  0.220180;0.431623;0.213464;,
  0.205097;0.405303;0.209810;,
  0.192305;0.382946;0.193371;,
  0.184345;0.368996;0.167369;,
  -0.240173;0.612135;0.136718;,
  -0.231785;0.628488;0.114644;,
  -0.235239;0.620672;0.109214;,
  -0.235962;0.621262;0.137922;,
  -0.223004;0.643763;0.097292;,
  -0.224863;0.638720;0.088713;,
  -0.227842;0.673513;0.089279;,
  -0.227588;0.672154;0.079250;,
  -0.215635;0.694816;0.092236;,
  -0.213165;0.697323;0.082744;,
  -0.205286;0.712902;0.105553;,
  -0.200938;0.718692;0.098478;,
  -0.198846;0.724190;0.126592;,
  -0.193325;0.731441;0.123274;,
  -0.197590;0.726444;0.151186;,
  -0.191840;0.734104;0.152333;,
  -0.201766;0.719218;0.174465;,
  -0.196776;0.725861;0.179866;,
  -0.210548;0.703943;0.191817;,
  -0.207154;0.708107;0.200398;,
  -0.222196;0.683644;0.199805;,
  -0.220916;0.684124;0.209837;,
  -0.234403;0.662342;0.196848;,
  -0.235339;0.658955;0.206343;,
  -0.228265;0.634804;0.183556;,
  -0.231079;0.628135;0.190633;,
  -0.234705;0.623516;0.162517;,
  -0.238689;0.614798;0.165776;,
  0.184540;0.407858;0.113501;,
  0.177513;0.395666;0.139711;,
  0.202702;0.439508;0.101045;,
  0.218838;0.467709;0.121809;,
  0.222510;0.474187;0.150611;,
  0.215483;0.461996;0.176820;,
  0.197320;0.430345;0.189277;,
  0.181184;0.402144;0.168513;,
  0.131436;0.395650;0.136899;,
  0.136598;0.404580;0.108131;,
  0.147451;0.423458;0.086686;,
  0.147451;0.423458;0.086686;,
  0.026302;0.538083;0.078025;,
  -0.165054;0.602604;0.086231;,
  -0.116463;0.563546;0.076530;,
  -0.137642;0.540681;0.083882;,
  -0.165054;0.602604;0.086231;,
  -0.141784;0.534511;0.105972;,
  -0.175907;0.583726;0.107676;,
  -0.137642;0.540681;0.083882;,
  -0.144526;0.530207;0.134043;,
  -0.181069;0.574796;0.136445;,
  -0.145233;0.528638;0.162521;,
  -0.179516;0.577582;0.166840;,
  -0.143854;0.530103;0.185740;,
  -0.171556;0.591532;0.192841;,
  -0.171556;0.591532;0.192841;,
  -0.124001;0.550711;0.200110;,
  -0.143854;0.530103;0.185740;,
  0.018216;0.524313;0.210611;,
  0.140949;0.412386;0.193296;,
  0.140949;0.412386;0.193296;,
  0.132989;0.398436;0.167294;,
  0.201269;0.528979;0.103583;,
  0.189722;0.497223;0.096925;,
  0.195627;0.516906;0.092444;,
  0.203164;0.533165;0.126984;,
  0.197682;0.511174;0.122926;,
  0.202644;0.532554;0.155461;,
  0.199234;0.513960;0.153322;,
  0.199729;0.527315;0.183310;,
  0.194073;0.505029;0.182090;,
  0.195086;0.518451;0.204957;,
  0.183220;0.486151;0.203535;,
  0.188297;0.504424;0.212627;,
  0.168808;0.461034;0.213076;,
  0.123367;0.545265;0.214879;,
  0.097064;0.502202;0.213303;,
  0.184248;0.507304;0.214602;,
  0.081670;0.579350;0.204285;,
  0.064433;0.554247;0.203362;,
  0.060180;0.602261;0.182529;,
  0.049668;0.587811;0.181880;,
  0.057950;0.610229;0.154703;,
  0.049846;0.599598;0.153104;,
  0.063609;0.608100;0.126308;,
  0.053276;0.593955;0.122716;,
  0.087843;0.589862;0.103068;,
  0.070935;0.565319;0.096752;,
  0.130934;0.558150;0.090812;,
  0.105172;0.516009;0.080363;,
  0.191809;0.520180;0.090629;,
  0.176876;0.474774;0.080781;,
  -0.235962;0.621262;0.137922;,
  0.184540;0.407858;0.113501;,
  -0.231785;0.628488;0.114644;,
  0.177513;0.395666;0.139711;,
  -0.223004;0.643763;0.097292;,
  0.202702;0.439508;0.101045;,
  -0.227842;0.673513;0.089279;,
  -0.215635;0.694816;0.092236;,
  0.218838;0.467709;0.121809;,
  -0.205286;0.712902;0.105553;,
  0.218838;0.467709;0.121809;,
  -0.198846;0.724190;0.126592;,
  -0.198846;0.724190;0.126592;,
  0.222510;0.474187;0.150611;,
  -0.197590;0.726444;0.151186;,
  0.218838;0.467709;0.121809;,
  0.215483;0.461996;0.176820;,
  -0.201766;0.719218;0.174465;,
  -0.210548;0.703943;0.191817;,
  0.197320;0.430345;0.189277;,
  -0.222196;0.683644;0.199805;,
  -0.234403;0.662342;0.196848;,
  0.181184;0.402144;0.168513;,
  -0.228265;0.634804;0.183556;,
  -0.234705;0.623516;0.162517;,
  -0.133973;0.532286;0.083342;,
  -0.140173;0.521730;0.184987;,
  -0.133973;0.532286;0.083342;,
  -0.137534;0.526131;0.105432;,
  -0.140021;0.521863;0.133451;,
  -0.140975;0.520272;0.161841;,
  -0.231132;0.615384;0.107595;,
  -0.236293;0.606454;0.136364;,
  -0.220279;0.634262;0.086151;,
  -0.222370;0.668800;0.076254;,
  -0.207284;0.695126;0.079908;,
  -0.194494;0.717478;0.096366;,
  -0.186535;0.731429;0.122367;,
  -0.184982;0.734215;0.152762;,
  -0.190143;0.725284;0.181531;,
  -0.200996;0.706406;0.202976;,
  -0.215392;0.681320;0.212848;,
  -0.230478;0.654994;0.209194;,
  -0.226781;0.623190;0.192761;,
  -0.234740;0.609240;0.166759;,
  -0.056354;0.788871;0.096722;,
  -0.081483;0.791918;0.080177;,
  -0.063724;0.793777;0.081591;,
  -0.072785;0.779041;0.102958;,
  -0.054113;0.792134;0.110744;,
  -0.081917;0.805959;0.084570;,
  -0.070543;0.782305;0.116980;,
  -0.064158;0.807817;0.085984;,
  -0.072785;0.779041;0.102958;,
  -0.081917;0.805959;0.084570;,
  -0.081483;0.791918;0.080177;,
  -0.070543;0.782305;0.116980;,
  -0.063724;0.793777;0.081591;,
  -0.054113;0.792134;0.110744;,
  -0.056354;0.788871;0.096722;,
  -0.064158;0.807817;0.085984;,
  -0.067085;0.802556;0.044789;,
  -0.084843;0.800239;0.045080;,
  -0.067518;0.816245;0.045070;,
  -0.067085;0.802556;0.044789;,
  -0.085277;0.813928;0.045361;,
  -0.067518;0.816245;0.045070;,
  -0.084843;0.800239;0.045080;,
  -0.085277;0.813928;0.045361;,
  -0.058727;0.804637;0.042542;,
  -0.093145;0.799928;0.043097;,
  -0.059112;0.817205;0.042823;,
  -0.058727;0.804637;0.042542;,
  -0.093531;0.815267;0.041401;,
  -0.059112;0.817205;0.042823;,
  -0.093145;0.799928;0.043097;,
  -0.093531;0.815267;0.041401;,
  -0.061175;0.787431;0.012438;,
  -0.095593;0.783548;0.015159;,
  -0.061560;0.799620;0.005735;,
  -0.061175;0.787431;0.012438;,
  -0.095979;0.798509;0.004110;,
  -0.061560;0.799620;0.005735;,
  -0.095593;0.783548;0.015159;,
  -0.095979;0.798509;0.004110;,
  -0.063735;0.747074;-0.012092;,
  -0.094705;0.745423;0.003568;,
  -0.068287;0.746936;-0.023813;,
  -0.063735;0.747074;-0.012092;,
  -0.068287;0.746936;-0.023813;,
  -0.099257;0.748403;-0.008958;,
  -0.094705;0.745423;0.003568;,
  -0.099257;0.748403;-0.008958;,
  -0.064665;0.682100;-0.029351;,
  -0.091046;0.686509;-0.007177;,
  -0.070588;0.683507;-0.038330;,
  -0.064665;0.682100;-0.029351;,
  -0.070588;0.683507;-0.038330;,
  -0.096969;0.687916;-0.016156;,
  -0.091046;0.686509;-0.007177;,
  -0.096969;0.687916;-0.016156;,
  -0.070462;0.678220;-0.025537;,
  -0.084585;0.680484;-0.011546;,
  -0.076928;0.679722;-0.034154;,
  -0.070462;0.678220;-0.025537;,
  -0.091050;0.681986;-0.020164;,
  -0.076928;0.679722;-0.034154;,
  -0.084585;0.680484;-0.011546;,
  -0.091050;0.681986;-0.020164;,
  -0.085595;0.632700;0.003394;,
  -0.101996;0.644159;0.003287;,
  -0.089044;0.627287;-0.007312;,
  -0.105445;0.638746;-0.007419;,
  -0.101996;0.644159;0.003287;,
  -0.105445;0.638746;-0.007419;,
  -0.085355;0.619526;0.031056;,
  -0.104694;0.624584;0.031917;,
  -0.088051;0.607634;0.027753;,
  -0.107390;0.612692;0.028613;,
  -0.104694;0.624584;0.031917;,
  -0.107390;0.612692;0.028613;,
  -0.088699;0.653552;0.085360;,
  -0.107530;0.660123;0.083771;,
  -0.091806;0.643200;0.089436;,
  -0.110636;0.649771;0.087847;,
  -0.107530;0.660123;0.083771;,
  -0.110636;0.649771;0.087847;,
  0.052669;0.788200;0.095634;,
  0.077825;0.792114;0.080178;,
  0.066950;0.767902;0.098313;,
  0.060009;0.793454;0.081448;,
  0.054334;0.791239;0.109786;,
  0.078104;0.806188;0.084552;,
  0.060288;0.807527;0.085823;,
  0.068614;0.770940;0.112465;,
  0.066950;0.767902;0.098313;,
  0.078104;0.806188;0.084552;,
  0.068614;0.770940;0.112465;,
  0.077825;0.792114;0.080178;,
  0.046836;0.610935;0.160171;,
  0.029001;0.597531;0.151520;,
  0.048080;0.599890;0.157063;,
  0.027757;0.608577;0.154628;,
  0.060009;0.793454;0.081448;,
  0.054334;0.791239;0.109786;,
  0.060288;0.807527;0.085823;,
  0.052669;0.788200;0.095634;,
  0.059833;0.798917;0.044626;,
  0.077650;0.797127;0.045064;,
  0.060088;0.812618;0.044879;,
  0.059833;0.798917;0.044626;,
  0.077904;0.810828;0.045317;,
  0.060088;0.812618;0.044879;,
  0.077650;0.797127;0.045064;,
  0.077904;0.810828;0.045317;,
  0.051468;0.800740;0.042312;,
  0.086005;0.797053;0.043151;,
  0.051675;0.813318;0.042564;,
  0.051468;0.800740;0.042312;,
  0.086211;0.809631;0.043403;,
  0.051675;0.813318;0.042564;,
  0.086005;0.797053;0.043151;,
  0.086211;0.809631;0.043403;,
  0.051994;0.783360;0.012298;,
  0.086490;0.780510;0.015299;,
  0.052240;0.795545;0.005569;,
  0.051994;0.783360;0.012298;,
  0.086736;0.798682;0.004099;,
  0.052240;0.795545;0.005569;,
  0.086490;0.780510;0.015299;,
  0.086736;0.798682;0.004099;,
  0.055777;0.745961;-0.013846;,
  0.087980;0.749618;-0.001329;,
  0.061472;0.749323;-0.030318;,
  0.055777;0.745961;-0.013846;,
  0.061472;0.749323;-0.030318;,
  0.093675;0.752980;-0.017801;,
  0.087980;0.749618;-0.001329;,
  0.093675;0.752980;-0.017801;,
  0.066221;0.689675;-0.031233;,
  0.089211;0.689596;-0.005184;,
  0.076475;0.689918;-0.043498;,
  0.066221;0.689675;-0.031233;,
  0.076475;0.689918;-0.043498;,
  0.099465;0.689839;-0.017449;,
  0.089211;0.689596;-0.005184;,
  0.099465;0.689839;-0.017449;,
  0.070575;0.684874;-0.026628;,
  0.082537;0.684763;-0.010591;,
  0.078431;0.685118;-0.034143;,
  0.070575;0.684874;-0.026628;,
  0.090393;0.685007;-0.018106;,
  0.078431;0.685118;-0.034143;,
  0.082537;0.684763;-0.010591;,
  0.090393;0.685007;-0.018106;,
  0.080089;0.633634;-0.003896;,
  0.093511;0.639888;0.009558;,
  0.089076;0.630467;-0.011980;,
  0.080089;0.633634;-0.003896;,
  0.102499;0.636721;0.001475;,
  0.089076;0.630467;-0.011980;,
  0.093511;0.639888;0.009558;,
  0.102499;0.636721;0.001475;,
  0.080257;0.617230;0.037416;,
  0.095711;0.626802;0.038103;,
  0.087183;0.607885;0.032478;,
  0.080257;0.617230;0.037416;,
  0.102637;0.617457;0.033164;,
  0.087183;0.607885;0.032478;,
  0.095711;0.626802;0.038103;,
  0.102637;0.617457;0.033164;,
  0.063427;0.607206;0.091792;,
  0.081572;0.614489;0.096036;,
  0.066949;0.596248;0.090936;,
  0.063427;0.607206;0.091792;,
  0.085094;0.603531;0.095180;,
  0.066949;0.596248;0.090936;,
  0.081572;0.614489;0.096036;,
  0.085094;0.603531;0.095180;,
  -0.029063;0.687140;0.127288;,
  0.001658;0.684434;0.139025;,
  -0.027804;0.691505;0.141132;,
  0.001352;0.681639;0.124729;,
  -0.014144;0.759657;0.109804;,
  0.016250;0.756462;0.124628;,
  0.015944;0.753667;0.110332;,
  -0.013838;0.762453;0.124100;,
  -0.054587;0.716549;0.120339;,
  -0.014144;0.759657;0.109804;,
  -0.029063;0.687140;0.127288;,
  -0.049096;0.741638;0.114076;,
  0.015944;0.753667;0.110332;,
  0.001352;0.681639;0.124729;,
  0.041169;0.723667;0.115659;,
  0.036305;0.699658;0.120458;,
  0.027995;0.610818;0.150362;,
  0.050497;0.597150;0.165419;,
  0.028073;0.610276;0.164921;,
  0.050419;0.597692;0.150860;,
  0.036305;0.699658;0.120458;,
  0.041475;0.726463;0.129955;,
  0.036610;0.702454;0.134754;,
  0.041169;0.723667;0.115659;,
  0.036610;0.702454;0.134754;,
  0.016250;0.756462;0.124628;,
  0.001658;0.684434;0.139025;,
  0.041475;0.726463;0.129955;,
  -0.013838;0.762453;0.124100;,
  -0.027804;0.691505;0.141132;,
  -0.048791;0.744434;0.128372;,
  -0.053328;0.720913;0.134182;,
  -0.053328;0.720913;0.134182;,
  -0.049096;0.741638;0.114076;,
  -0.054587;0.716549;0.120339;,
  -0.048791;0.744434;0.128372;,
  -0.037250;0.774719;0.120667;,
  -0.038436;0.771580;0.106489;,
  -0.056100;0.759145;0.125693;,
  -0.037250;0.774719;0.120667;,
  -0.057286;0.756005;0.111515;,
  -0.056100;0.759145;0.125693;,
  -0.038436;0.771580;0.106489;,
  -0.057286;0.756005;0.111515;,
  -0.064272;0.681573;0.139926;,
  -0.062764;0.687590;0.150759;,
  -0.074191;0.702820;0.131363;,
  -0.064272;0.681573;0.139926;,
  -0.072682;0.706805;0.143336;,
  -0.074191;0.702820;0.131363;,
  -0.062764;0.687590;0.150759;,
  -0.072682;0.706805;0.143336;,
  0.039868;0.766172;0.105392;,
  0.038654;0.768612;0.119705;,
  0.056021;0.747685;0.109915;,
  0.039868;0.766172;0.105392;,
  0.054807;0.750125;0.124227;,
  0.056021;0.747685;0.109915;,
  0.038654;0.768612;0.119705;,
  0.054807;0.750125;0.124227;,
  0.011525;0.662771;0.145738;,
  0.011007;0.660805;0.131311;,
  0.034629;0.671140;0.143175;,
  0.011525;0.662771;0.145738;,
  0.034112;0.669174;0.128748;,
  0.034629;0.671140;0.143175;,
  0.011007;0.660805;0.131311;,
  0.034112;0.669174;0.128748;,
  0.021805;0.633444;0.154902;,
  0.022144;0.633404;0.140340;,
  0.039690;0.638036;0.151661;,
  0.021805;0.633444;0.154902;,
  0.040030;0.637996;0.137098;,
  0.039690;0.638036;0.151661;,
  0.022144;0.633404;0.140340;,
  0.040030;0.637996;0.137098;,
  0.028073;0.610276;0.164921;,
  0.027995;0.610818;0.150362;,
  0.050419;0.597692;0.150860;,
  0.050497;0.597150;0.165419;,
  0.048080;0.599890;0.157063;,
  0.046836;0.610935;0.160171;,
  0.027757;0.608577;0.154628;,
  0.029001;0.597531;0.151520;,
  -0.080698;0.678976;0.146092;,
  -0.078518;0.683112;0.159892;,
  -0.095623;0.695382;0.143164;,
  -0.080698;0.678976;0.146092;,
  -0.093442;0.698608;0.155248;,
  -0.095623;0.695382;0.143164;,
  -0.078518;0.683112;0.159892;,
  -0.093442;0.698608;0.155248;,
  -0.094939;0.677445;0.154126;,
  -0.095797;0.678644;0.169750;,
  -0.116145;0.692879;0.153806;,
  -0.094939;0.677445;0.154126;,
  -0.117003;0.691811;0.169466;,
  -0.116145;0.692879;0.153806;,
  -0.095797;0.678644;0.169750;,
  -0.117003;0.691811;0.169466;,
  -0.107530;0.660123;0.083771;,
  -0.084765;0.688055;0.120910;,
  -0.088699;0.653552;0.085360;,
  -0.084765;0.688055;0.120910;,
  -0.107530;0.660123;0.083771;,
  -0.103596;0.694626;0.119321;,
  -0.088699;0.653552;0.085360;,
  -0.087872;0.677703;0.124986;,
  -0.091806;0.643200;0.089436;,
  -0.087872;0.677703;0.124986;,
  -0.088699;0.653552;0.085360;,
  -0.084765;0.688055;0.120910;,
  -0.091806;0.643200;0.089436;,
  -0.106703;0.684274;0.123397;,
  -0.110636;0.649771;0.087847;,
  -0.087872;0.677703;0.124986;,
  -0.110636;0.649771;0.087847;,
  -0.103596;0.694626;0.119321;,
  -0.107530;0.660123;0.083771;,
  -0.103596;0.694626;0.119321;,
  -0.110636;0.649771;0.087847;,
  -0.106703;0.684274;0.123397;,
  -0.103596;0.694626;0.119321;,
  -0.086324;0.686727;0.155373;,
  -0.084765;0.688055;0.120910;,
  -0.105155;0.693297;0.153784;,
  -0.084765;0.688055;0.120910;,
  -0.089431;0.676375;0.159449;,
  -0.087872;0.677703;0.124986;,
  -0.089431;0.676375;0.159449;,
  -0.084765;0.688055;0.120910;,
  -0.086324;0.686727;0.155373;,
  -0.087872;0.677703;0.124986;,
  -0.108261;0.682946;0.157860;,
  -0.106703;0.684274;0.123397;,
  -0.108261;0.682946;0.157860;,
  -0.087872;0.677703;0.124986;,
  -0.089431;0.676375;0.159449;,
  -0.106703;0.684274;0.123397;,
  -0.105155;0.693297;0.153784;,
  -0.103596;0.694626;0.119321;,
  -0.105155;0.693297;0.153784;,
  -0.106703;0.684274;0.123397;,
  -0.108261;0.682946;0.157860;;
  566;
  3;0,1,2;,
  3;1,0,3;,
  3;2,4,5;,
  3;4,2,1;,
  3;6,7,8;,
  3;7,6,9;,
  3;8,10,11;,
  3;10,8,7;,
  3;11,12,13;,
  3;12,11,10;,
  3;13,14,15;,
  3;14,13,12;,
  3;15,16,17;,
  3;16,15,14;,
  3;17,18,19;,
  3;18,17,16;,
  3;19,20,21;,
  3;20,19,18;,
  3;21,22,23;,
  3;22,21,20;,
  3;23,24,25;,
  3;24,23,22;,
  3;25,26,27;,
  3;26,25,24;,
  3;28,29,30;,
  3;29,28,31;,
  3;30,3,0;,
  3;3,30,29;,
  3;32,33,34;,
  3;33,32,35;,
  3;32,36,37;,
  3;36,32,34;,
  3;38,39,40;,
  3;39,38,41;,
  3;42,43,44;,
  3;43,42,45;,
  3;44,46,47;,
  3;46,44,43;,
  3;47,48,49;,
  3;48,47,46;,
  3;49,50,51;,
  3;50,49,48;,
  3;51,52,53;,
  3;52,51,50;,
  3;53,54,55;,
  3;54,53,52;,
  3;56,57,58;,
  3;57,56,59;,
  3;60,58,61;,
  3;58,60,56;,
  3;35,61,33;,
  3;61,35,60;,
  3;62,63,64;,
  3;63,62,65;,
  3;64,66,67;,
  3;66,64,63;,
  3;68,69,70;,
  3;69,68,71;,
  3;72,73,74;,
  3;73,72,75;,
  3;74,76,77;,
  3;76,74,73;,
  3;77,78,79;,
  3;78,77,76;,
  3;79,80,81;,
  3;80,79,78;,
  3;81,82,83;,
  3;82,81,80;,
  3;83,84,85;,
  3;84,83,82;,
  3;86,87,88;,
  3;87,86,89;,
  3;90,91,92;,
  3;91,90,93;,
  3;92,65,62;,
  3;65,92,91;,
  3;94,95,96;,
  3;97,95,94;,
  3;98,95,97;,
  3;99,95,98;,
  3;100,95,99;,
  3;101,95,100;,
  3;102,95,101;,
  3;103,95,102;,
  3;104,95,103;,
  3;105,95,104;,
  3;106,95,105;,
  3;107,95,106;,
  3;108,109,110;,
  3;109,108,111;,
  3;110,112,113;,
  3;112,110,109;,
  3;113,114,115;,
  3;114,113,112;,
  3;115,116,117;,
  3;116,115,114;,
  3;117,118,119;,
  3;118,117,116;,
  3;119,120,121;,
  3;120,119,118;,
  3;121,122,123;,
  3;122,121,120;,
  3;123,124,125;,
  3;124,123,122;,
  3;125,126,127;,
  3;126,125,124;,
  3;127,128,129;,
  3;128,127,126;,
  3;129,130,131;,
  3;130,129,128;,
  3;131,132,133;,
  3;132,131,130;,
  3;133,134,135;,
  3;134,133,132;,
  3;135,111,108;,
  3;111,135,134;,
  3;136,137,138;,
  3;138,137,139;,
  3;139,137,140;,
  3;140,137,141;,
  3;141,137,142;,
  3;142,137,143;,
  3;144,32,145;,
  3;32,144,35;,
  3;145,37,146;,
  3;37,145,32;,
  3;147,40,7;,
  3;40,147,38;,
  3;148,40,39;,
  3;40,148,7;,
  3;149,150,151;,
  3;150,149,70;,
  3;152,153,154;,
  3;153,152,155;,
  3;154,156,157;,
  3;156,154,153;,
  3;157,158,159;,
  3;158,157,156;,
  3;159,160,161;,
  3;160,159,158;,
  3;162,163,86;,
  3;163,162,164;,
  3;165,163,57;,
  3;163,165,86;,
  3;24,56,166;,
  3;56,24,59;,
  3;167,60,168;,
  3;60,167,56;,
  3;168,35,144;,
  3;35,168,60;,
  3;10,169,170;,
  3;169,10,171;,
  3;170,172,173;,
  3;172,170,169;,
  3;173,174,175;,
  3;174,173,172;,
  3;175,176,177;,
  3;176,175,174;,
  3;177,178,179;,
  3;178,177,176;,
  3;179,180,22;,
  3;180,179,178;,
  3;181,182,183;,
  3;182,181,184;,
  3;183,185,186;,
  3;185,183,182;,
  3;186,187,188;,
  3;187,186,185;,
  3;188,189,190;,
  3;189,188,187;,
  3;190,191,192;,
  3;191,190,189;,
  3;192,193,194;,
  3;193,192,191;,
  3;194,195,196;,
  3;195,194,193;,
  3;196,197,198;,
  3;197,196,195;,
  3;199,200,201;,
  3;200,199,202;,
  3;201,200,203;,
  3;203,204,205;,
  3;204,203,200;,
  3;205,204,206;,
  3;206,207,208;,
  3;207,206,204;,
  3;208,209,210;,
  3;211,212,213;,
  3;212,211,214;,
  3;213,215,216;,
  3;215,213,212;,
  3;216,215,217;,
  3;217,218,219;,
  3;218,217,215;,
  3;219,218,220;,
  3;220,221,222;,
  3;221,220,218;,
  3;222,221,223;,
  3;223,202,199;,
  3;202,223,221;,
  3;42,169,171;,
  3;169,42,44;,
  3;44,172,169;,
  3;172,44,47;,
  3;47,174,172;,
  3;174,47,49;,
  3;49,176,174;,
  3;176,49,51;,
  3;51,178,176;,
  3;178,51,53;,
  3;53,180,178;,
  3;180,53,55;,
  3;10,42,171;,
  3;22,180,55;,
  3;151,150,224;,
  3;164,225,163;,
  3;226,153,155;,
  3;153,226,227;,
  3;227,156,153;,
  3;156,227,228;,
  3;228,158,156;,
  3;158,228,229;,
  3;229,160,158;,
  3;160,229,225;,
  3;230,108,110;,
  3;108,230,231;,
  3;232,110,113;,
  3;110,232,230;,
  3;233,113,115;,
  3;113,233,232;,
  3;234,115,117;,
  3;115,234,233;,
  3;235,117,119;,
  3;117,235,234;,
  3;236,119,121;,
  3;119,236,235;,
  3;237,121,123;,
  3;121,237,236;,
  3;238,123,125;,
  3;123,238,237;,
  3;239,125,127;,
  3;125,239,238;,
  3;240,127,129;,
  3;127,240,239;,
  3;241,129,131;,
  3;129,241,240;,
  3;242,131,133;,
  3;131,242,241;,
  3;243,133,135;,
  3;133,243,242;,
  3;231,135,108;,
  3;135,231,243;,
  3;227,33,228;,
  3;33,227,34;,
  3;226,34,227;,
  3;34,226,36;,
  3;39,224,150;,
  3;224,39,41;,
  3;225,57,163;,
  3;57,225,58;,
  3;229,58,225;,
  3;58,229,61;,
  3;228,61,229;,
  3;61,228,33;,
  3;148,150,70;,
  3;150,148,39;,
  3;165,59,24;,
  3;59,165,57;,
  3;85,24,22;,
  3;24,85,165;,
  3;75,70,69;,
  3;75,148,70;,
  3;75,72,148;,
  3;7,72,10;,
  3;72,7,148;,
  3;84,165,85;,
  3;84,86,165;,
  3;89,86,84;,
  3;244,245,246;,
  3;245,244,247;,
  3;248,249,250;,
  3;249,248,251;,
  3;252,253,254;,
  3;253,252,255;,
  3;256,257,258;,
  3;257,256,259;,
  3;245,260,246;,
  3;260,245,261;,
  3;256,262,259;,
  3;262,256,263;,
  3;251,264,249;,
  3;264,251,265;,
  3;253,266,254;,
  3;266,253,267;,
  3;261,268,260;,
  3;268,261,269;,
  3;263,270,262;,
  3;270,263,271;,
  3;265,272,264;,
  3;272,265,273;,
  3;267,274,266;,
  3;274,267,275;,
  3;269,276,268;,
  3;276,269,277;,
  3;271,278,270;,
  3;278,271,279;,
  3;273,280,272;,
  3;280,273,281;,
  3;275,282,274;,
  3;282,275,283;,
  3;277,284,276;,
  3;284,277,285;,
  3;279,286,278;,
  3;286,279,287;,
  3;280,288,289;,
  3;288,280,281;,
  3;283,290,282;,
  3;290,283,291;,
  3;285,292,284;,
  3;292,285,293;,
  3;287,294,286;,
  3;294,287,295;,
  3;296,289,288;,
  3;289,296,297;,
  3;291,298,290;,
  3;298,291,299;,
  3;293,300,292;,
  3;300,293,301;,
  3;295,302,294;,
  3;302,295,303;,
  3;296,304,297;,
  3;304,296,305;,
  3;299,306,298;,
  3;306,299,307;,
  3;301,308,300;,
  3;308,301,309;,
  3;300,310,305;,
  3;310,300,308;,
  3;305,311,304;,
  3;311,305,310;,
  3;307,312,306;,
  3;312,307,313;,
  3;309,314,308;,
  3;314,309,315;,
  3;308,316,310;,
  3;316,308,314;,
  3;310,317,311;,
  3;317,310,316;,
  3;313,318,312;,
  3;318,313,319;,
  3;315,320,314;,
  3;320,315,321;,
  3;314,322,316;,
  3;322,314,320;,
  3;316,323,317;,
  3;323,316,322;,
  3;319,324,318;,
  3;324,319,325;,
  3;326,327,328;,
  3;327,326,329;,
  3;330,331,332;,
  3;331,330,333;,
  3;334,335,336;,
  3;335,334,337;,
  3;338,339,340;,
  3;339,338,341;,
  3;342,343,344;,
  3;343,342,345;,
  3;327,346,347;,
  3;346,327,329;,
  3;342,348,349;,
  3;348,342,344;,
  3;332,350,351;,
  3;350,332,331;,
  3;335,352,353;,
  3;352,335,337;,
  3;347,354,355;,
  3;354,347,346;,
  3;349,356,357;,
  3;356,349,348;,
  3;351,358,359;,
  3;358,351,350;,
  3;353,360,361;,
  3;360,353,352;,
  3;355,362,363;,
  3;362,355,354;,
  3;357,364,365;,
  3;364,357,356;,
  3;359,366,367;,
  3;366,359,358;,
  3;361,368,369;,
  3;368,361,360;,
  3;363,370,371;,
  3;370,363,362;,
  3;365,372,373;,
  3;372,365,364;,
  3;374,366,375;,
  3;366,374,367;,
  3;369,376,377;,
  3;376,369,368;,
  3;371,378,379;,
  3;378,371,370;,
  3;373,380,381;,
  3;380,373,372;,
  3;375,382,374;,
  3;382,375,383;,
  3;377,384,385;,
  3;384,377,376;,
  3;379,386,387;,
  3;386,379,378;,
  3;381,388,389;,
  3;388,381,380;,
  3;382,390,391;,
  3;390,382,383;,
  3;385,392,393;,
  3;392,385,384;,
  3;387,394,395;,
  3;394,387,386;,
  3;389,396,397;,
  3;396,389,388;,
  3;391,398,399;,
  3;398,391,390;,
  3;393,400,401;,
  3;400,393,392;,
  3;395,402,403;,
  3;402,395,394;,
  3;397,404,405;,
  3;404,397,396;,
  3;399,406,407;,
  3;406,399,398;,
  3;401,408,409;,
  3;408,401,400;,
  3;403,410,411;,
  3;410,403,402;,
  3;405,412,413;,
  3;412,405,404;,
  3;407,414,415;,
  3;414,407,406;,
  3;409,416,417;,
  3;416,409,408;,
  3;418,419,420;,
  3;419,418,421;,
  3;422,423,424;,
  3;423,422,425;,
  3;426,427,428;,
  3;427,426,429;,
  3;428,430,431;,
  3;430,428,427;,
  3;431,432,433;,
  3;432,431,430;,
  3;434,435,436;,
  3;435,434,437;,
  3;438,439,440;,
  3;439,438,441;,
  3;442,443,444;,
  3;443,442,445;,
  3;444,446,447;,
  3;446,444,443;,
  3;447,448,449;,
  3;448,447,446;,
  3;450,451,452;,
  3;451,450,453;,
  3;422,454,425;,
  3;454,422,455;,
  3;446,456,448;,
  3;456,446,457;,
  3;453,458,451;,
  3;458,453,459;,
  3;429,460,427;,
  3;460,429,461;,
  3;420,462,418;,
  3;462,420,463;,
  3;428,464,426;,
  3;464,428,465;,
  3;452,466,450;,
  3;466,452,467;,
  3;449,468,447;,
  3;468,449,469;,
  3;423,470,424;,
  3;470,423,471;,
  3;430,472,432;,
  3;472,430,473;,
  3;441,474,439;,
  3;474,441,475;,
  3;445,476,443;,
  3;476,445,477;,
  3;421,478,419;,
  3;478,421,479;,
  3;444,480,442;,
  3;480,444,481;,
  3;440,482,438;,
  3;482,440,483;,
  3;433,484,431;,
  3;484,433,485;,
  3;455,257,454;,
  3;257,455,258;,
  3;457,250,456;,
  3;250,457,248;,
  3;459,252,458;,
  3;252,459,255;,
  3;461,244,460;,
  3;244,461,247;,
  3;471,345,470;,
  3;345,471,343;,
  3;473,328,472;,
  3;328,473,326;,
  3;475,336,474;,
  3;336,475,334;,
  3;477,330,476;,
  3;330,477,333;,
  3;479,486,478;,
  3;486,479,487;,
  3;481,488,480;,
  3;488,481,489;,
  3;483,490,482;,
  3;490,483,491;,
  3;485,492,484;,
  3;492,485,493;,
  3;487,494,486;,
  3;494,487,495;,
  3;489,435,488;,
  3;435,489,436;,
  3;491,496,490;,
  3;496,491,497;,
  3;493,434,492;,
  3;434,493,437;,
  3;410,338,411;,
  3;338,410,341;,
  3;416,498,417;,
  3;498,416,499;,
