xof 0303txt 0032
template ColorRGBA {
 <35ff44e0-6c7c-11cf-8f52-0040333594a3>
 FLOAT red;
 FLOAT green;
 FLOAT blue;
 FLOAT alpha;
}

template ColorRGB {
 <d3e16e81-7835-11cf-8f52-0040333594a3>
 FLOAT red;
 FLOAT green;
 FLOAT blue;
}

template Material {
 <3d82ab4d-62da-11cf-ab39-0020af71e433>
 ColorRGBA faceColor;
 FLOAT power;
 ColorRGB specularColor;
 ColorRGB emissiveColor;
 [...]
}

template TextureFilename {
 <a42790e1-7810-11cf-8f52-0040333594a3>
 STRING filename;
}

template Frame {
 <3d82ab46-62da-11cf-ab39-0020af71e433>
 [...]
}

template Matrix4x4 {
 <f6f23f45-7686-11cf-8f52-0040333594a3>
 array FLOAT matrix[16];
}

template FrameTransformMatrix {
 <f6f23f41-7686-11cf-8f52-0040333594a3>
 Matrix4x4 frameMatrix;
}

template Vector {
 <3d82ab5e-62da-11cf-ab39-0020af71e433>
 FLOAT x;
 FLOAT y;
 FLOAT z;
}

template MeshFace {
 <3d82ab5f-62da-11cf-ab39-0020af71e433>
 DWORD nFaceVertexIndices;
 array DWORD faceVertexIndices[nFaceVertexIndices];
}

template Mesh {
 <3d82ab44-62da-11cf-ab39-0020af71e433>
 DWORD nVertices;
 array Vector vertices[nVertices];
 DWORD nFaces;
 array MeshFace faces[nFaces];
 [...]
}

template MeshNormals {
 <f6f23f43-7686-11cf-8f52-0040333594a3>
 DWORD nNormals;
 array Vector normals[nNormals];
 DWORD nFaceNormals;
 array MeshFace faceNormals[nFaceNormals];
}

template MeshMaterialList {
 <f6f23f42-7686-11cf-8f52-0040333594a3>
 DWORD nMaterials;
 DWORD nFaceIndexes;
 array DWORD faceIndexes[nFaceIndexes];
 [Material <3d82ab4d-62da-11cf-ab39-0020af71e433>]
}

template Coords2d {
 <f6f23f44-7686-11cf-8f52-0040333594a3>
 FLOAT u;
 FLOAT v;
}

template MeshTextureCoords {
 <f6f23f40-7686-11cf-8f52-0040333594a3>
 DWORD nTextureCoords;
 array Coords2d textureCoords[nTextureCoords];
}

template XSkinMeshHeader {
 <3cf169ce-ff7c-44ab-93c0-f78f62d172e2>
 WORD nMaxSkinWeightsPerVertex;
 WORD nMaxSkinWeightsPerFace;
 WORD nBones;
}

template SkinWeights {
 <6f0d123b-bad2-4167-a0d0-80224f25fabb>
 STRING transformNodeName;
 DWORD nWeights;
 array DWORD vertexIndices[nWeights];
 array FLOAT weights[nWeights];
 Matrix4x4 matrixOffset;
}

template AnimTicksPerSecond {
 <9e415a43-7ba6-4a73-8743-b73d47e88476>
 DWORD AnimTicksPerSecond;
}

template Animation {
 <3d82ab4f-62da-11cf-ab39-0020af71e433>
 [...]
}

template AnimationSet {
 <3d82ab50-62da-11cf-ab39-0020af71e433>
 [Animation <3d82ab4f-62da-11cf-ab39-0020af71e433>]
}

template FloatKeys {
 <10dd46a9-775b-11cf-8f52-0040333594a3>
 DWORD nValues;
 array FLOAT values[nValues];
}

template TimedFloatKeys {
 <f406b180-7b3b-11cf-8f52-0040333594a3>
 DWORD time;
 FloatKeys tfkeys;
}

template AnimationKey {
 <10dd46a8-775b-11cf-8f52-0040333594a3>
 DWORD keyType;
 DWORD nKeys;
 array TimedFloatKeys keys[nKeys];
}


Material Material__99 {
 1.000000;1.000000;1.000000;1.000000;;
 9.999999;
 0.000000;0.000000;0.000000;;
 0.000000;0.000000;0.000000;;

 TextureFilename {
  "HikingBagTEMP02.png";
 }
}

Frame Dummy01 {
 

 FrameTransformMatrix {
  1.000000,0.000000,0.000000,0.000000,0.000000,-0.000000,-1.000000,0.000000,0.000000,1.000000,-0.000000,0.000000,0.000000,0.000000,0.000000,1.000000;;
 }

 Frame Bip01 {
  

  FrameTransformMatrix {
   -0.087155,0.982405,-0.165183,0.000000,-0.000001,0.165814,0.986157,0.000000,0.996195,0.085949,-0.014450,0.000000,-0.010000,-0.012284,0.490453,1.000000;;
  }

  Frame Bip01_Pelvis {
   

   FrameTransformMatrix {
    0.000000,1.000000,-0.000001,0.000000,-0.000001,0.000001,1.000000,0.000000,1.000000,0.000000,0.000001,0.000000,0.000000,0.000000,0.000000,1.000000;;
   }

   Frame Bip01_Spine {
    

    FrameTransformMatrix {
     0.984686,0.000002,-0.174337,0.000000,-0.000001,1.000000,0.000004,0.000000,0.174337,-0.000004,0.984686,0.000000,0.051619,0.000000,-0.000083,1.000000;;
    }

    Frame Bip01_Spine1 {
     

     FrameTransformMatrix {
      0.997819,0.052687,0.039774,0.000000,-0.044862,0.983198,-0.176942,0.000000,-0.048428,0.174771,0.983417,0.000000,0.106484,-0.000015,-0.000083,1.000000;;
     }

     Frame Bip01_Neck {
      

      FrameTransformMatrix {
       0.966067,-0.020835,0.257451,0.000000,0.025191,0.999590,-0.013632,0.000000,-0.257061,0.019655,0.966195,0.000000,0.130511,-0.000001,0.004626,1.000000;;
      }

      Frame Bip01_Head {
       

       FrameTransformMatrix {
        0.989321,-0.051753,-0.136255,0.000000,0.064251,0.993958,0.088989,0.000000,0.130826,-0.096793,0.986669,0.000000,0.033674,-0.000000,-0.000000,1.000000;;
       }
      }

      Frame Bip01_L_Clavicle {
       

       FrameTransformMatrix {
        -0.205975,0.976135,0.068811,0.000000,0.943873,0.216738,-0.249254,0.000000,-0.258220,0.013609,-0.965990,0.000000,-0.024734,0.015166,0.002017,1.000000;;
       }

       Frame Bip01_L_UpperArm {
        

        FrameTransformMatrix {
         0.385871,-0.777669,0.496320,0.000000,0.922466,0.332598,-0.196046,0.000000,-0.012616,0.533487,0.845714,0.000000,0.087086,-0.000000,-0.000000,1.000000;;
        }

        Frame Bip01_L_Forearm {
         

         FrameTransformMatrix {
          0.943939,0.000000,-0.330119,0.000000,0.000000,1.000000,-0.000000,0.000000,0.330119,-0.000000,0.943939,0.000000,0.137062,0.000000,0.000000,1.000000;;
         }

         Frame Bip01_L_Hand {
          

          FrameTransformMatrix {
           1.000000,-0.000000,0.000000,0.000000,0.000000,0.000796,1.000000,0.000000,0.000000,-1.000000,0.000796,0.000000,0.137062,0.000000,0.000000,1.000000;;
          }

          Frame Bip01_L_Finger0 {
           

           FrameTransformMatrix {
            0.690342,-0.181727,0.700288,0.000000,0.558537,0.749101,-0.356210,0.000000,-0.459853,0.637043,0.618637,0.000000,0.057681,-0.023605,-0.000272,1.000000;;
           }
          }

          Frame Bip01_L_Finger1 {
           

           FrameTransformMatrix {
            0.728079,-0.000546,0.685493,0.000000,0.000000,1.000000,0.000796,0.000000,-0.685493,-0.000580,0.728079,0.000000,0.084102,0.000000,0.000000,1.000000;;
           }
          }
         }
        }
       }
      }

      Frame Bip01_R_Clavicle {
       

       FrameTransformMatrix {
        -0.028509,-0.999573,-0.006461,0.000000,-0.965665,0.025871,0.258498,0.000000,-0.258220,0.013609,-0.965990,0.000000,-0.024080,-0.016250,0.001399,1.000000;;
       }

       Frame Bip01_R_UpperArm {
        

        FrameTransformMatrix {
         0.221390,0.975047,0.016433,0.000000,-0.974986,0.221654,-0.016512,0.000000,-0.019742,-0.012366,0.999729,0.000000,0.087086,0.000000,0.000000,1.000000;;
        }

        Frame Bip01_R_Forearm {
         

         FrameTransformMatrix {
          0.915660,-0.000000,-0.401954,0.000000,-0.000000,1.000000,-0.000000,0.000000,0.401954,-0.000000,0.915660,0.000000,0.137062,0.000000,0.000000,1.000000;;
         }

         Frame Bip01_R_Hand {
          

          FrameTransformMatrix {
           0.975195,-0.000000,-0.221346,0.000000,-0.221346,0.000796,-0.975195,0.000000,0.000176,1.000000,0.000777,0.000000,0.137062,-0.000000,0.000000,1.000000;;
          }

          Frame Bip01_R_Finger0 {
           

           FrameTransformMatrix {
            0.417774,-0.116941,0.900994,0.000000,-0.558537,0.749101,0.356210,0.000000,-0.716591,-0.652054,0.247639,0.000000,0.057681,0.023605,-0.000272,1.000000;;
           }
          }

          Frame Bip01_R_Finger1 {
           

           FrameTransformMatrix {
            0.352436,0.000745,0.935835,0.000000,0.000000,1.000000,-0.000796,0.000000,-0.935836,0.000281,0.352436,0.000000,0.084102,0.000000,0.000000,1.000000;;
           }
          }
         }
        }
       }
      }
     }

     Frame Bip01_BackPack {
      

      FrameTransformMatrix {
       0.180560,0.080500,-0.980264,0.000000,0.047560,0.994764,0.090451,0.000000,0.982413,-0.062954,0.175786,0.000000,0.063697,0.000003,-0.088856,1.000000;;
      }
     }
    }

    Frame Bip01_L_Thigh {
     

     FrameTransformMatrix {
      -0.888504,0.030427,0.457858,0.000000,-0.032107,-0.999476,0.004114,0.000000,0.457744,-0.011045,0.889016,0.000000,-0.050843,0.055225,-0.008917,1.000000;;
     }

     Frame Bip01_L_Calf {
      

      FrameTransformMatrix {
       0.942235,-0.000000,-0.334952,0.000000,-0.000000,1.000000,-0.000000,0.000000,0.334952,-0.000000,0.942235,0.000000,0.237500,0.000000,-0.000000,1.000000;;
      }

      Frame Bip01_L_Foot {
       

       FrameTransformMatrix {
        0.924325,-0.026487,0.380687,0.000000,-0.068962,0.969570,0.234901,0.000000,-0.375325,-0.243378,0.894371,0.000000,0.206841,0.000000,0.000000,1.000000;;
       }

       Frame Bip01_L_Toe0 {
        

        FrameTransformMatrix {
         0.000000,0.000000,1.000000,0.000000,0.000000,1.000000,-0.000000,0.000000,-1.000000,0.000000,0.000000,0.000000,0.065373,0.000000,0.066450,1.000000;;
        }
       }
      }
     }
    }

    Frame Bip01_R_Thigh {
     

     FrameTransformMatrix {
      -0.996965,0.030321,-0.071704,0.000000,-0.029454,-0.999480,-0.013113,0.000000,-0.072065,-0.010961,0.997340,0.000000,-0.050843,-0.055225,-0.008917,1.000000;;
     }

     Frame Bip01_R_Calf {
      

      FrameTransformMatrix {
       0.730239,0.000000,-0.683192,0.000000,0.000000,1.000000,0.000000,0.000000,0.683192,0.000000,0.730239,0.000000,0.237500,0.000000,0.000000,1.000000;;
      }

      Frame Bip01_R_Foot {
       

       FrameTransformMatrix {
        0.991957,0.087165,-0.091782,0.000000,-0.093276,0.993546,-0.064539,0.000000,0.085565,0.072581,0.993685,0.000000,0.206841,0.000000,0.000000,1.000000;;
       }

       Frame Bip01_R_Toe0 {
        

        FrameTransformMatrix {
         0.000000,0.000000,1.000000,0.000000,0.000000,1.000000,-0.000000,0.000000,-1.000000,0.000000,0.000000,0.000000,0.065373,0.000000,0.066450,1.000000;;
        }
       }
      }
     }
    }
   }

   Frame Bip01_DressFront {
    

    FrameTransformMatrix {
     -0.880185,-0.088339,0.466338,0.000000,0.121847,0.907542,0.401896,0.000000,-0.458725,0.410564,-0.788041,0.000000,-0.043935,0.001339,0.061057,1.000000;;
    }

    Frame Bip01_DressFront02 {
     

     FrameTransformMatrix {
      0.912593,0.000001,0.408870,0.000000,-0.000001,1.000000,-0.000000,0.000000,-0.408870,-0.000000,0.912593,0.000000,0.183378,-0.000000,-0.000120,1.000000;;
     }
    }
   }

   Frame Bip01_DressBack {
    

    FrameTransformMatrix {
     -0.886023,0.038029,0.462080,0.000000,0.191625,0.937561,0.290274,0.000000,-0.422190,0.345735,-0.837988,0.000000,-0.047673,-0.000048,-0.078302,1.000000;;
    }

    Frame Bip01_DressBack02 {
     

     FrameTransformMatrix {
      0.936852,0.174932,-0.302833,0.000000,-0.166408,0.984581,0.053939,0.000000,0.307600,-0.000139,0.951516,0.000000,0.176125,0.000000,-0.000103,1.000000;;
     }
    }
   }
  }

  Frame Bip01_Prop1 {
   

   FrameTransformMatrix {
    -0.233929,-0.108090,0.966227,0.000000,0.687222,0.684611,0.242967,0.000000,-0.687752,0.720849,-0.085868,0.000000,0.076452,-0.048658,-0.145664,1.000000;;
   }
  }

  Frame Bip01_Prop2 {
   

   FrameTransformMatrix {
    -0.163643,-0.967062,0.194966,0.000000,0.985576,-0.168906,-0.010564,0.000000,0.043147,0.190425,0.980753,0.000000,-0.138405,-0.102098,0.114818,1.000000;;
   }
  }
 }
}

Frame Translation_Data {
 

 FrameTransformMatrix {
  -0.000000,0.000000,-1.000000,0.000000,-1.000000,-0.000000,0.000000,0.000000,-0.000000,1.000000,0.000000,0.000000,0.000000,-0.000000,0.000000,1.000000;;
 }
}

Frame M_HikingBag {
 

 FrameTransformMatrix {
  1.000000,0.000000,-0.000000,0.000000,0.000000,1.000000,0.000000,0.000000,0.000000,0.000000,1.000000,0.000000,0.000000,0.000000,0.000000,1.000000;;
 }

 Mesh M_HikingBag {
  399;
  0.000301;0.562531;0.158833;,
  0.057547;0.565094;0.185302;,
  0.000301;0.563100;0.195985;,
  0.074562;0.567521;0.160708;,
  0.000301;0.566727;0.116705;,
  0.079913;0.575189;0.118197;,
  0.000301;0.578062;0.082635;,
  0.075188;0.583227;0.083545;,
  0.000301;0.854576;0.213265;,
  0.031337;0.815811;0.229623;,
  0.040839;0.846506;0.211842;,
  0.000301;0.821226;0.238610;,
  0.000301;0.876251;0.175102;,
  0.045962;0.867642;0.173584;,
  0.000301;0.871887;0.139990;,
  0.041486;0.863830;0.138569;,
  -0.009308;0.606792;0.220009;,
  0.050739;0.567104;0.196637;,
  0.055953;0.610457;0.204281;,
  0.000301;0.565120;0.207322;,
  0.000301;0.652322;0.225056;,
  0.055685;0.657884;0.211616;,
  0.000301;0.707365;0.226883;,
  0.063161;0.664607;0.200981;,
  0.059554;0.713576;0.211483;,
  0.000301;0.658077;0.218193;,
  0.000301;0.770787;0.228715;,
  0.049571;0.776032;0.218790;,
  0.052775;0.782555;0.223759;,
  0.000301;0.777310;0.233684;,
  0.079674;0.639322;0.090583;,
  0.000301;0.578062;0.082635;,
  0.000301;0.639435;0.089944;,
  0.075188;0.583227;0.083545;,
  0.078128;0.700433;0.100636;,
  0.000310;0.721843;0.103175;,
  0.075328;0.758809;0.111614;,
  0.000301;0.758916;0.111012;,
  0.067278;0.817303;0.121928;,
  0.000301;0.819704;0.121731;,
  0.039486;0.856195;0.131625;,
  0.000301;0.864252;0.133046;,
  0.103201;0.629104;0.127389;,
  0.090892;0.588012;0.087145;,
  0.095379;0.638790;0.095178;,
  0.095618;0.581782;0.119045;,
  0.095977;0.619478;0.164923;,
  0.090267;0.574321;0.156052;,
  0.063465;0.612556;0.193670;,
  0.074562;0.567521;0.160708;,
  0.080272;0.619136;0.167931;,
  0.057547;0.565094;0.185302;,
  0.101510;0.691609;0.138410;,
  0.093833;0.699273;0.106148;,
  0.096815;0.678537;0.172563;,
  0.081111;0.678195;0.175571;,
  0.096548;0.745353;0.147887;,
  0.089487;0.748887;0.115581;,
  0.092037;0.725845;0.179543;,
  0.077877;0.734191;0.184516;,
  0.073581;0.816749;0.160791;,
  0.075328;0.758809;0.111614;,
  0.067278;0.817303;0.121928;,
  0.082388;0.754243;0.149769;,
  0.068772;0.792775;0.194846;,
  0.070698;0.824938;0.128872;,
  0.078348;0.823668;0.163511;,
  0.073225;0.799650;0.197820;,
  -0.056945;0.565094;0.185302;,
  -0.073960;0.567521;0.160708;,
  -0.079311;0.575189;0.118197;,
  -0.074586;0.583227;0.083545;,
  -0.030735;0.815811;0.229623;,
  -0.040237;0.846506;0.211842;,
  -0.045360;0.867642;0.173584;,
  -0.040884;0.863830;0.138569;,
  -0.050137;0.567104;0.196637;,
  -0.055351;0.610457;0.204281;,
  -0.055083;0.657884;0.211616;,
  -0.062558;0.664607;0.200981;,
  -0.058952;0.713576;0.211483;,
  -0.048969;0.776032;0.218790;,
  -0.052173;0.782555;0.223759;,
  -0.079072;0.639322;0.090583;,
  -0.074586;0.583227;0.083545;,
  -0.077526;0.700433;0.100636;,
  -0.074726;0.758809;0.111614;,
  -0.066676;0.817303;0.121928;,
  -0.038884;0.856195;0.131625;,
  -0.106783;0.629011;0.127145;,
  -0.092079;0.588047;0.087412;,
  -0.096805;0.581689;0.118801;,
  -0.096565;0.638257;0.094786;,
  -0.097163;0.619378;0.164721;,
  -0.091453;0.574786;0.155893;,
  -0.062863;0.612556;0.193671;,
  -0.073960;0.567521;0.160708;,
  -0.056945;0.565094;0.185302;,
  -0.079670;0.619136;0.167931;,
  -0.105092;0.691516;0.138167;,
  -0.095019;0.699171;0.105980;,
  -0.098002;0.678437;0.172360;,
  -0.080508;0.678195;0.175571;,
  -0.099280;0.745376;0.147859;,
  -0.092219;0.748933;0.115439;,
  -0.094768;0.725406;0.179501;,
  -0.077275;0.734191;0.184516;,
  -0.072979;0.816749;0.160791;,
  -0.074726;0.758809;0.111614;,
  -0.081786;0.754243;0.149769;,
  -0.066676;0.817303;0.121928;,
  -0.068170;0.792775;0.194846;,
  -0.070096;0.824938;0.128872;,
  -0.077745;0.823668;0.163511;,
  -0.072623;0.799650;0.197820;,
  0.000301;0.871887;0.139990;,
  0.039486;0.856195;0.131625;,
  0.000301;0.864252;0.133046;,
  0.041486;0.863830;0.138569;,
  -0.040884;0.863830;0.138569;,
  -0.038884;0.856195;0.131625;,
  -0.070096;0.824938;0.128872;,
  -0.066676;0.817303;0.121928;,
  -0.077745;0.823668;0.163511;,
  -0.072979;0.816749;0.160791;,
  -0.072623;0.799650;0.197820;,
  -0.068170;0.792775;0.194846;,
  -0.052173;0.782555;0.223759;,
  -0.048969;0.776032;0.218790;,
  0.000301;0.777310;0.233684;,
  0.000301;0.770787;0.228715;,
  0.052775;0.782555;0.223759;,
  0.049571;0.776032;0.218790;,
  0.073225;0.799650;0.197820;,
  0.068772;0.792775;0.194846;,
  0.078348;0.823668;0.163511;,
  0.073581;0.816749;0.160791;,
  0.070698;0.824938;0.128872;,
  0.067278;0.817303;0.121928;,
  -0.091453;0.574786;0.155893;,
  -0.079311;0.575189;0.118197;,
  -0.073960;0.567521;0.160708;,
  -0.096805;0.581689;0.118801;,
  -0.097163;0.619378;0.164721;,
  -0.079670;0.619136;0.167931;,
  -0.098002;0.678437;0.172360;,
  -0.080508;0.678195;0.175571;,
  -0.094768;0.725406;0.179501;,
  -0.077275;0.734191;0.184516;,
  -0.099280;0.745376;0.147859;,
  -0.081786;0.754243;0.149769;,
  -0.092219;0.748933;0.115439;,
  -0.074726;0.758809;0.111614;,
  -0.095019;0.699171;0.105980;,
  -0.077526;0.700433;0.100636;,
  -0.096565;0.638257;0.094786;,
  -0.079072;0.639322;0.090583;,
  -0.074586;0.583227;0.083545;,
  -0.092079;0.588047;0.087412;,
  0.095618;0.581782;0.119045;,
  0.074562;0.567521;0.160708;,
  0.079913;0.575189;0.118197;,
  0.090267;0.574321;0.156052;,
  0.090892;0.588012;0.087145;,
  0.075188;0.583227;0.083545;,
  0.093833;0.699273;0.106148;,
  0.079674;0.639322;0.090583;,
  0.078128;0.700433;0.100636;,
  0.095379;0.638790;0.095178;,
  0.089487;0.748887;0.115581;,
  0.075328;0.758809;0.111614;,
  0.096548;0.745353;0.147887;,
  0.082388;0.754243;0.149769;,
  0.092037;0.725845;0.179543;,
  0.077877;0.734191;0.184516;,
  0.096815;0.678537;0.172563;,
  0.081111;0.678195;0.175571;,
  0.095977;0.619478;0.164923;,
  0.080272;0.619136;0.167931;,
  0.050739;0.567104;0.196637;,
  0.000301;0.563100;0.195985;,
  0.057547;0.565094;0.185302;,
  0.000301;0.565120;0.207322;,
  0.055953;0.610457;0.204281;,
  0.063465;0.612556;0.193670;,
  0.055685;0.657884;0.211616;,
  0.063161;0.664607;0.200981;,
  0.000301;0.652322;0.225056;,
  0.000301;0.658077;0.218193;,
  -0.055083;0.657884;0.211616;,
  -0.062558;0.664607;0.200981;,
  -0.055351;0.610457;0.204281;,
  -0.062863;0.612556;0.193671;,
  -0.050137;0.567104;0.196637;,
  -0.056945;0.565094;0.185302;,
  -0.073669;0.580417;0.047567;,
  -0.079072;0.639322;0.090583;,
  -0.074586;0.583227;0.083545;,
  -0.077377;0.627588;0.046400;,
  -0.091627;0.584425;0.047650;,
  -0.092079;0.588047;0.087412;,
  -0.095200;0.627278;0.046607;,
  -0.096565;0.638257;0.094786;,
  0.079251;0.627638;0.046652;,
  0.075188;0.583227;0.083545;,
  0.079674;0.639322;0.090583;,
  0.076018;0.580529;0.047586;,
  0.095755;0.627457;0.046636;,
  0.095379;0.638790;0.095178;,
  0.091544;0.584500;0.047550;,
  0.090892;0.588012;0.087145;,
  -0.067474;0.584466;-0.024648;,
  -0.077377;0.627588;0.046400;,
  -0.073669;0.580417;0.047567;,
  -0.070791;0.627728;-0.022780;,
  -0.083183;0.587933;-0.028637;,
  -0.073669;0.580417;0.047567;,
  -0.091627;0.584425;0.047650;,
  -0.067474;0.584466;-0.024648;,
  -0.086383;0.624955;-0.026906;,
  -0.095200;0.627278;0.046607;,
  0.071558;0.628222;-0.022485;,
  0.076018;0.580529;0.047586;,
  0.079251;0.627638;0.046652;,
  0.068950;0.584958;-0.024607;,
  0.086036;0.624870;-0.026985;,
  0.095755;0.627457;0.046636;,
  0.082590;0.588358;-0.028730;,
  0.091544;0.584500;0.047550;,
  0.068950;0.584958;-0.024607;,
  0.091544;0.584500;0.047550;,
  0.076018;0.580529;0.047586;,
  0.091544;0.584500;0.047550;,
  0.068950;0.584958;-0.024607;,
  0.082590;0.588358;-0.028730;,
  -0.042988;0.588119;-0.048713;,
  -0.047184;0.629601;-0.048780;,
  -0.049086;0.591451;-0.060081;,
  -0.042988;0.588119;-0.048713;,
  -0.052557;0.626852;-0.060206;,
  0.047182;0.630672;-0.049291;,
  0.043636;0.589087;-0.049690;,
  0.050694;0.627298;-0.060353;,
  0.047231;0.592295;-0.061027;,
  0.043636;0.589087;-0.049690;,
  0.068950;0.584958;-0.024607;,
  0.000037;0.589507;-0.052592;,
  0.000037;0.631027;-0.052612;,
  0.000037;0.592852;-0.066659;,
  0.000037;0.589507;-0.052592;,
  0.000037;0.629265;-0.066445;,
  -0.062688;0.799192;0.077394;,
  -0.014368;0.792201;0.120918;,
  -0.042303;0.781163;0.128783;,
  -0.035451;0.808443;0.071181;,
  -0.063339;0.811874;0.079900;,
  -0.015035;0.799413;0.128667;,
  -0.036102;0.819312;0.075283;,
  -0.042971;0.788375;0.136532;,
  -0.035451;0.808443;0.071181;,
  -0.014368;0.792201;0.120918;,
  -0.014368;0.792201;0.120918;,
  -0.042971;0.788375;0.136532;,
  -0.042303;0.781163;0.128783;,
  -0.042971;0.788375;0.136532;,
  -0.014368;0.792201;0.120918;,
  -0.015035;0.799413;0.128667;,
  -0.043564;0.806188;0.036823;,
  -0.067979;0.802592;0.043536;,
  -0.044678;0.819023;0.037670;,
  -0.043564;0.806188;0.036823;,
  -0.067288;0.815427;0.040988;,
  -0.044079;0.792688;0.013334;,
  -0.070982;0.791913;0.011668;,
  -0.046155;0.804133;0.007984;,
  -0.044079;0.792688;0.013334;,
  -0.071752;0.803357;0.006318;,
  -0.054672;0.760446;-0.010427;,
  -0.078519;0.764033;-0.007381;,
  -0.055477;0.766190;-0.022752;,
  -0.054672;0.760446;-0.010427;,
  -0.079324;0.769777;-0.017102;,
  -0.062751;0.725290;-0.026060;,
  -0.088541;0.729855;-0.017392;,
  -0.063568;0.733055;-0.039657;,
  -0.062751;0.725290;-0.026060;,
  -0.089357;0.737621;-0.027457;,
  -0.073709;0.692480;-0.011864;,
  -0.098660;0.700731;-0.017679;,
  -0.076754;0.696618;-0.043060;,
  -0.073709;0.692480;-0.011864;,
  -0.101705;0.701735;-0.026880;,
  -0.079420;0.654503;-0.012390;,
  -0.097255;0.662039;-0.003002;,
  -0.088797;0.651796;-0.020146;,
  -0.079420;0.654503;-0.012390;,
  -0.106632;0.659332;-0.010758;,
  -0.080174;0.621397;0.029979;,
  -0.086352;0.624567;0.033829;,
  -0.083477;0.617692;0.028948;,
  -0.080174;0.621397;0.029979;,
  -0.090953;0.620862;0.032798;,
  -0.086352;0.624567;0.033829;,
  -0.068721;0.601452;0.054280;,
  -0.080174;0.621397;0.029979;,
  -0.068721;0.601452;0.054280;,
  -0.086352;0.624567;0.033829;,
  -0.078593;0.605800;0.055647;,
  -0.080174;0.621397;0.029979;,
  -0.072468;0.597355;0.054188;,
  -0.083477;0.617692;0.028948;,
  -0.072468;0.597355;0.054188;,
  -0.080174;0.621397;0.029979;,
  -0.068721;0.601452;0.054280;,
  -0.083477;0.617692;0.028948;,
  -0.082341;0.601704;0.055555;,
  -0.090953;0.620862;0.032798;,
  -0.082341;0.601704;0.055555;,
  -0.083477;0.617692;0.028948;,
  -0.072468;0.597355;0.054188;,
  -0.090953;0.620862;0.032798;,
  -0.078593;0.605800;0.055647;,
  -0.086352;0.624567;0.033829;,
  -0.078593;0.605800;0.055647;,
  -0.090953;0.620862;0.032798;,
  -0.082341;0.601704;0.055555;,
  0.063455;0.799192;0.077394;,
  0.015153;0.792201;0.120918;,
  0.036218;0.808443;0.071181;,
  0.043088;0.781163;0.128783;,
  0.064106;0.811874;0.079900;,
  0.015821;0.799413;0.128667;,
  0.043756;0.788375;0.136532;,
  0.036868;0.819312;0.075283;,
  0.036218;0.808443;0.071181;,
  0.015153;0.792201;0.120918;,
  0.015153;0.792201;0.120918;,
  0.043756;0.788375;0.136532;,
  0.015821;0.799413;0.128667;,
  0.043088;0.781163;0.128783;,
  0.044331;0.806188;0.036823;,
  0.068746;0.802592;0.043536;,
  0.045445;0.819023;0.037670;,
  0.044331;0.806188;0.036823;,
  0.068055;0.815427;0.040988;,
  0.044846;0.792688;0.013334;,
  0.071748;0.791913;0.011669;,
  0.046922;0.804133;0.007984;,
  0.044846;0.792688;0.013334;,
  0.072518;0.803358;0.006318;,
  0.055313;0.760446;-0.010427;,
  0.078246;0.764033;-0.007381;,
  0.056118;0.766190;-0.022752;,
  0.055313;0.760446;-0.010427;,
  0.079051;0.769777;-0.017102;,
  0.063518;0.725290;-0.026060;,
  0.089308;0.729855;-0.017392;,
  0.064334;0.733055;-0.039657;,
  0.063518;0.725290;-0.026060;,
  0.090124;0.737621;-0.027457;,
  0.074475;0.692480;-0.011864;,
  0.099426;0.700731;-0.017679;,
  0.077520;0.696618;-0.043060;,
  0.074475;0.692480;-0.011864;,
  0.102471;0.701735;-0.026880;,
  0.081344;0.654503;-0.012390;,
  0.099179;0.662039;-0.003002;,
  0.090721;0.651796;-0.020146;,
  0.081344;0.654503;-0.012390;,
  0.108556;0.659332;-0.010758;,
  0.080938;0.621397;0.029979;,
  0.087116;0.624567;0.033829;,
  0.084242;0.617692;0.028948;,
  0.080938;0.621397;0.029979;,
  0.091718;0.620862;0.032798;,
  0.087116;0.624567;0.033829;,
  0.069485;0.601452;0.054280;,
  0.079358;0.605800;0.055647;,
  0.069485;0.601452;0.054280;,
  0.087116;0.624567;0.033829;,
  0.080938;0.621397;0.029979;,
  0.080938;0.621397;0.029979;,
  0.073232;0.597355;0.054188;,
  0.069485;0.601452;0.054280;,
  0.073232;0.597355;0.054188;,
  0.080938;0.621397;0.029979;,
  0.084242;0.617692;0.028948;,
  0.084242;0.617692;0.028948;,
  0.083105;0.601704;0.055555;,
  0.073232;0.597355;0.054188;,
  0.083105;0.601704;0.055555;,
  0.084242;0.617692;0.028948;,
  0.091718;0.620862;0.032798;,
  0.091718;0.620862;0.032798;,
  0.079358;0.605800;0.055647;,
  0.083105;0.601704;0.055555;,
  0.079358;0.605800;0.055647;,
  0.091718;0.620862;0.032798;,
  0.087116;0.624567;0.033829;;
  412;
  3;0,1,2;,
  3;1,0,3;,
  3;4,3,0;,
  3;3,4,5;,
  3;6,5,4;,
  3;5,6,7;,
  3;8,9,10;,
  3;9,8,11;,
  3;12,10,13;,
  3;10,12,8;,
  3;14,13,15;,
  3;13,14,12;,
  3;16,17,18;,
  3;17,16,19;,
  3;20,18,21;,
  3;18,20,16;,
  3;22,23,24;,
  3;23,22,25;,
  3;26,24,27;,
  3;24,26,22;,
  3;11,28,9;,
  3;28,11,29;,
  3;30,31,32;,
  3;31,30,33;,
  3;34,32,35;,
  3;32,34,30;,
  3;36,35,37;,
  3;35,36,34;,
  3;38,37,39;,
  3;37,38,36;,
  3;40,39,41;,
  3;39,40,38;,
  3;42,43,44;,
  3;43,42,45;,
  3;46,45,42;,
  3;45,46,47;,
  3;48,49,50;,
  3;49,48,51;,
  3;52,44,53;,
  3;44,52,42;,
  3;54,42,52;,
  3;42,54,46;,
  3;23,50,55;,
  3;50,23,48;,
  3;56,53,57;,
  3;53,56,52;,
  3;58,52,56;,
  3;52,58,54;,
  3;24,55,59;,
  3;55,24,23;,
  3;60,61,62;,
  3;61,60,63;,
  3;64,63,60;,
  3;63,64,59;,
  3;27,59,64;,
  3;59,27,24;,
  3;13,65,15;,
  3;65,13,66;,
  3;10,66,13;,
  3;66,10,67;,
  3;9,67,10;,
  3;67,9,28;,
  3;0,68,69;,
  3;68,0,2;,
  3;4,69,70;,
  3;69,4,0;,
  3;6,70,71;,
  3;70,6,4;,
  3;8,72,11;,
  3;72,8,73;,
  3;12,73,8;,
  3;73,12,74;,
  3;14,74,12;,
  3;74,14,75;,
  3;16,76,19;,
  3;76,16,77;,
  3;20,77,16;,
  3;77,20,78;,
  3;22,79,25;,
  3;79,22,80;,
  3;26,80,22;,
  3;80,26,81;,
  3;11,82,29;,
  3;82,11,72;,
  3;83,31,84;,
  3;31,83,32;,
  3;85,32,83;,
  3;32,85,35;,
  3;86,35,85;,
  3;35,86,37;,
  3;87,37,86;,
  3;37,87,39;,
  3;88,39,87;,
  3;39,88,41;,
  3;89,90,91;,
  3;90,89,92;,
  3;93,91,94;,
  3;91,93,89;,
  3;95,96,97;,
  3;96,95,98;,
  3;99,92,89;,
  3;92,99,100;,
  3;101,89,93;,
  3;89,101,99;,
  3;79,98,95;,
  3;98,79,102;,
  3;103,100,99;,
  3;100,103,104;,
  3;105,99,101;,
  3;99,105,103;,
  3;80,102,79;,
  3;102,80,106;,
  3;107,108,109;,
  3;108,107,110;,
  3;111,109,106;,
  3;109,111,107;,
  3;81,106,80;,
  3;106,81,111;,
  3;74,112,113;,
  3;112,74,75;,
  3;73,113,114;,
  3;113,73,74;,
  3;72,114,82;,
  3;114,72,73;,
  3;115,116,117;,
  3;116,115,118;,
  3;119,117,120;,
  3;117,119,115;,
  3;121,120,122;,
  3;120,121,119;,
  3;123,122,124;,
  3;122,123,121;,
  3;125,124,126;,
  3;124,125,123;,
  3;127,126,128;,
  3;126,127,125;,
  3;129,128,130;,
  3;128,129,127;,
  3;131,130,132;,
  3;130,131,129;,
  3;133,132,134;,
  3;132,133,131;,
  3;135,134,136;,
  3;134,135,133;,
  3;137,136,138;,
  3;136,137,135;,
  3;118,138,116;,
  3;138,118,137;,
  3;139,140,141;,
  3;140,139,142;,
  3;143,141,144;,
  3;141,143,139;,
  3;145,144,146;,
  3;144,145,143;,
  3;147,146,148;,
  3;146,147,145;,
  3;149,148,150;,
  3;148,149,147;,
  3;151,150,152;,
  3;150,151,149;,
  3;153,152,154;,
  3;152,153,151;,
  3;155,154,156;,
  3;154,155,153;,
  3;142,157,140;,
  3;157,142,158;,
  3;159,160,161;,
  3;160,159,162;,
  3;163,161,164;,
  3;161,163,159;,
  3;165,166,167;,
  3;166,165,168;,
  3;169,167,170;,
  3;167,169,165;,
  3;171,170,172;,
  3;170,171,169;,
  3;173,172,174;,
  3;172,173,171;,
  3;175,174,176;,
  3;174,175,173;,
  3;177,176,178;,
  3;176,177,175;,
  3;162,178,160;,
  3;178,162,177;,
  3;179,180,181;,
  3;180,179,182;,
  3;183,181,184;,
  3;181,183,179;,
  3;185,184,186;,
  3;184,185,183;,
  3;187,186,188;,
  3;186,187,185;,
  3;189,188,190;,
  3;188,189,187;,
  3;191,190,192;,
  3;190,191,189;,
  3;193,192,194;,
  3;192,193,191;,
  3;182,194,180;,
  3;194,182,193;,
  3;195,196,197;,
  3;196,195,198;,
  3;199,197,200;,
  3;197,199,195;,
  3;201,200,202;,
  3;200,201,199;,
  3;198,202,196;,
  3;202,198,201;,
  3;203,204,205;,
  3;204,203,206;,
  3;207,205,208;,
  3;205,207,203;,
  3;209,208,210;,
  3;208,209,207;,
  3;206,210,204;,
  3;210,206,209;,
  3;211,212,213;,
  3;212,211,214;,
  3;215,216,217;,
  3;216,215,218;,
  3;219,217,220;,
  3;217,219,215;,
  3;214,220,212;,
  3;220,214,219;,
  3;221,222,223;,
  3;222,221,224;,
  3;225,223,226;,
  3;223,225,221;,
  3;227,226,228;,
  3;226,227,225;,
  3;229,230,231;,
  3;232,233,234;,
  3;235,214,211;,
  3;214,235,236;,
  3;237,218,215;,
  3;218,237,238;,
  3;239,215,219;,
  3;215,239,237;,
  3;236,219,214;,
  3;219,236,239;,
  3;240,224,221;,
  3;224,240,241;,
  3;242,221,225;,
  3;221,242,240;,
  3;243,225,227;,
  3;225,243,242;,
  3;244,227,245;,
  3;227,244,243;,
  3;246,236,235;,
  3;236,246,247;,
  3;248,238,237;,
  3;238,248,249;,
  3;250,237,239;,
  3;237,250,248;,
  3;247,239,236;,
  3;239,247,250;,
  3;247,241,240;,
  3;241,247,246;,
  3;250,240,242;,
  3;240,250,247;,
  3;248,242,243;,
  3;242,248,250;,
  3;249,243,244;,
  3;243,249,248;,
  3;251,252,253;,
  3;252,251,254;,
  3;255,256,257;,
  3;256,255,258;,
  3;259,256,260;,
  3;256,259,257;,
  3;261,262,263;,
  3;264,265,266;,
  3;253,255,251;,
  3;255,253,258;,
  3;251,267,254;,
  3;267,251,268;,
  3;259,269,257;,
  3;269,259,270;,
  3;257,271,255;,
  3;271,257,269;,
  3;255,268,251;,
  3;268,255,271;,
  3;268,272,267;,
  3;272,268,273;,
  3;270,274,269;,
  3;274,270,275;,
  3;269,276,271;,
  3;276,269,274;,
  3;271,273,268;,
  3;273,271,276;,
  3;273,277,272;,
  3;277,273,278;,
  3;275,279,274;,
  3;279,275,280;,
  3;274,281,276;,
  3;281,274,279;,
  3;276,278,273;,
  3;278,276,281;,
  3;278,282,277;,
  3;282,278,283;,
  3;280,284,279;,
  3;284,280,285;,
  3;279,286,281;,
  3;286,279,284;,
  3;281,283,278;,
  3;283,281,286;,
  3;283,287,282;,
  3;287,283,288;,
  3;285,289,284;,
  3;289,285,290;,
  3;284,291,286;,
  3;291,284,289;,
  3;286,288,283;,
  3;288,286,291;,
  3;288,292,287;,
  3;292,288,293;,
  3;290,294,289;,
  3;294,290,295;,
  3;289,296,291;,
  3;296,289,294;,
  3;291,293,288;,
  3;293,291,296;,
  3;293,297,292;,
  3;297,293,298;,
  3;295,299,294;,
  3;299,295,300;,
  3;294,301,296;,
  3;301,294,299;,
  3;296,298,293;,
  3;298,296,301;,
  3;302,303,304;,
  3;305,306,307;,
  3;308,309,310;,
  3;311,312,313;,
  3;314,315,316;,
  3;317,318,319;,
  3;320,321,322;,
  3;323,324,325;,
  3;326,327,328;,
  3;327,326,329;,
  3;330,331,332;,
  3;331,330,333;,
  3;334,331,333;,
  3;331,334,335;,
  3;336,337,338;,
  3;337,336,339;,
  3;329,330,332;,
  3;330,329,326;,
  3;326,340,341;,
  3;340,326,328;,
  3;334,342,343;,
  3;342,334,333;,
  3;333,344,342;,
  3;344,333,330;,
  3;330,341,344;,
  3;341,330,326;,
  3;341,345,346;,
  3;345,341,340;,
  3;343,347,348;,
  3;347,343,342;,
  3;342,349,347;,
  3;349,342,344;,
  3;344,346,349;,
  3;346,344,341;,
  3;346,350,351;,
  3;350,346,345;,
  3;348,352,353;,
  3;352,348,347;,
  3;347,354,352;,
  3;354,347,349;,
  3;349,351,354;,
  3;351,349,346;,
  3;351,355,356;,
  3;355,351,350;,
  3;353,357,358;,
  3;357,353,352;,
  3;352,359,357;,
  3;359,352,354;,
  3;354,356,359;,
  3;356,354,351;,
  3;356,360,361;,
  3;360,356,355;,
  3;358,362,363;,
  3;362,358,357;,
  3;357,364,362;,
  3;364,357,359;,
  3;359,361,364;,
  3;361,359,356;,
  3;361,365,366;,
  3;365,361,360;,
  3;363,367,368;,
  3;367,363,362;,
  3;362,369,367;,
  3;369,362,364;,
  3;364,366,369;,
  3;366,364,361;,
  3;366,370,371;,
  3;370,366,365;,
  3;368,372,373;,
  3;372,368,367;,
  3;367,374,372;,
  3;374,367,369;,
  3;369,371,374;,
  3;371,369,366;,
  3;375,376,377;,
  3;378,379,380;,
  3;381,382,383;,
  3;384,385,386;,
  3;387,388,389;,
  3;390,391,392;,
  3;393,394,395;,
  3;396,397,398;;

  MeshNormals {
   399;
   -0.000000;-0.998679;-0.051392;,
   0.454893;-0.855404;0.247703;,
   -0.000000;-0.999883;0.015309;,
   0.460141;-0.872215;0.165865;,
   -0.000000;-0.975711;-0.219062;,
   0.094016;-0.972976;-0.210902;,
   -0.000000;-0.955680;-0.294407;,
   0.069733;-0.969624;-0.234451;,
   -0.000001;0.735168;0.677885;,
   0.403645;0.252572;0.879362;,
   0.473258;0.577890;0.664883;,
   -0.000001;0.299896;0.953972;,
   0.000000;0.980478;0.196631;,
   0.527224;0.832659;0.169450;,
   0.000000;0.991907;-0.126970;,
   0.519849;0.839550;-0.157838;,
   -0.068187;-0.176727;0.981895;,
   0.229393;-0.212316;0.949895;,
   0.242212;-0.172767;0.954717;,
   0.029574;-0.284877;0.958108;,
   0.010362;-0.130531;0.991390;,
   0.247176;-0.146724;0.957798;,
   0.000001;-0.108505;0.994096;,
   0.689797;-0.110271;0.715556;,
   0.576529;-0.066334;0.814379;,
   0.000001;-0.173648;0.984808;,
   0.000000;-0.056797;0.998386;,
   0.548854;-0.025486;0.835530;,
   0.499313;0.153583;0.852701;,
   -0.000001;-0.111468;0.993768;,
   -0.098027;0.463307;-0.880760;,
   -0.000000;0.120606;-0.992700;,
   -0.000000;0.139285;-0.990252;,
   -0.251480;-0.770488;-0.585752;,
   0.181213;0.178824;-0.967049;,
   0.000002;0.181906;-0.983316;,
   0.240229;0.381835;-0.892464;,
   -0.000001;0.190514;-0.981684;,
   0.328524;0.215264;-0.919638;,
   -0.000000;0.211803;-0.977312;,
   0.212607;0.470764;-0.856259;,
   0.001471;0.498791;-0.866721;,
   0.997939;-0.054976;-0.033098;,
   0.974980;-0.095415;-0.200774;,
   0.972599;0.013201;-0.232113;,
   0.989058;-0.146104;-0.020440;,
   0.982493;-0.106210;0.153060;,
   0.982796;-0.146401;0.112604;,
   0.840228;-0.126544;0.527261;,
   0.460141;-0.872215;0.165865;,
   0.843173;-0.115772;0.525030;,
   0.454893;-0.855404;0.247703;,
   0.997327;0.067675;-0.027561;,
   0.973373;0.095519;-0.208376;,
   0.987223;0.026105;0.157193;,
   0.834021;-0.063373;0.548081;,
   0.994684;0.097183;-0.034059;,
   0.972243;0.122998;-0.199035;,
   0.982929;0.065345;0.171991;,
   0.877022;0.043820;0.478447;,
   0.990496;0.137427;0.005703;,
   0.973603;0.164043;-0.158703;,
   0.974494;0.161566;-0.155753;,
   0.989771;0.138228;0.035301;,
   0.921098;0.069857;0.383012;,
   0.775474;0.611945;-0.155444;,
   0.822052;0.549362;0.149771;,
   0.733653;0.349015;0.583045;,
   -0.454893;-0.855404;0.247702;,
   -0.460141;-0.872215;0.165864;,
   -0.094016;-0.972976;-0.210902;,
   -0.069733;-0.969624;-0.234451;,
   -0.403646;0.252574;0.879361;,
   -0.473258;0.577890;0.664884;,
   -0.527224;0.832659;0.169452;,
   -0.519850;0.839550;-0.157837;,
   -0.274649;-0.262237;0.925094;,
   -0.305659;-0.148419;0.940502;,
   -0.247177;-0.146722;0.957798;,
   -0.689797;-0.110271;0.715556;,
   -0.576529;-0.066333;0.814380;,
   -0.548853;-0.025486;0.835530;,
   -0.499313;0.153583;0.852701;,
   0.098160;0.449570;-0.887835;,
   0.274609;-0.785907;-0.554022;,
   -0.156211;0.179059;-0.971358;,
   -0.210360;0.399877;-0.892103;,
   -0.323714;0.207548;-0.923111;,
   -0.206402;0.470488;-0.857927;,
   -0.996895;-0.070920;-0.034222;,
   -0.965014;-0.120567;-0.232834;,
   -0.983094;-0.182424;-0.015721;,
   -0.955092;0.021891;-0.295500;,
   -0.972730;-0.126940;0.194120;,
   -0.982324;-0.148384;0.114113;,
   -0.840228;-0.126544;0.527260;,
   -0.460141;-0.872215;0.165864;,
   -0.454893;-0.855404;0.247702;,
   -0.843174;-0.115772;0.525029;,
   -0.996914;0.069585;-0.036333;,
   -0.959664;0.104391;-0.261053;,
   -0.976812;0.002869;0.214080;,
   -0.834022;-0.063372;0.548080;,
   -0.994125;0.098360;-0.045179;,
   -0.974915;0.093279;-0.202089;,
   -0.978728;0.058217;0.196729;,
   -0.877022;0.043820;0.478448;,
   -0.990495;0.137427;0.005703;,
   -0.973603;0.164043;-0.158703;,
   -0.989771;0.138228;0.035302;,
   -0.974494;0.161566;-0.155752;,
   -0.921098;0.069856;0.383013;,
   -0.775474;0.611945;-0.155444;,
   -0.822052;0.549362;0.149771;,
   -0.733651;0.349016;0.583047;,
   0.001917;0.671515;-0.740989;,
   0.212607;0.470764;-0.856259;,
   0.001471;0.498791;-0.866721;,
   0.245299;0.613182;-0.750890;,
   -0.246633;0.617456;-0.746941;,
   -0.206402;0.470488;-0.857927;,
   -0.822720;0.137557;-0.551552;,
   -0.323714;0.207548;-0.923111;,
   -0.852632;-0.486743;-0.190001;,
   -0.842757;-0.507327;-0.179946;,
   -0.845632;-0.531968;-0.043778;,
   -0.829785;-0.555790;0.050536;,
   -0.586060;-0.655234;0.476658;,
   -0.489851;-0.664730;0.564075;,
   -0.005716;-0.609409;0.792835;,
   -0.006071;-0.609298;0.792918;,
   0.587792;-0.650038;0.481614;,
   0.492172;-0.669303;0.556596;,
   0.847856;-0.528740;-0.039671;,
   0.828392;-0.558378;0.044512;,
   0.843128;-0.493290;-0.214011;,
   0.850078;-0.481954;-0.212338;,
   0.836536;0.094907;-0.539629;,
   0.328524;0.215264;-0.919638;,
   -0.445609;-0.739729;0.504215;,
   -0.348080;-0.918290;-0.188636;,
   -0.423669;-0.740644;0.521489;,
   -0.341731;-0.920842;-0.187806;,
   -0.197876;-0.149217;0.968803;,
   -0.180559;-0.142712;0.973155;,
   -0.180683;-0.132091;0.974631;,
   -0.183487;-0.133045;0.973977;,
   -0.381856;0.261041;0.886591;,
   -0.423302;0.420127;0.802689;,
   -0.469489;0.839345;0.274007;,
   -0.465830;0.850662;0.243675;,
   -0.486840;0.653659;-0.579411;,
   -0.210360;0.399877;-0.892103;,
   -0.300561;0.185206;-0.935608;,
   -0.156211;0.179059;-0.971358;,
   -0.595707;0.499157;-0.629266;,
   0.098160;0.449570;-0.887835;,
   0.274609;-0.785907;-0.554022;,
   -0.647873;-0.757558;-0.079791;,
   0.385706;-0.905469;-0.177081;,
   0.469161;-0.714294;0.519300;,
   0.381921;-0.907153;-0.176664;,
   0.448173;-0.726502;0.520899;,
   0.665375;-0.742881;-0.073513;,
   -0.251480;-0.770488;-0.585752;,
   0.332939;0.183354;-0.924950;,
   -0.098027;0.463307;-0.880760;,
   0.181213;0.178824;-0.967049;,
   0.613603;0.502896;-0.608758;,
   0.566644;0.584865;-0.580385;,
   0.240229;0.381835;-0.892464;,
   0.543703;0.793012;0.274808;,
   0.546005;0.801888;0.242598;,
   0.444767;0.261044;0.856760;,
   0.502688;0.415647;0.757986;,
   0.195305;-0.133920;0.971556;,
   0.189200;-0.136559;0.972397;,
   0.188936;-0.168954;0.967346;,
   0.205883;-0.167535;0.964129;,
   0.488874;-0.761427;0.425712;,
   0.004347;-0.984050;0.177841;,
   0.634871;-0.597870;0.489377;,
   0.003294;-0.983972;0.178294;,
   0.821552;-0.141921;0.552187;,
   0.822514;-0.136807;0.552046;,
   0.500831;0.525756;0.687568;,
   0.657298;0.329827;0.677624;,
   0.006176;0.770003;0.638011;,
   0.009012;0.769143;0.639014;,
   -0.512405;0.512666;0.688923;,
   -0.660549;0.326332;0.676153;,
   -0.822444;-0.136997;0.552103;,
   -0.821759;-0.132272;0.554271;,
   -0.492267;-0.756233;0.431029;,
   -0.637369;-0.598752;0.485032;,
   0.629512;-0.775833;0.042409;,
   0.098160;0.449570;-0.887835;,
   0.274609;-0.785907;-0.554022;,
   0.691747;0.721196;-0.036918;,
   -0.749579;-0.661105;-0.032750;,
   -0.647873;-0.757558;-0.079791;,
   -0.773725;0.620525;-0.127668;,
   -0.595707;0.499157;-0.629266;,
   -0.691119;0.719715;-0.066071;,
   -0.251480;-0.770488;-0.585752;,
   -0.098027;0.463307;-0.880760;,
   -0.888297;-0.450938;0.087085;,
   0.779906;0.611238;-0.134663;,
   0.613603;0.502896;-0.608758;,
   0.881382;-0.472404;-0.000108;,
   0.665375;-0.742881;-0.073513;,
   0.491971;-0.858640;0.143883;,
   0.691747;0.721196;-0.036918;,
   0.629512;-0.775833;0.042409;,
   0.468421;0.856300;0.217561;,
   -0.706607;-0.590307;-0.390184;,
   0.629512;-0.775833;0.042409;,
