xof 0303txt 0032
template ColorRGBA {
 <35ff44e0-6c7c-11cf-8f52-0040333594a3>
 FLOAT red;
 FLOAT green;
 FLOAT blue;
 FLOAT alpha;
}

template ColorRGB {
 <d3e16e81-7835-11cf-8f52-0040333594a3>
 FLOAT red;
 FLOAT green;
 FLOAT blue;
}

template Material {
 <3d82ab4d-62da-11cf-ab39-0020af71e433>
 ColorRGBA faceColor;
 FLOAT power;
 ColorRGB specularColor;
 ColorRGB emissiveColor;
 [...]
}

template TextureFilename {
 <a42790e1-7810-11cf-8f52-0040333594a3>
 STRING filename;
}

template Frame {
 <3d82ab46-62da-11cf-ab39-0020af71e433>
 [...]
}

template Matrix4x4 {
 <f6f23f45-7686-11cf-8f52-0040333594a3>
 array FLOAT matrix[16];
}

template FrameTransformMatrix {
 <f6f23f41-7686-11cf-8f52-0040333594a3>
 Matrix4x4 frameMatrix;
}

template Vector {
 <3d82ab5e-62da-11cf-ab39-0020af71e433>
 FLOAT x;
 FLOAT y;
 FLOAT z;
}

template MeshFace {
 <3d82ab5f-62da-11cf-ab39-0020af71e433>
 DWORD nFaceVertexIndices;
 array DWORD faceVertexIndices[nFaceVertexIndices];
}

template Mesh {
 <3d82ab44-62da-11cf-ab39-0020af71e433>
 DWORD nVertices;
 array Vector vertices[nVertices];
 DWORD nFaces;
 array MeshFace faces[nFaces];
 [...]
}

template MeshNormals {
 <f6f23f43-7686-11cf-8f52-0040333594a3>
 DWORD nNormals;
 array Vector normals[nNormals];
 DWORD nFaceNormals;
 array MeshFace faceNormals[nFaceNormals];
}

template MeshMaterialList {
 <f6f23f42-7686-11cf-8f52-0040333594a3>
 DWORD nMaterials;
 DWORD nFaceIndexes;
 array DWORD faceIndexes[nFaceIndexes];
 [Material <3d82ab4d-62da-11cf-ab39-0020af71e433>]
}

template Coords2d {
 <f6f23f44-7686-11cf-8f52-0040333594a3>
 FLOAT u;
 FLOAT v;
}

template MeshTextureCoords {
 <f6f23f40-7686-11cf-8f52-0040333594a3>
 DWORD nTextureCoords;
 array Coords2d textureCoords[nTextureCoords];
}

template XSkinMeshHeader {
 <3cf169ce-ff7c-44ab-93c0-f78f62d172e2>
 WORD nMaxSkinWeightsPerVertex;
 WORD nMaxSkinWeightsPerFace;
 WORD nBones;
}

template SkinWeights {
 <6f0d123b-bad2-4167-a0d0-80224f25fabb>
 STRING transformNodeName;
 DWORD nWeights;
 array DWORD vertexIndices[nWeights];
 array FLOAT weights[nWeights];
 Matrix4x4 matrixOffset;
}

template AnimTicksPerSecond {
 <9e415a43-7ba6-4a73-8743-b73d47e88476>
 DWORD AnimTicksPerSecond;
}

template Animation {
 <3d82ab4f-62da-11cf-ab39-0020af71e433>
 [...]
}

template AnimationSet {
 <3d82ab50-62da-11cf-ab39-0020af71e433>
 [Animation <3d82ab4f-62da-11cf-ab39-0020af71e433>]
}

template FloatKeys {
 <10dd46a9-775b-11cf-8f52-0040333594a3>
 DWORD nValues;
 array FLOAT values[nValues];
}

template TimedFloatKeys {
 <f406b180-7b3b-11cf-8f52-0040333594a3>
 DWORD time;
 FloatKeys tfkeys;
}

template AnimationKey {
 <10dd46a8-775b-11cf-8f52-0040333594a3>
 DWORD keyType;
 DWORD nKeys;
 array TimedFloatKeys keys[nKeys];
}


Material _01_-_Defaulteee {
 1.000000;1.000000;1.000000;1.000000;;
 9.999999;
 0.000000;0.000000;0.000000;;
 0.000000;0.000000;0.000000;;

 TextureFilename {
  "Satchel.png";
 }
}

Frame Dummy01 {
 

 FrameTransformMatrix {
  1.000000,0.000000,0.000000,0.000000,0.000000,-0.000000,-1.000000,0.000000,0.000000,1.000000,-0.000000,0.000000,0.000000,0.000000,0.000000,1.000000;;
 }

 Frame Bip01 {
  

  FrameTransformMatrix {
   0.000001,0.965926,-0.258819,0.000000,-0.000000,0.258819,0.965926,0.000000,1.000000,-0.000001,0.000001,0.000000,0.000000,0.030000,0.540000,1.000000;;
  }

  Frame Bip01_Pelvis {
   

   FrameTransformMatrix {
    -0.000000,1.000000,-0.000001,0.000000,0.063244,0.000001,0.997998,0.000000,0.997998,-0.000000,-0.063244,0.000000,0.000000,0.000000,0.000000,1.000000;;
   }

   Frame Bip01_Spine {
    

    FrameTransformMatrix {
     1.000000,0.000052,0.000795,0.000000,-0.000001,0.997998,-0.063241,0.000000,-0.000796,0.063241,0.997998,0.000000,0.051633,-0.000005,-0.000085,1.000000;;
    }

    Frame Bip01_Spine1 {
     

     FrameTransformMatrix {
      0.945755,-0.083334,0.314011,0.000000,0.246060,0.814856,-0.524847,0.000000,-0.212136,0.573643,0.791159,0.000000,0.106498,-0.000049,-0.000067,1.000000;;
     }

     Frame Bip01_Neck {
      

      FrameTransformMatrix {
       1.000000,-0.000000,-0.000000,0.000000,-0.000000,1.000000,-0.000000,0.000000,0.000000,0.000000,1.000000,0.000000,0.130504,0.000000,0.004625,1.000000;;
      }

      Frame Bip01_Head {
       

       FrameTransformMatrix {
        0.945504,0.246478,-0.212767,0.000000,-0.083334,0.814856,0.573643,0.000000,0.314765,-0.524651,0.790989,0.000000,0.033674,0.000000,0.000000,1.000000;;
       }

       Frame Bip01_HeadNub {
        

        FrameTransformMatrix {
         1.000000,0.000000,0.000000,0.000000,0.000000,1.000000,0.000000,0.000000,0.000000,-0.000000,1.000000,0.000000,0.169824,0.000000,0.000000,1.000000;;
        }
       }
      }

      Frame Bip01_L_Clavicle {
       

       FrameTransformMatrix {
        -0.000000,1.000000,-0.000003,0.000000,1.000000,0.000000,-0.000796,0.000000,-0.000796,-0.000003,-1.000000,0.000000,-0.024025,0.015714,-0.004625,1.000000;;
       }

       Frame Bip01_L_UpperArm {
        

        FrameTransformMatrix {
         0.399346,-0.833022,0.382879,0.000000,0.847789,0.176578,-0.500074,0.000000,0.348965,0.524303,0.776743,0.000000,0.087086,0.000000,0.000000,1.000000;;
        }

        Frame Bip01_L_Forearm {
         

         FrameTransformMatrix {
          0.108090,-0.000000,-0.994141,0.000000,0.000000,1.000000,0.000000,0.000000,0.994141,-0.000000,0.108090,0.000000,0.137062,0.000000,-0.000000,1.000000;;
         }

         Frame Bip01_L_Hand {
          

          FrameTransformMatrix {
           0.974328,0.224144,-0.021082,0.000000,0.044252,-0.098855,0.994117,0.000000,0.220741,-0.969529,-0.106236,0.000000,0.137062,0.000000,0.000000,1.000000;;
          }

          Frame Bip01_L_Finger0 {
           

           FrameTransformMatrix {
            0.690342,-0.181727,0.700288,0.000000,0.558537,0.749101,-0.356210,0.000000,-0.459853,0.637043,0.618637,0.000000,0.057681,-0.023605,-0.000272,1.000000;;
           }

           Frame Bip01_L_Finger0Nub {
            

            FrameTransformMatrix {
             1.000000,0.000000,-0.000000,0.000000,0.000000,1.000000,0.000000,0.000000,0.000000,0.000000,1.000000,0.000000,0.029435,0.000000,0.000000,1.000000;;
            }
           }
          }

          Frame Bip01_L_Finger1 {
           

           FrameTransformMatrix {
            0.728079,-0.000546,0.685493,0.000000,0.000000,1.000000,0.000796,0.000000,-0.685493,-0.000580,0.728079,0.000000,0.084102,-0.000000,0.000000,1.000000;;
           }

           Frame Bip01_L_Finger1Nub {
            

            FrameTransformMatrix {
             1.000000,-0.000000,0.000000,0.000000,0.000000,1.000000,-0.000000,0.000000,0.000000,0.000000,1.000000,0.000000,0.047988,-0.000000,0.000000,1.000000;;
            }
           }
          }
         }
        }
       }
      }

      Frame Bip01_R_Clavicle {
       

       FrameTransformMatrix {
        -0.000246,-0.951120,-0.308822,0.000000,-1.000000,0.000000,0.000796,0.000000,-0.000757,0.308822,-0.951120,0.000000,-0.024025,-0.015715,-0.004625,1.000000;;
       }

       Frame Bip01_R_UpperArm {
        

        FrameTransformMatrix {
         0.372018,0.869776,-0.324180,0.000000,-0.884325,0.438241,0.160979,0.000000,0.282085,0.226793,0.932198,0.000000,0.087086,0.000000,0.000000,1.000000;;
        }

        Frame Bip01_R_Forearm {
         

         FrameTransformMatrix {
          -0.363867,0.000000,-0.931451,0.000000,0.000000,1.000000,-0.000000,0.000000,0.931451,0.000000,-0.363867,0.000000,0.137062,-0.000000,0.000000,1.000000;;
         }

         Frame Bip01_R_Hand {
          

          FrameTransformMatrix {
           0.953540,0.290200,-0.080909,0.000000,0.038380,-0.383388,-0.922789,0.000000,-0.298813,0.876811,-0.376714,0.000000,0.137062,0.000000,0.000000,1.000000;;
          }

          Frame Bip01_R_Finger0 {
           

           FrameTransformMatrix {
            0.417774,-0.116941,0.900994,0.000000,-0.558537,0.749101,0.356210,0.000000,-0.716591,-0.652054,0.247639,0.000000,0.057681,0.023605,-0.000272,1.000000;;
           }

           Frame Bip01_R_Finger0Nub {
            

            FrameTransformMatrix {
             -1.000000,0.000000,-0.000000,0.000000,-0.000000,1.000000,0.000000,0.000000,-0.000000,-0.000000,-1.000000,0.000000,0.029435,0.000000,0.000000,1.000000;;
            }
           }
          }

          Frame Bip01_R_Finger1 {
           

           FrameTransformMatrix {
            0.352436,0.000745,0.935835,0.000000,0.000000,1.000000,-0.000796,0.000000,-0.935836,0.000281,0.352436,0.000000,0.084102,0.000000,0.000000,1.000000;;
           }

           Frame Bip01_R_Finger1Nub {
            

            FrameTransformMatrix {
             -1.000000,0.000000,0.000000,0.000000,0.000000,1.000000,0.000000,0.000000,-0.000000,-0.000000,-1.000000,0.000000,0.047988,0.000000,0.000000,1.000000;;
            }
           }
          }
         }
        }
       }
      }
     }

     Frame Bip01_BackPack {
      

      FrameTransformMatrix {
       0.081023,-0.088037,-0.992817,0.000000,-0.064786,0.993520,-0.093387,0.000000,0.994605,0.071887,0.074794,0.000000,0.041174,-0.003810,-0.088357,1.000000;;
      }

      Frame Bip01_BackPackNub {
       

       FrameTransformMatrix {
        0.000796,0.000003,1.000000,0.000000,-0.000000,-1.000000,0.000003,0.000000,1.000000,0.000000,-0.000796,0.000000,0.053240,0.000000,-0.000000,1.000000;;
       }
      }
     }
    }

    Frame Bip01_L_Thigh {
     

     FrameTransformMatrix {
      -0.701025,0.001363,0.713136,0.000000,-0.001058,-0.999999,0.000871,0.000000,0.713136,-0.000144,0.701025,0.000000,-0.051631,0.055115,0.003619,1.000000;;
     }

     Frame Bip01_L_Calf {
      

      FrameTransformMatrix {
       0.979644,0.000000,-0.200745,0.000000,0.000000,1.000000,-0.000000,0.000000,0.200745,-0.000000,0.979644,0.000000,0.237500,0.000000,0.000000,1.000000;;
      }

      Frame Bip01_L_Foot {
       

       FrameTransformMatrix {
        0.981172,0.001361,0.193129,0.000000,-0.023207,0.993561,0.110896,0.000000,-0.191735,-0.113290,0.974886,0.000000,0.206841,0.000000,-0.000000,1.000000;;
       }

       Frame Bip01_L_Toe0 {
        

        FrameTransformMatrix {
         -0.000000,0.000001,1.000000,0.000000,-0.000000,1.000000,-0.000001,0.000000,-1.000000,-0.000000,-0.000000,0.000000,0.065373,-0.000000,0.066450,1.000000;;
        }

        Frame Bip01_L_Toe0Nub {
         

         FrameTransformMatrix {
          -1.000000,-0.000000,0.000000,0.000000,-0.000000,1.000000,-0.000000,0.000000,-0.000000,-0.000000,-1.000000,0.000000,0.006735,0.000000,0.000000,1.000000;;
         }
        }
       }
      }
     }
    }

    Frame Bip01_R_Thigh {
     

     FrameTransformMatrix {
      -0.996816,-0.000000,0.079738,0.000000,0.000000,-1.000000,0.000003,0.000000,0.079738,0.000003,0.996816,0.000000,-0.051636,-0.055115,-0.003367,1.000000;;
     }

     Frame Bip01_R_Calf {
      

      FrameTransformMatrix {
       0.161776,0.000000,-0.986827,0.000000,0.000000,1.000000,-0.000000,0.000000,0.986827,-0.000000,0.161776,0.000000,0.237500,0.000000,-0.000000,1.000000;;
      }

      Frame Bip01_R_Foot {
       

       FrameTransformMatrix {
        0.955836,0.000000,-0.293901,0.000000,-0.000000,1.000000,0.000001,0.000000,0.293901,-0.000000,0.955836,0.000000,0.206841,0.000000,0.000000,1.000000;;
       }

       Frame Bip01_R_Toe0 {
        

        FrameTransformMatrix {
         -0.000000,-0.000000,1.000000,0.000000,0.000001,1.000000,0.000000,0.000000,-1.000000,0.000001,-0.000000,0.000000,0.065373,0.000000,0.066450,1.000000;;
        }

        Frame Bip01_R_Toe0Nub {
         

         FrameTransformMatrix {
          1.000000,0.000000,0.000000,0.000000,0.000000,1.000000,0.000000,0.000000,-0.000000,-0.000000,1.000000,0.000000,0.006735,-0.000000,0.000000,1.000000;;
         }
        }
       }
      }
     }
    }
   }

   Frame Bip01_DressFront {
    

    FrameTransformMatrix {
     -0.733779,-0.190299,0.652193,0.000000,0.121847,0.907542,0.401896,0.000000,-0.668373,0.374370,-0.642748,0.000000,-0.043904,0.001345,0.061035,1.000000;;
    }

    Frame Bip01_DressFront02 {
     

     FrameTransformMatrix {
      0.912593,0.000001,0.408870,0.000000,-0.000001,1.000000,-0.000000,0.000000,-0.408870,-0.000000,0.912593,0.000000,0.183378,-0.000000,-0.000120,1.000000;;
     }

     Frame Bip01_DressFrontNub {
      

      FrameTransformMatrix {
       0.000796,0.000003,1.000000,0.000000,0.000000,-1.000000,0.000003,0.000000,1.000000,0.000000,-0.000796,0.000000,0.165302,0.000000,0.000000,1.000000;;
      }
     }
    }
   }

   Frame Bip01_DressBack {
    

    FrameTransformMatrix {
     -0.886022,0.038029,0.462080,0.000000,0.191625,0.937561,0.290274,0.000000,-0.422190,0.345735,-0.837988,0.000000,-0.047673,-0.000048,-0.078302,1.000000;;
    }

    Frame Bip01_DressBack02 {
     

     FrameTransformMatrix {
      0.936852,0.174932,-0.302833,0.000000,-0.166408,0.984581,0.053939,0.000000,0.307599,-0.000139,0.951516,0.000000,0.176125,0.000000,-0.000103,1.000000;;
     }

     Frame Bip01_DressBackNub {
      

      FrameTransformMatrix {
       0.000796,0.000003,1.000000,0.000000,0.000000,-1.000000,0.000003,0.000000,1.000000,-0.000000,-0.000796,0.000000,0.136509,0.000000,-0.000000,1.000000;;
      }
     }
    }
   }
  }

  Frame Bip01_Prop1 {
   

   FrameTransformMatrix {
    -0.913708,-0.114577,0.389885,0.000000,-0.207418,0.956534,-0.204991,0.000000,-0.349451,-0.268171,-0.897758,0.000000,0.211275,0.171199,0.021231,1.000000;;
   }
  }

  Frame Bip01_Prop2 {
   

   FrameTransformMatrix {
    0.461697,-0.719827,0.518348,0.000000,0.855455,0.515868,-0.045578,0.000000,-0.234591,0.464467,0.853954,0.000000,-0.016256,0.014799,0.142852,1.000000;;
   }
  }
 }
}

Frame Translation_Data {
 

 FrameTransformMatrix {
  -0.000000,0.000000,-1.000000,0.000000,-1.000000,-0.000000,0.000000,0.000000,-0.000000,1.000000,0.000000,0.000000,0.000000,-0.000000,0.000000,1.000000;;
 }
}

Frame M_Satchel {
 

 FrameTransformMatrix {
  1.000000,0.000000,0.000000,0.000000,0.000000,1.000000,0.000000,0.000000,0.000000,0.000000,1.000000,0.000000,0.000000,0.000000,0.000000,1.000000;;
 }

 Mesh M_Satchel {
  468;
  -0.135126;0.572002;0.064697;,
  -0.130234;0.581695;0.072541;,
  -0.135745;0.581716;0.070058;,
  -0.130234;0.581695;0.072541;,
  -0.135126;0.572002;0.064697;,
  -0.129614;0.571981;0.067180;,
  -0.116220;0.607184;0.031062;,
  -0.118406;0.591656;0.057658;,
  -0.105002;0.607687;0.037777;,
  -0.118406;0.591656;0.057658;,
  -0.116220;0.607184;0.031062;,
  -0.126386;0.592160;0.052212;,
  -0.114431;0.593050;0.019445;,
  -0.126386;0.592160;0.052212;,
  -0.116220;0.607184;0.031062;,
  -0.124703;0.578640;0.045223;,
  -0.100526;0.593553;0.026159;,
  -0.124703;0.578640;0.045223;,
  -0.114431;0.593050;0.019445;,
  -0.124703;0.578640;0.045223;,
  -0.100526;0.593553;0.026159;,
  -0.116722;0.578136;0.050669;,
  -0.105002;0.607687;0.037777;,
  -0.116722;0.578136;0.050669;,
  -0.100526;0.593553;0.026159;,
  -0.118406;0.591656;0.057658;,
  -0.094746;0.633100;-0.014829;,
  -0.105002;0.607687;0.037777;,
  -0.082055;0.633390;-0.002886;,
  -0.105002;0.607687;0.037777;,
  -0.094746;0.633100;-0.014829;,
  -0.116220;0.607184;0.031062;,
  -0.093157;0.615876;-0.020919;,
  -0.094746;0.633100;-0.014829;,
  -0.080466;0.616166;-0.008975;,
  -0.114431;0.593050;0.019445;,
  -0.093157;0.615876;-0.020919;,
  -0.114431;0.593050;0.019445;,
  -0.080466;0.616166;-0.008975;,
  -0.100526;0.593553;0.026159;,
  -0.082055;0.633390;-0.002886;,
  -0.080466;0.616166;-0.008975;,
  -0.060899;0.665658;-0.062635;,
  -0.082055;0.633390;-0.002886;,
  -0.051500;0.664692;-0.050387;,
  -0.082055;0.633390;-0.002886;,
  -0.060899;0.665658;-0.062635;,
  -0.094746;0.633100;-0.014829;,
  -0.055050;0.649093;-0.067893;,
  -0.060899;0.665658;-0.062635;,
  -0.045651;0.648127;-0.055645;,
  -0.093157;0.615876;-0.020919;,
  -0.055050;0.649093;-0.067893;,
  -0.093157;0.615876;-0.020919;,
  -0.045651;0.648127;-0.055645;,
  -0.080466;0.616166;-0.008975;,
  -0.051500;0.664692;-0.050387;,
  -0.045651;0.648127;-0.055645;,
  -0.008491;0.691994;-0.066487;,
  -0.051500;0.664692;-0.050387;,
  -0.006655;0.682999;-0.047336;,
  -0.051500;0.664692;-0.050387;,
  -0.008491;0.691994;-0.066487;,
  -0.060899;0.665658;-0.062635;,
  -0.001392;0.679463;-0.072171;,
  -0.008491;0.691994;-0.066487;,
  0.000444;0.670468;-0.057524;,
  -0.055050;0.649093;-0.067893;,
  -0.001392;0.679463;-0.072171;,
  -0.055050;0.649093;-0.067893;,
  0.000444;0.670468;-0.057524;,
  -0.045651;0.648127;-0.055645;,
  -0.006655;0.682999;-0.047336;,
  0.000444;0.670468;-0.057524;,
  0.032332;0.728521;-0.051730;,
  -0.006655;0.682999;-0.047336;,
  0.032136;0.720902;-0.036485;,
  -0.006655;0.682999;-0.047336;,
  0.032332;0.728521;-0.051730;,
  -0.008491;0.691994;-0.066487;,
  0.045808;0.718325;-0.058755;,
  0.032332;0.728521;-0.051730;,
  0.045541;0.710608;-0.043570;,
  -0.001392;0.679463;-0.072171;,
  0.045808;0.718325;-0.058755;,
  -0.001392;0.679463;-0.072171;,
  0.045541;0.710608;-0.043570;,
  0.000444;0.670468;-0.057524;,
  0.032136;0.720902;-0.036485;,
  0.045541;0.710608;-0.043570;,
  0.023628;0.575070;0.157052;,
  0.035964;0.573815;0.147843;,
  0.031415;0.576460;0.158693;,
  0.035964;0.573815;0.147843;,
  0.023628;0.575070;0.157052;,
  0.028176;0.572426;0.146203;,
  0.035411;0.710626;0.118630;,
  0.040608;0.751401;0.120505;,
  0.040425;0.750662;0.111826;,
  0.040608;0.751401;0.120505;,
  0.035411;0.710626;0.118630;,
  0.035366;0.712499;0.127044;,
  0.035366;0.712499;0.127044;,
  0.057933;0.745397;0.120731;,
  0.040608;0.751401;0.120505;,
  0.052332;0.705972;0.129458;,
  0.052332;0.705972;0.129458;,
  0.057750;0.744658;0.112051;,
  0.057933;0.745397;0.120731;,
  0.057750;0.744658;0.112051;,
  0.052332;0.705972;0.129458;,
  0.052377;0.704099;0.121044;,
  0.052377;0.704099;0.121044;,
  0.040425;0.750662;0.111826;,
  0.057750;0.744658;0.112051;,
  0.035411;0.710626;0.118630;,
  0.040608;0.751401;0.120505;,
  0.047104;0.793201;0.099694;,
  0.040425;0.750662;0.111826;,
  0.047104;0.793201;0.099694;,
  0.040608;0.751401;0.120505;,
  0.045522;0.800510;0.106008;,
  0.063356;0.796499;0.106923;,
  0.045522;0.800510;0.106008;,
  0.057933;0.745397;0.120731;,
  0.065166;0.793193;0.096524;,
  0.063356;0.796499;0.106923;,
  0.065166;0.793193;0.096524;,
  0.057933;0.745397;0.120731;,
  0.057750;0.744658;0.112051;,
  0.047104;0.793201;0.099694;,
  0.065166;0.793193;0.096524;,
  0.047104;0.793201;0.099694;,
  0.052229;0.818815;0.055533;,
  0.053244;0.808344;0.056392;,
  0.052229;0.818815;0.055533;,
  0.047104;0.793201;0.099694;,
  0.045522;0.800510;0.106008;,
  0.070708;0.819970;0.056145;,
  0.052229;0.818815;0.055533;,
  0.063356;0.796499;0.106923;,
  0.071439;0.810546;0.057005;,
  0.070708;0.819970;0.056145;,
  0.071439;0.810546;0.057005;,
  0.063356;0.796499;0.106923;,
  0.065166;0.793193;0.096524;,
  0.053244;0.808344;0.056392;,
  0.071439;0.810546;0.057005;,
  0.053244;0.808344;0.056392;,
  0.059623;0.806630;0.009576;,
  0.060926;0.799085;0.014686;,
  0.059623;0.806630;0.009576;,
  0.053244;0.808344;0.056392;,
  0.052229;0.818815;0.055533;,
  0.077197;0.807316;0.010944;,
  0.059623;0.806630;0.009576;,
  0.070708;0.819970;0.056145;,
  0.078501;0.799772;0.016053;,
  0.077197;0.807316;0.010944;,
  0.078501;0.799772;0.016053;,
  0.070708;0.819970;0.056145;,
  0.071439;0.810546;0.057005;,
  0.060926;0.799085;0.014686;,
  0.078501;0.799772;0.016053;,
  0.060926;0.799085;0.014686;,
  0.054253;0.761971;-0.023341;,
  0.055092;0.753470;-0.016005;,
  0.054253;0.761971;-0.023341;,
  0.060926;0.799085;0.014686;,
  0.059623;0.806630;0.009576;,
  0.071391;0.756853;-0.027215;,
  0.054253;0.761971;-0.023341;,
  0.077197;0.807316;0.010944;,
  0.072300;0.748450;-0.019819;,
  0.071391;0.756853;-0.027215;,
  0.072300;0.748450;-0.019819;,
  0.077197;0.807316;0.010944;,
  0.078501;0.799772;0.016053;,
  0.055092;0.753470;-0.016005;,
  0.072300;0.748450;-0.019819;,
  0.054253;0.761971;-0.023341;,
  0.032136;0.720902;-0.036485;,
  0.055092;0.753470;-0.016005;,
  0.032136;0.720902;-0.036485;,
  0.054253;0.761971;-0.023341;,
  0.032332;0.728521;-0.051730;,
  0.072300;0.748450;-0.019819;,
  0.045808;0.718325;-0.058755;,
  0.071391;0.756853;-0.027215;,
  0.045808;0.718325;-0.058755;,
  0.072300;0.748450;-0.019819;,
  0.045541;0.710608;-0.043570;,
  -0.129614;0.571981;0.067180;,
  -0.130234;0.581695;0.072541;,
  -0.116722;0.578136;0.050669;,
  -0.135126;0.572002;0.064697;,
  -0.124703;0.578640;0.045223;,
  -0.135126;0.572002;0.064697;,
  -0.116722;0.578136;0.050669;,
  -0.129614;0.571981;0.067180;,
  -0.135745;0.581716;0.070058;,
  -0.135126;0.572002;0.064697;,
  -0.126386;0.592160;0.052212;,
  -0.130234;0.581695;0.072541;,
  -0.118406;0.591656;0.057658;,
  -0.130234;0.581695;0.072541;,
  -0.126386;0.592160;0.052212;,
  -0.135745;0.581716;0.070058;,
  0.052332;0.705972;0.129458;,
  0.047989;0.657702;0.125518;,
  0.052377;0.704099;0.121044;,
  0.047989;0.657702;0.125518;,
  0.052332;0.705972;0.129458;,
  0.049297;0.659494;0.133847;,
  0.029806;0.659455;0.127118;,
  0.047989;0.657702;0.125518;,
  0.035411;0.710626;0.118630;,
  0.031114;0.661247;0.135447;,
  0.035366;0.712499;0.127044;,
  0.031114;0.661247;0.135447;,
  0.035411;0.710626;0.118630;,
  0.029806;0.659455;0.127118;,
  0.049297;0.659494;0.133847;,
  0.031114;0.661247;0.135447;,
  0.049297;0.659494;0.133847;,
  0.040086;0.617568;0.130520;,
  0.047989;0.657702;0.125518;,
  0.040086;0.617568;0.130520;,
  0.049297;0.659494;0.133847;,
  0.044866;0.619360;0.137465;,
  0.024381;0.619320;0.139824;,
  0.040086;0.617568;0.130520;,
  0.029806;0.659455;0.127118;,
  0.029162;0.621112;0.146769;,
  0.031114;0.661247;0.135447;,
  0.029162;0.621112;0.146769;,
  0.029806;0.659455;0.127118;,
  0.024381;0.619320;0.139824;,
  0.044866;0.619360;0.137465;,
  0.029162;0.621112;0.146769;,
  0.044866;0.619360;0.137465;,
  0.028176;0.572426;0.146203;,
  0.040086;0.617568;0.130520;,
  0.028176;0.572426;0.146203;,
  0.044866;0.619360;0.137465;,
  0.035964;0.573815;0.147843;,
  0.023628;0.575070;0.157052;,
  0.028176;0.572426;0.146203;,
  0.024381;0.619320;0.139824;,
  0.031415;0.576460;0.158693;,
  0.029162;0.621112;0.146769;,
  0.031415;0.576460;0.158693;,
  0.024381;0.619320;0.139824;,
  0.023628;0.575070;0.157052;,
  0.035964;0.573815;0.147843;,
  0.031415;0.576460;0.158693;,
  -0.126022;0.448683;0.075126;,
  0.008646;0.458433;0.183467;,
  -0.142725;0.454602;0.108588;,
  0.025349;0.452514;0.150005;,
  -0.120191;0.565592;0.057356;,
  0.014478;0.575343;0.165697;,
  0.031180;0.569423;0.132235;,
  -0.136893;0.571512;0.090817;,
  -0.121028;0.457071;0.064600;,
  0.033757;0.509022;0.130116;,
  0.030343;0.460902;0.139480;,
  -0.117614;0.505191;0.055237;,
  0.035179;0.557848;0.124744;,
  -0.116192;0.554017;0.049865;,
  0.031180;0.459666;0.143780;,
  0.034228;0.510196;0.138369;,
  0.030669;0.455777;0.148349;,
  0.034809;0.509543;0.133890;,
  0.011081;0.462719;0.187590;,
  0.014176;0.541694;0.177293;,
  0.010922;0.542400;0.180498;,
  0.008341;0.467760;0.189535;,
  0.036127;0.565204;0.131716;,
  0.036195;0.560215;0.128496;,
  0.016540;0.572145;0.170957;,
  0.013356;0.568309;0.174252;,
  0.004647;0.470008;0.190958;,
  -0.144106;0.538971;0.107063;,
  -0.146723;0.466177;0.116079;,
  0.007265;0.542802;0.181943;,
  0.006026;0.543621;0.184405;,
  -0.141888;0.563124;0.101343;,
  -0.145345;0.539790;0.109526;,
  0.009483;0.566954;0.176222;,
  -0.147740;0.463810;0.112326;,
  -0.144119;0.537792;0.098694;,
  -0.147213;0.458816;0.108991;,
  -0.145158;0.538450;0.103289;,
  -0.124067;0.506294;0.059770;,
  -0.127626;0.451875;0.069749;,
  -0.121271;0.505593;0.056681;,
  -0.124901;0.455716;0.066571;,
  -0.141755;0.568243;0.092358;,
  -0.142724;0.564359;0.097043;,
  -0.122168;0.561301;0.053117;,
  -0.119885;0.556265;0.051287;,
  -0.121028;0.457071;0.064600;,
  -0.122967;0.450777;0.068842;,
  0.028404;0.454608;0.143722;,
  0.030343;0.460902;0.139480;,
  -0.126022;0.448683;0.075126;,
  0.025349;0.452514;0.150005;,
  -0.142725;0.454602;0.108588;,
  -0.145469;0.458752;0.113922;,
  0.008646;0.458433;0.183467;,
  0.005902;0.462582;0.188801;,
  -0.117447;0.561443;0.052021;,
  -0.116192;0.554017;0.049865;,
  0.035179;0.557848;0.124744;,
  0.033924;0.565274;0.126901;,
  -0.120191;0.565592;0.057356;,
  0.031180;0.569423;0.132235;,
  -0.136893;0.571512;0.090817;,
  -0.139948;0.569417;0.097101;,
  0.014478;0.575343;0.165697;,
  0.011423;0.573248;0.171980;,
  -0.122967;0.450777;0.068842;,
  0.028404;0.454608;0.143722;,
  0.028404;0.454608;0.143722;,
  -0.122967;0.450777;0.068842;,
  0.005902;0.462582;0.188801;,
  -0.145469;0.458752;0.113922;,
  -0.117447;0.561443;0.052021;,
  0.033924;0.565274;0.126901;,
  -0.139948;0.569417;0.097101;,
  0.011423;0.573248;0.171980;,
  0.033757;0.509022;0.130116;,
  -0.117614;0.505191;0.055237;,
  -0.010671;0.534852;0.174258;,
  -0.127299;0.532751;0.119640;,
  -0.126060;0.531932;0.117178;,
  -0.011910;0.535671;0.176720;,
  -0.144106;0.538971;0.107063;,
  0.007265;0.542802;0.181943;,
  0.007265;0.542802;0.181943;,
  -0.126060;0.531932;0.117178;,
  -0.144106;0.538971;0.107063;,
  -0.010671;0.534852;0.174258;,
  -0.011910;0.535671;0.176720;,
  -0.127299;0.532751;0.119640;,
  -0.136795;0.550701;0.068123;,
  -0.136046;0.552847;0.080806;,
  -0.141667;0.552847;0.078045;,
  -0.131174;0.550701;0.070883;,
  -0.135007;0.571600;0.064481;,
  -0.134258;0.573746;0.077164;,
  -0.129386;0.571600;0.067241;,
  -0.139879;0.573746;0.074404;,
  -0.136795;0.550701;0.068123;,
  -0.129386;0.571600;0.067241;,
  -0.131174;0.550701;0.070883;,
  -0.135007;0.571600;0.064481;,
  -0.131174;0.550701;0.070883;,
  -0.134258;0.573746;0.077164;,
  -0.136046;0.552847;0.080806;,
  -0.129386;0.571600;0.067241;,
  -0.136046;0.552847;0.080806;,
  -0.139879;0.573746;0.074404;,
  -0.141667;0.552847;0.078045;,
  -0.134258;0.573746;0.077164;,
  -0.141667;0.552847;0.078045;,
  -0.135007;0.571600;0.064481;,
  -0.136795;0.550701;0.068123;,
  -0.139879;0.573746;0.074404;,
  0.028068;0.550898;0.150202;,
  0.028817;0.553044;0.162885;,
  0.023196;0.553044;0.160125;,
  0.033689;0.550898;0.152963;,
  0.029856;0.571796;0.146561;,
  0.030605;0.573942;0.159244;,
  0.035478;0.571796;0.149321;,
  0.024984;0.573942;0.156484;,
  0.028068;0.550898;0.150202;,
  0.035478;0.571796;0.149321;,
  0.033689;0.550898;0.152963;,
  0.029856;0.571796;0.146561;,
  0.033689;0.550898;0.152963;,
  0.030605;0.573942;0.159244;,
  0.028817;0.553044;0.162885;,
  0.035478;0.571796;0.149321;,
  0.028817;0.553044;0.162885;,
  0.024984;0.573942;0.156484;,
  0.023196;0.553044;0.160125;,
  0.030605;0.573942;0.159244;,
  0.023196;0.553044;0.160125;,
  0.029856;0.571796;0.146561;,
  0.028068;0.550898;0.150202;,
  0.024984;0.573942;0.156484;,
  -0.081695;0.569436;0.103271;,
  -0.070281;0.567640;0.097157;,
  -0.075065;0.569591;0.106599;,
  -0.076911;0.567486;0.093829;,
  -0.074449;0.579216;0.104923;,
  -0.049101;0.579565;0.105425;,
  -0.054014;0.579500;0.115218;,
  -0.069664;0.577266;0.095481;,
  -0.028771;0.578219;0.116004;,
  -0.033555;0.580170;0.125446;,
  -0.034172;0.570545;0.127122;,
  -0.022757;0.568749;0.121008;,
  -0.027542;0.570699;0.130450;,
  -0.029387;0.568594;0.117680;,
  -0.081087;0.578929;0.101618;,
  -0.069424;0.581023;0.094826;,
  -0.076303;0.576979;0.092176;,
  -0.074208;0.582974;0.104268;,
  -0.048860;0.583323;0.104771;,
  -0.053644;0.585274;0.114213;,
  -0.028530;0.581977;0.115350;,
  -0.033314;0.583928;0.124792;,
  -0.022149;0.578242;0.119355;,
  -0.026933;0.580193;0.128797;,
  -0.076303;0.576979;0.092176;,
  -0.069424;0.581023;0.094826;,
  -0.069664;0.577266;0.095481;,
  -0.048860;0.583323;0.104771;,
  -0.049101;0.579565;0.105425;,
  -0.028530;0.581977;0.115350;,
  -0.028771;0.578219;0.116004;,
  -0.022149;0.578242;0.119355;,
  -0.026933;0.580193;0.128797;,
  -0.033314;0.583928;0.124792;,
  -0.033555;0.580170;0.125446;,
  -0.053644;0.585274;0.114213;,
  -0.054014;0.579500;0.115218;,
  -0.074208;0.582974;0.104268;,
  -0.074449;0.579216;0.104923;,
  -0.081087;0.578929;0.101618;,
  -0.075065;0.569591;0.106599;,
  -0.075065;0.569591;0.106599;,
  -0.081087;0.578929;0.101618;,
  -0.081695;0.569436;0.103271;,
  -0.074449;0.579216;0.104923;,
  -0.070281;0.567640;0.097157;,
  -0.069664;0.577266;0.095481;,
  -0.075065;0.569591;0.106599;,
  -0.069664;0.577266;0.095481;,
  -0.076911;0.567486;0.093829;,
  -0.076303;0.576979;0.092176;,
  -0.070281;0.567640;0.097157;,
  -0.076303;0.576979;0.092176;,
  -0.081695;0.569436;0.103271;,
  -0.081087;0.578929;0.101618;,
  -0.076911;0.567486;0.093829;,
  -0.028771;0.578219;0.116004;,
  -0.034172;0.570545;0.127122;,
  -0.033555;0.580170;0.125446;,
  -0.029387;0.568594;0.117680;,
  -0.033555;0.580170;0.125446;,
  -0.027542;0.570699;0.130450;,
  -0.026933;0.580193;0.128797;,
  -0.027542;0.570699;0.130450;,
  -0.033555;0.580170;0.125446;,
  -0.034172;0.570545;0.127122;,
  -0.026933;0.580193;0.128797;,
  -0.022757;0.568749;0.121008;,
  -0.022149;0.578242;0.119355;,
  -0.027542;0.570699;0.130450;,
  -0.022149;0.578242;0.119355;,
  -0.029387;0.568594;0.117680;,
  -0.028771;0.578219;0.116004;,
  -0.022757;0.568749;0.121008;;
  304;
  3;0,1,2;,
  3;3,4,5;,
  3;6,7,8;,
  3;9,10,11;,
  3;12,13,14;,
  3;13,12,15;,
  3;16,17,18;,
  3;19,20,21;,
  3;22,23,24;,
  3;23,22,25;,
  3;26,27,28;,
  3;29,30,31;,
  3;32,14,33;,
  3;14,32,12;,
  3;34,35,36;,
  3;37,38,39;,
  3;40,24,41;,
  3;24,40,22;,
  3;42,43,44;,
  3;45,46,47;,
  3;48,33,49;,
  3;33,48,32;,
  3;50,51,52;,
  3;53,54,55;,
  3;56,41,57;,
  3;41,56,40;,
  3;58,59,60;,
  3;61,62,63;,
  3;64,49,65;,
  3;49,64,48;,
  3;66,67,68;,
  3;69,70,71;,
  3;72,57,73;,
  3;57,72,56;,
  3;74,75,76;,
  3;77,78,79;,
  3;80,65,81;,
  3;65,80,64;,
  3;82,83,84;,
  3;85,86,87;,
  3;88,73,89;,
  3;73,88,72;,
  3;90,91,92;,
  3;93,94,95;,
  3;96,97,98;,
  3;99,100,101;,
  3;102,103,104;,
  3;103,102,105;,
  3;106,107,108;,
  3;109,110,111;,
  3;112,113,114;,
  3;113,112,115;,
  3;116,117,118;,
  3;119,120,121;,
  3;104,122,123;,
  3;122,104,103;,
  3;124,125,126;,
  3;127,128,129;,
  3;114,130,131;,
  3;130,114,113;,
  3;132,133,134;,
  3;135,136,137;,
  3;123,138,139;,
  3;138,123,122;,
  3;140,141,142;,
  3;143,144,145;,
  3;131,146,147;,
  3;146,131,130;,
  3;148,149,150;,
  3;151,152,153;,
  3;139,154,155;,
  3;154,139,138;,
  3;156,157,158;,
  3;159,160,161;,
  3;147,162,163;,
  3;162,147,146;,
  3;164,165,166;,
  3;167,168,169;,
  3;155,170,171;,
  3;170,155,154;,
  3;172,173,174;,
  3;175,176,177;,
  3;163,178,179;,
  3;178,163,162;,
  3;178,89,179;,
  3;89,178,88;,
  3;180,181,182;,
  3;183,184,185;,
  3;170,81,171;,
  3;81,170,80;,
  3;186,187,188;,
  3;189,190,191;,
  3;25,192,23;,
  3;192,25,193;,
  3;194,195,196;,
  3;197,198,199;,
  3;15,200,13;,
  3;200,15,201;,
  3;202,203,204;,
  3;205,206,207;,
  3;208,209,210;,
  3;211,212,213;,
  3;112,214,115;,
  3;214,112,215;,
  3;216,217,218;,
  3;219,220,221;,
  3;102,222,105;,
  3;222,102,223;,
  3;224,225,226;,
  3;227,228,229;,
  3;215,230,214;,
  3;230,215,231;,
  3;232,233,234;,
  3;235,236,237;,
  3;223,238,222;,
  3;238,223,239;,
  3;240,241,242;,
  3;243,244,245;,
  3;231,246,230;,
  3;246,231,247;,
  3;248,249,250;,
  3;251,252,253;,
  3;239,254,238;,
  3;254,239,255;,
  3;256,257,258;,
  3;257,256,259;,
  3;260,261,262;,
  3;261,260,263;,
  3;264,265,266;,
  3;265,264,267;,
  3;267,268,265;,
  3;268,267,269;,
  3;270,271,272;,
  3;271,270,273;,
  3;271,274,272;,
  3;274,271,275;,
  3;274,276,277;,
  3;276,274,275;,
  3;273,278,271;,
  3;278,273,279;,
  3;278,275,271;,
  3;275,278,280;,
  3;275,281,276;,
  3;281,275,280;,
  3;282,283,284;,
  3;283,282,285;,
  3;286,287,288;,
  3;287,286,289;,
  3;290,291,292;,
  3;291,290,293;,
  3;294,292,291;,
  3;292,294,295;,
  3;295,296,297;,
  3;296,295,294;,
  3;293,298,291;,
  3;298,293,299;,
  3;291,300,294;,
  3;300,291,298;,
  3;294,301,296;,
  3;301,294,300;,
  3;302,303,297;,
  3;304,305,270;,
  3;295,303,306;,
  3;304,272,307;,
  3;292,308,309;,
  3;310,274,311;,
  3;290,309,284;,
  3;311,277,282;,
  3;312,313,301;,
  3;314,315,279;,
  3;312,300,316;,
  3;278,315,317;,
  3;318,298,319;,
  3;280,320,321;,
  3;319,299,287;,
  3;281,321,289;,
  3;303,295,297;,
  3;322,259,256;,
  3;259,322,323;,
  3;304,270,272;,
  3;324,264,266;,
  3;264,324,325;,
  3;306,292,295;,
  3;292,306,308;,
  3;258,326,327;,
  3;326,258,257;,
  3;310,272,274;,
  3;272,310,307;,
  3;309,290,292;,
  3;327,282,284;,
  3;282,327,326;,
  3;311,274,277;,
  3;328,268,269;,
  3;268,328,329;,
  3;315,278,279;,
  3;329,260,262;,
  3;260,329,328;,
  3;312,301,300;,
  3;317,280,278;,
  3;280,317,320;,
  3;261,330,331;,
  3;330,261,263;,
  3;318,300,298;,
  3;300,318,316;,
  3;321,281,280;,
  3;331,287,289;,
  3;287,331,330;,
  3;319,298,299;,
  3;305,273,270;,
  3;273,305,332;,
  3;333,297,296;,
  3;297,333,302;,
  3;332,279,273;,
  3;279,332,314;,
  3;313,296,301;,
  3;296,313,333;,
  3;277,285,282;,
  3;285,277,276;,
  3;276,289,285;,
  3;289,276,281;,
  3;284,293,290;,
  3;293,284,283;,
  3;283,299,293;,
  3;299,283,287;,
  3;334,335,336;,
  3;335,334,337;,
  3;338,288,287;,
  3;289,286,339;,
  3;340,341,342;,
  3;341,340,343;,
  3;338,335,288;,
  3;335,338,336;,
  3;288,344,286;,
  3;344,288,345;,
  3;286,334,339;,
  3;334,286,337;,
  3;346,347,348;,
  3;347,346,349;,
  3;350,351,352;,
  3;351,350,353;,
  3;354,355,356;,
  3;355,354,357;,
  3;358,359,360;,
  3;359,358,361;,
  3;362,363,364;,
  3;363,362,365;,
  3;366,367,368;,
  3;367,366,369;,
  3;370,371,372;,
  3;371,370,373;,
  3;374,375,376;,
  3;375,374,377;,
  3;378,379,380;,
  3;379,378,381;,
  3;382,383,384;,
  3;383,382,385;,
  3;386,387,388;,
  3;387,386,389;,
  3;390,391,392;,
  3;391,390,393;,
  3;394,395,396;,
  3;395,394,397;,
  3;398,399,400;,
  3;399,398,401;,
  3;400,402,403;,
  3;402,400,399;,
  3;404,405,406;,
  3;405,404,407;,
  3;408,409,410;,
  3;409,408,411;,
  3;411,412,409;,
  3;412,411,413;,
  3;413,414,412;,
  3;414,413,415;,
  3;415,416,414;,
  3;416,415,417;,
  3;418,419,420;,
  3;420,421,422;,
  3;421,420,419;,
  3;422,423,424;,
  3;423,422,421;,
  3;424,423,425;,
  3;426,427,428;,
  3;428,429,430;,
  3;429,428,427;,
  3;430,431,432;,
  3;431,430,429;,
  3;432,431,433;,
  3;433,434,432;,
  3;435,436,437;,
  3;438,439,440;,
  3;439,438,441;,
  3;442,443,444;,
  3;443,420,445;,
  3;446,447,448;,
  3;447,446,449;,
  3;450,451,452;,
  3;451,450,453;,
  3;454,455,456;,
  3;457,458,459;,
  3;460,461,462;,
  3;461,460,463;,
  3;464,465,466;,
  3;465,464,467;;

  MeshNormals {
   468;
   -0.364592;-0.467669;0.805207;,
   -0.364592;-0.467669;0.805207;,
   -0.364592;-0.467669;0.805207;,
   -0.364586;-0.467672;0.805208;,
   -0.364586;-0.467672;0.805208;,
   -0.364586;-0.467672;0.805208;,
   -0.312412;0.831305;0.459708;,
   -0.312412;0.831305;0.459708;,
   -0.312412;0.831305;0.459708;,
   -0.267178;0.841580;0.469424;,
   -0.267178;0.841580;0.469424;,
   -0.267178;0.841580;0.469424;,
   -0.920093;0.161928;-0.356661;,
   -0.921500;0.096811;-0.376118;,
   -0.921627;0.158263;-0.354339;,
   -0.922121;0.089326;-0.376448;,
   0.227397;-0.885788;-0.404562;,
   0.227397;-0.885788;-0.404562;,
   0.227397;-0.885788;-0.404562;,
   0.223248;-0.884786;-0.409040;,
   0.223248;-0.884786;-0.409040;,
   0.223248;-0.884786;-0.409040;,
   0.876284;-0.111191;0.468788;,
   0.839651;-0.160505;0.518869;,
   0.878331;-0.103850;0.466636;,
   0.844418;-0.167751;0.508742;,
   -0.350309;0.868312;0.351167;,
   -0.350309;0.868312;0.351167;,
   -0.350309;0.868312;0.351167;,
   -0.265389;0.887402;0.376943;,
   -0.265389;0.887402;0.376943;,
   -0.265389;0.887402;0.376943;,
   -0.873960;0.102184;-0.475135;,
   -0.863148;0.077349;-0.498992;,
   0.328629;-0.885782;-0.327708;,
   0.328629;-0.885782;-0.327708;,
   0.328629;-0.885782;-0.327708;,
   0.237405;-0.872897;-0.426252;,
   0.237405;-0.872897;-0.426252;,
   0.237405;-0.872897;-0.426252;,
   0.875076;-0.088625;0.475801;,
   0.871522;-0.072143;0.485021;,
   -0.357303;0.868841;0.342710;,
   -0.357303;0.868841;0.342710;,
   -0.357303;0.868841;0.342710;,
   -0.346990;0.871086;0.347574;,
   -0.346990;0.871086;0.347574;,
   -0.346990;0.871086;0.347574;,
   -0.558380;0.086615;-0.825051;,
   -0.517594;0.094054;-0.850441;,
   0.348240;-0.875026;-0.336243;,
   0.348240;-0.875026;-0.336243;,
   0.348240;-0.875026;-0.336243;,
   0.342860;-0.874487;-0.343103;,
   0.342860;-0.874487;-0.343103;,
   0.342860;-0.874487;-0.343103;,
   0.452286;-0.142369;0.880437;,
   0.503494;-0.134526;0.853462;,
   -0.366862;0.827997;0.424068;,
   -0.366862;0.827997;0.424068;,
   -0.366862;0.827997;0.424068;,
   -0.395362;0.840836;0.369708;,
   -0.395362;0.840836;0.369708;,
   -0.395362;0.840836;0.369708;,
   -0.142407;0.333183;-0.932046;,
   -0.136583;0.353629;-0.925360;,
   0.390097;-0.762027;-0.516856;,
   0.390097;-0.762027;-0.516856;,
   0.390097;-0.762027;-0.516856;,
   0.393302;-0.842439;-0.368253;,
   0.393302;-0.842439;-0.368253;,
   0.393302;-0.842439;-0.368253;,
   0.252993;-0.489066;0.834751;,
   0.259697;-0.502089;0.824902;,
   -0.707520;0.635744;0.308618;,
   -0.707520;0.635744;0.308618;,
   -0.707520;0.635744;0.308618;,
   -0.690963;0.626573;0.360523;,
   -0.690963;0.626573;0.360523;,
   -0.690963;0.626573;0.360523;,
   -0.025354;0.533117;-0.845661;,
   -0.024424;0.551058;-0.834109;,
   0.653917;-0.679047;-0.333598;,
   0.653917;-0.679047;-0.333598;,
   0.653917;-0.679047;-0.333598;,
   0.667649;-0.594174;-0.448555;,
   0.667649;-0.594174;-0.448555;,
   0.667649;-0.594174;-0.448555;,
   0.084135;-0.505277;0.858846;,
   0.077281;-0.495271;0.865294;,
   0.111359;-0.953763;0.279171;,
   0.111359;-0.953763;0.279171;,
   0.111359;-0.953763;0.279171;,
   0.111342;-0.953771;0.279150;,
   0.111342;-0.953771;0.279150;,
   0.111342;-0.953771;0.279150;,
   -0.991984;0.125954;0.010144;,
   -0.991984;0.125954;0.010144;,
   -0.991984;0.125954;0.010144;,
   -0.991215;0.127875;-0.033785;,
   -0.991215;0.127875;-0.033785;,
   -0.991215;0.127875;-0.033785;,
   -0.036856;0.169393;0.984859;,
   0.042748;0.209765;0.976817;,
   0.054258;0.216183;0.974844;,
   -0.081985;0.151172;0.985102;,
   0.989751;-0.142543;-0.008687;,
   0.989751;-0.142543;-0.008687;,
   0.989751;-0.142543;-0.008687;,
   0.991724;-0.124088;0.032944;,
   0.991724;-0.124088;0.032944;,
   0.991724;-0.124088;0.032944;,
   0.037799;-0.167457;-0.985154;,
   -0.054472;-0.235060;-0.970453;,
   -0.077843;-0.234090;-0.969094;,
   0.072817;-0.173888;-0.982070;,
   -0.987546;0.157160;0.007391;,
   -0.987546;0.157160;0.007391;,
   -0.987546;0.157160;0.007391;,
   -0.964500;0.018750;-0.263415;,
   -0.964500;0.018750;-0.263415;,
   -0.964500;0.018750;-0.263415;,
   0.107880;0.621507;0.775945;,
   0.080820;0.664611;0.742806;,
   0.980782;-0.053370;0.187664;,
   0.980782;-0.053370;0.187664;,
   0.980782;-0.053370;0.187664;,
