xof 0303txt 0032
template ColorRGBA {
 <35ff44e0-6c7c-11cf-8f52-0040333594a3>
 FLOAT red;
 FLOAT green;
 FLOAT blue;
 FLOAT alpha;
}

template ColorRGB {
 <d3e16e81-7835-11cf-8f52-0040333594a3>
 FLOAT red;
 FLOAT green;
 FLOAT blue;
}

template Material {
 <3d82ab4d-62da-11cf-ab39-0020af71e433>
 ColorRGBA faceColor;
 FLOAT power;
 ColorRGB specularColor;
 ColorRGB emissiveColor;
 [...]
}

template TextureFilename {
 <a42790e1-7810-11cf-8f52-0040333594a3>
 STRING filename;
}

template Frame {
 <3d82ab46-62da-11cf-ab39-0020af71e433>
 [...]
}

template Matrix4x4 {
 <f6f23f45-7686-11cf-8f52-0040333594a3>
 array FLOAT matrix[16];
}

template FrameTransformMatrix {
 <f6f23f41-7686-11cf-8f52-0040333594a3>
 Matrix4x4 frameMatrix;
}

template Vector {
 <3d82ab5e-62da-11cf-ab39-0020af71e433>
 FLOAT x;
 FLOAT y;
 FLOAT z;
}

template MeshFace {
 <3d82ab5f-62da-11cf-ab39-0020af71e433>
 DWORD nFaceVertexIndices;
 array DWORD faceVertexIndices[nFaceVertexIndices];
}

template Mesh {
 <3d82ab44-62da-11cf-ab39-0020af71e433>
 DWORD nVertices;
 array Vector vertices[nVertices];
 DWORD nFaces;
 array MeshFace faces[nFaces];
 [...]
}

template MeshNormals {
 <f6f23f43-7686-11cf-8f52-0040333594a3>
 DWORD nNormals;
 array Vector normals[nNormals];
 DWORD nFaceNormals;
 array MeshFace faceNormals[nFaceNormals];
}

template MeshMaterialList {
 <f6f23f42-7686-11cf-8f52-0040333594a3>
 DWORD nMaterials;
 DWORD nFaceIndexes;
 array DWORD faceIndexes[nFaceIndexes];
 [Material <3d82ab4d-62da-11cf-ab39-0020af71e433>]
}

template Coords2d {
 <f6f23f44-7686-11cf-8f52-0040333594a3>
 FLOAT u;
 FLOAT v;
}

template MeshTextureCoords {
 <f6f23f40-7686-11cf-8f52-0040333594a3>
 DWORD nTextureCoords;
 array Coords2d textureCoords[nTextureCoords];
}

template XSkinMeshHeader {
 <3cf169ce-ff7c-44ab-93c0-f78f62d172e2>
 WORD nMaxSkinWeightsPerVertex;
 WORD nMaxSkinWeightsPerFace;
 WORD nBones;
}

template SkinWeights {
 <6f0d123b-bad2-4167-a0d0-80224f25fabb>
 STRING transformNodeName;
 DWORD nWeights;
 array DWORD vertexIndices[nWeights];
 array FLOAT weights[nWeights];
 Matrix4x4 matrixOffset;
}

template AnimTicksPerSecond {
 <9e415a43-7ba6-4a73-8743-b73d47e88476>
 DWORD AnimTicksPerSecond;
}

template Animation {
 <3d82ab4f-62da-11cf-ab39-0020af71e433>
 [...]
}

template AnimationSet {
 <3d82ab50-62da-11cf-ab39-0020af71e433>
 [Animation <3d82ab4f-62da-11cf-ab39-0020af71e433>]
}

template FloatKeys {
 <10dd46a9-775b-11cf-8f52-0040333594a3>
 DWORD nValues;
 array FLOAT values[nValues];
}

template TimedFloatKeys {
 <f406b180-7b3b-11cf-8f52-0040333594a3>
 DWORD time;
 FloatKeys tfkeys;
}

template AnimationKey {
 <10dd46a8-775b-11cf-8f52-0040333594a3>
 DWORD keyType;
 DWORD nKeys;
 array TimedFloatKeys keys[nKeys];
}


Material Material__181 {
 1.000000;1.000000;1.000000;1.000000;;
 9.999999;
 0.000000;0.000000;0.000000;;
 0.000000;0.000000;0.000000;;

 TextureFilename {
  "Purse.png";
 }
}

Frame Dummy01 {
 

 FrameTransformMatrix {
  1.000000,0.000000,0.000000,0.000000,0.000000,-0.000000,-1.000000,0.000000,0.000000,1.000000,-0.000000,0.000000,0.000000,0.000000,0.000000,1.000000;;
 }

 Frame Bip01 {
  

  FrameTransformMatrix {
   -0.087155,0.982405,-0.165183,0.000000,-0.000001,0.165814,0.986157,0.000000,0.996195,0.085949,-0.014450,0.000000,-0.010000,-0.012284,0.490453,1.000000;;
  }

  Frame Bip01_Pelvis {
   

   FrameTransformMatrix {
    0.000000,1.000000,-0.000001,0.000000,-0.000001,0.000001,1.000000,0.000000,1.000000,0.000000,0.000001,0.000000,0.000000,0.000000,0.000000,1.000000;;
   }

   Frame Bip01_Spine {
    

    FrameTransformMatrix {
     0.984686,0.000002,-0.174337,0.000000,-0.000001,1.000000,0.000004,0.000000,0.174337,-0.000004,0.984686,0.000000,0.051619,0.000000,-0.000083,1.000000;;
    }

    Frame Bip01_Spine1 {
     

     FrameTransformMatrix {
      0.997819,0.052687,0.039774,0.000000,-0.044862,0.983198,-0.176942,0.000000,-0.048428,0.174771,0.983417,0.000000,0.106484,-0.000015,-0.000083,1.000000;;
     }

     Frame Bip01_Neck {
      

      FrameTransformMatrix {
       0.966067,-0.020835,0.257451,0.000000,0.025191,0.999590,-0.013632,0.000000,-0.257061,0.019655,0.966195,0.000000,0.130511,-0.000001,0.004626,1.000000;;
      }

      Frame Bip01_Head {
       

       FrameTransformMatrix {
        0.989321,-0.051753,-0.136255,0.000000,0.064251,0.993958,0.088989,0.000000,0.130826,-0.096793,0.986669,0.000000,0.033674,-0.000000,-0.000000,1.000000;;
       }
      }

      Frame Bip01_L_Clavicle {
       

       FrameTransformMatrix {
        -0.205975,0.976135,0.068811,0.000000,0.943873,0.216738,-0.249254,0.000000,-0.258220,0.013609,-0.965990,0.000000,-0.024734,0.015166,0.002017,1.000000;;
       }

       Frame Bip01_L_UpperArm {
        

        FrameTransformMatrix {
         0.385871,-0.777669,0.496320,0.000000,0.922466,0.332598,-0.196046,0.000000,-0.012616,0.533487,0.845714,0.000000,0.087086,-0.000000,-0.000000,1.000000;;
        }

        Frame Bip01_L_Forearm {
         

         FrameTransformMatrix {
          0.943939,0.000000,-0.330119,0.000000,0.000000,1.000000,-0.000000,0.000000,0.330119,-0.000000,0.943939,0.000000,0.137062,0.000000,0.000000,1.000000;;
         }

         Frame Bip01_L_Hand {
          

          FrameTransformMatrix {
           1.000000,-0.000000,0.000000,0.000000,0.000000,0.000796,1.000000,0.000000,0.000000,-1.000000,0.000796,0.000000,0.137062,0.000000,0.000000,1.000000;;
          }

          Frame Bip01_L_Finger0 {
           

           FrameTransformMatrix {
            0.690342,-0.181727,0.700288,0.000000,0.558537,0.749101,-0.356210,0.000000,-0.459853,0.637043,0.618637,0.000000,0.057681,-0.023605,-0.000272,1.000000;;
           }
          }

          Frame Bip01_L_Finger1 {
           

           FrameTransformMatrix {
            0.728079,-0.000546,0.685493,0.000000,0.000000,1.000000,0.000796,0.000000,-0.685493,-0.000580,0.728079,0.000000,0.084102,0.000000,0.000000,1.000000;;
           }
          }
         }
        }
       }
      }

      Frame Bip01_R_Clavicle {
       

       FrameTransformMatrix {
        -0.028509,-0.999573,-0.006461,0.000000,-0.965665,0.025871,0.258498,0.000000,-0.258220,0.013609,-0.965990,0.000000,-0.024080,-0.016250,0.001399,1.000000;;
       }

       Frame Bip01_R_UpperArm {
        

        FrameTransformMatrix {
         0.221390,0.975047,0.016433,0.000000,-0.974986,0.221654,-0.016512,0.000000,-0.019742,-0.012366,0.999729,0.000000,0.087086,0.000000,0.000000,1.000000;;
        }

        Frame Bip01_R_Forearm {
         

         FrameTransformMatrix {
          0.915660,-0.000000,-0.401954,0.000000,-0.000000,1.000000,-0.000000,0.000000,0.401954,-0.000000,0.915660,0.000000,0.137062,0.000000,0.000000,1.000000;;
         }

         Frame Bip01_R_Hand {
          

          FrameTransformMatrix {
           0.975195,-0.000000,-0.221346,0.000000,-0.221346,0.000796,-0.975195,0.000000,0.000176,1.000000,0.000777,0.000000,0.137062,-0.000000,0.000000,1.000000;;
          }

          Frame Bip01_R_Finger0 {
           

           FrameTransformMatrix {
            0.417774,-0.116941,0.900994,0.000000,-0.558537,0.749101,0.356210,0.000000,-0.716591,-0.652054,0.247639,0.000000,0.057681,0.023605,-0.000272,1.000000;;
           }
          }

          Frame Bip01_R_Finger1 {
           

           FrameTransformMatrix {
            0.352436,0.000745,0.935835,0.000000,0.000000,1.000000,-0.000796,0.000000,-0.935836,0.000281,0.352436,0.000000,0.084102,0.000000,0.000000,1.000000;;
           }
          }
         }
        }
       }
      }
     }

     Frame Bip01_BackPack {
      

      FrameTransformMatrix {
       0.180560,0.080500,-0.980264,0.000000,0.047560,0.994764,0.090451,0.000000,0.982413,-0.062954,0.175786,0.000000,0.063697,0.000003,-0.088856,1.000000;;
      }
     }
    }

    Frame Bip01_L_Thigh {
     

     FrameTransformMatrix {
      -0.888504,0.030427,0.457858,0.000000,-0.032107,-0.999476,0.004114,0.000000,0.457744,-0.011045,0.889016,0.000000,-0.050843,0.055225,-0.008917,1.000000;;
     }

     Frame Bip01_L_Calf {
      

      FrameTransformMatrix {
       0.942235,-0.000000,-0.334952,0.000000,-0.000000,1.000000,-0.000000,0.000000,0.334952,-0.000000,0.942235,0.000000,0.237500,0.000000,-0.000000,1.000000;;
      }

      Frame Bip01_L_Foot {
       

       FrameTransformMatrix {
        0.924325,-0.026487,0.380687,0.000000,-0.068962,0.969570,0.234901,0.000000,-0.375325,-0.243378,0.894371,0.000000,0.206841,0.000000,0.000000,1.000000;;
       }

       Frame Bip01_L_Toe0 {
        

        FrameTransformMatrix {
         0.000000,0.000000,1.000000,0.000000,0.000000,1.000000,-0.000000,0.000000,-1.000000,0.000000,0.000000,0.000000,0.065373,0.000000,0.066450,1.000000;;
        }
       }
      }
     }
    }

    Frame Bip01_R_Thigh {
     

     FrameTransformMatrix {
      -0.996965,0.030321,-0.071704,0.000000,-0.029454,-0.999480,-0.013113,0.000000,-0.072065,-0.010961,0.997340,0.000000,-0.050843,-0.055225,-0.008917,1.000000;;
     }

     Frame Bip01_R_Calf {
      

      FrameTransformMatrix {
       0.730239,0.000000,-0.683192,0.000000,0.000000,1.000000,0.000000,0.000000,0.683192,0.000000,0.730239,0.000000,0.237500,0.000000,0.000000,1.000000;;
      }

      Frame Bip01_R_Foot {
       

       FrameTransformMatrix {
        0.991957,0.087165,-0.091782,0.000000,-0.093276,0.993546,-0.064539,0.000000,0.085565,0.072581,0.993685,0.000000,0.206841,0.000000,0.000000,1.000000;;
       }

       Frame Bip01_R_Toe0 {
        

        FrameTransformMatrix {
         0.000000,0.000000,1.000000,0.000000,0.000000,1.000000,-0.000000,0.000000,-1.000000,0.000000,0.000000,0.000000,0.065373,0.000000,0.066450,1.000000;;
        }
       }
      }
     }
    }
   }

   Frame Bip01_DressFront {
    

    FrameTransformMatrix {
     -0.880185,-0.088339,0.466338,0.000000,0.121847,0.907542,0.401896,0.000000,-0.458725,0.410564,-0.788041,0.000000,-0.043935,0.001339,0.061057,1.000000;;
    }

    Frame Bip01_DressFront02 {
     

     FrameTransformMatrix {
      0.912593,0.000001,0.408870,0.000000,-0.000001,1.000000,-0.000000,0.000000,-0.408870,-0.000000,0.912593,0.000000,0.183378,-0.000000,-0.000120,1.000000;;
     }
    }
   }

   Frame Bip01_DressBack {
    

    FrameTransformMatrix {
     -0.886023,0.038029,0.462080,0.000000,0.191625,0.937561,0.290274,0.000000,-0.422190,0.345735,-0.837988,0.000000,-0.047673,-0.000048,-0.078302,1.000000;;
    }

    Frame Bip01_DressBack02 {
     

     FrameTransformMatrix {
      0.936852,0.174932,-0.302833,0.000000,-0.166408,0.984581,0.053939,0.000000,0.307600,-0.000139,0.951516,0.000000,0.176125,0.000000,-0.000103,1.000000;;
     }
    }
   }
  }

  Frame Bip01_Prop1 {
   

   FrameTransformMatrix {
    -0.233929,-0.108090,0.966227,0.000000,0.687222,0.684611,0.242967,0.000000,-0.687752,0.720849,-0.085868,0.000000,0.076452,-0.048658,-0.145664,1.000000;;
   }
  }

  Frame Bip01_Prop2 {
   

   FrameTransformMatrix {
    -0.163643,-0.967062,0.194966,0.000000,0.985576,-0.168906,-0.010564,0.000000,0.043147,0.190425,0.980753,0.000000,-0.138405,-0.102098,0.114818,1.000000;;
   }
  }
 }
}

Frame Translation_Data {
 

 FrameTransformMatrix {
  -0.000000,0.000000,-1.000000,0.000000,-1.000000,-0.000000,0.000000,0.000000,-0.000000,1.000000,0.000000,0.000000,0.000000,-0.000000,0.000000,1.000000;;
 }
}

Frame Purse_LHand {
 

 FrameTransformMatrix {
  1.000000,0.000000,-0.000000,0.000000,0.000000,1.000000,0.000000,0.000000,0.000000,0.000000,1.000000,0.000000,0.000000,0.000000,0.000000,1.000000;;
 }

 Mesh Purse_LHand {
  280;
  0.469299;0.672362;0.042822;,
  0.475623;0.665504;0.008887;,
  0.473544;0.662381;0.011266;,
  0.471585;0.660087;0.017511;,
  0.469982;0.658899;0.026870;,
  0.468929;0.658961;0.038214;,
  0.469299;0.672362;0.042822;,
  0.468929;0.658961;0.038214;,
  0.468552;0.660264;0.050175;,
  0.468552;0.660264;0.050175;,
  0.468897;0.662653;0.061309;,
  0.469923;0.665838;0.070274;,
  0.471506;0.669435;0.075989;,
  0.473454;0.673011;0.077764;,
  0.469299;0.672362;0.042822;,
  0.473454;0.673011;0.077764;,
  0.475533;0.676134;0.075386;,
  0.477492;0.678428;0.069140;,
  0.479095;0.679616;0.059781;,
  0.480149;0.679555;0.048437;,
  0.469299;0.672362;0.042822;,
  0.480149;0.679555;0.048437;,
  0.480525;0.678251;0.036477;,
  0.480525;0.678251;0.036477;,
  0.480180;0.675863;0.025343;,
  0.479154;0.672678;0.016377;,
  0.477572;0.669080;0.010662;,
  0.475623;0.665504;0.008887;,
  0.487758;0.647394;-0.015478;,
  0.491665;0.653264;-0.019948;,
  0.484076;0.643083;-0.003740;,
  0.481063;0.640851;0.013849;,
  0.479083;0.640966;0.035169;,
  0.478375;0.643416;0.057647;,
  0.479024;0.647905;0.078573;,
  0.480952;0.653891;0.095422;,
  0.483926;0.660652;0.106162;,
  0.487588;0.667372;0.109499;,
  0.491495;0.673242;0.105029;,
  0.487588;0.667372;0.109499;,
  0.495177;0.677553;0.093291;,
  0.498190;0.679786;0.075702;,
  0.500170;0.679670;0.054382;,
  0.500878;0.677220;0.031904;,
  0.500228;0.672731;0.010978;,
  0.498301;0.666746;-0.005871;,
  0.495327;0.659985;-0.016612;,
  0.491665;0.653264;-0.019948;,
  0.510225;0.629209;-0.034183;,
  0.515489;0.637118;-0.040205;,
  0.505264;0.623401;-0.018369;,
  0.501205;0.620393;0.005329;,
  0.498530;0.620554;0.034052;,
  0.497572;0.623857;0.064337;,
  0.498458;0.629898;0.092531;,
  0.501056;0.637962;0.115232;,
  0.505063;0.647071;0.129703;,
  0.509996;0.656126;0.134198;,
  0.515260;0.664034;0.128175;,
  0.509996;0.656126;0.134198;,
  0.520221;0.669843;0.112361;,
  0.524280;0.672851;0.088663;,
  0.526936;0.672701;0.059938;,
  0.527889;0.669400;0.029653;,
  0.527026;0.663346;0.001461;,
  0.524429;0.655282;-0.021240;,
  0.520422;0.646172;-0.035710;,
  0.515489;0.637118;-0.040205;,
  0.538854;0.609653;-0.042533;,
  0.544857;0.618637;-0.049380;,
  0.532765;0.603313;-0.024593;,
  0.527588;0.600226;0.002301;,
  0.524259;0.600579;0.034936;,
  0.523158;0.604342;0.069373;,
  0.524452;0.611041;0.101462;,
  0.527980;0.619872;0.127332;,
  0.532984;0.629965;0.143830;,
  0.538610;0.640252;0.148944;,
  0.544580;0.649255;0.142093;,
  0.538610;0.640252;0.148944;,
  0.549774;0.656125;0.124067;,
  0.553816;0.659885;0.097064;,
  0.556548;0.659886;0.064371;,
  0.557633;0.656133;0.029933;,
  0.556939;0.649078;-0.002098;,
  0.554559;0.639567;-0.027858;,
  0.550450;0.628943;-0.044270;,
  0.544857;0.618637;-0.049380;,
  0.569851;0.593749;-0.039824;,
  0.574746;0.600927;-0.046509;,
  0.562769;0.590163;-0.022215;,
  0.557396;0.588799;0.004486;,
  0.554405;0.589807;0.037060;,
  0.552840;0.593845;0.071452;,
  0.554272;0.599607;0.103648;,
  0.557984;0.606722;0.129710;,
  0.563981;0.614061;0.146540;,
  0.568500;0.622543;0.151815;,
  0.573395;0.629720;0.145130;,
  0.568500;0.622543;0.151815;,
  0.575676;0.636151;0.127060;,
  0.578108;0.639257;0.100077;,
  0.579945;0.638934;0.067392;,
  0.581030;0.635180;0.032953;,
  0.581232;0.628450;0.000915;,
  0.580461;0.619593;-0.024865;,
  0.579265;0.609408;-0.041234;,
  0.574746;0.600927;-0.046509;,
  0.579815;0.591859;-0.027920;,
  0.583701;0.596295;-0.038169;,
  0.569851;0.593749;-0.039824;,
  0.574070;0.589930;-0.012553;,
  0.579815;0.591859;-0.027920;,
  0.569692;0.589646;0.010838;,
  0.566876;0.591239;0.039400;,
  0.565922;0.594539;0.069685;,
  0.566945;0.599150;0.098039;,
  0.569862;0.604491;0.121047;,
  0.574653;0.609721;0.135966;,
  0.577924;0.616285;0.145241;,
  0.563981;0.614061;0.146540;,
  0.574653;0.609721;0.135966;,
  0.581610;0.620839;0.134973;,
  0.582717;0.625516;0.119161;,
  0.584171;0.627533;0.095489;,
  0.585374;0.626896;0.066771;,
  0.586328;0.623596;0.036486;,
  0.586917;0.618029;0.008287;,
  0.586925;0.610955;-0.014440;,
  0.586772;0.602977;-0.028913;,
  0.565922;0.594539;0.069685;,
  0.579660;0.605605;0.038237;,
  0.578708;0.608904;0.068522;,
  0.566876;0.591239;0.039400;,
  0.569692;0.589646;0.010838;,
  0.581537;0.601923;0.009873;,
  0.574070;0.589930;-0.012553;,
  0.583506;0.598660;-0.013208;,
  0.579815;0.591859;-0.027920;,
  0.584715;0.596576;-0.028280;,
  0.583701;0.596295;-0.038169;,
  0.566945;0.599150;0.098039;,
  0.578916;0.611352;0.097087;,
  0.569862;0.604491;0.121047;,
  0.579518;0.613091;0.120414;,
  0.574653;0.609721;0.135966;,
  0.579625;0.614396;0.135613;,
  0.577924;0.616285;0.145241;,
  0.586772;0.602977;-0.028913;,
  0.586925;0.610955;-0.014440;,
  0.586917;0.618029;0.008287;,
  0.586328;0.623596;0.036486;,
  0.585374;0.626896;0.066771;,
  0.584171;0.627533;0.095489;,
  0.582717;0.625516;0.119161;,
  0.581610;0.620839;0.134973;,
  0.458891;0.674268;-0.005499;,
  0.482929;0.669153;0.007601;,
  0.480421;0.662215;0.004386;,
  0.462345;0.680659;-0.002037;,
  0.480785;0.671117;0.015105;,
  0.462093;0.681530;0.005959;,
  0.476133;0.666144;0.019393;,
  0.458387;0.676011;0.010493;,
  0.458387;0.676011;0.010493;,
  0.473624;0.659206;0.016178;,
  0.476133;0.666144;0.019393;,
  0.454933;0.669619;0.007031;,
  0.475768;0.657242;0.008674;,
  0.455185;0.668748;-0.000965;,
  0.480421;0.662215;0.004386;,
  0.458891;0.674268;-0.005499;,
  0.477939;0.670800;0.083158;,
  0.459625;0.690071;0.084324;,
  0.455919;0.684552;0.088858;,
  0.480690;0.676900;0.078687;,
  0.459877;0.689200;0.076328;,
  0.479030;0.677190;0.070817;,
  0.456422;0.682809;0.072866;,
  0.474620;0.671379;0.067419;,
  0.474620;0.671379;0.067419;,
  0.452716;0.677289;0.077400;,
  0.456422;0.682809;0.072866;,
  0.471870;0.665279;0.071890;,
  0.452464;0.678161;0.085397;,
  0.473529;0.664990;0.079759;,
  0.455919;0.684552;0.088858;,
  0.477939;0.670800;0.083158;,
  0.437983;0.702149;0.073973;,
  0.432273;0.697748;0.077549;,
  0.442243;0.699041;0.067894;,
  0.440792;0.691532;0.065390;,
  0.435082;0.687130;0.068966;,
  0.440792;0.691532;0.065390;,
  0.430823;0.690238;0.075046;,
  0.432273;0.697748;0.077549;,
  0.425128;0.707816;0.051082;,
  0.418227;0.703939;0.052539;,
  0.431768;0.703659;0.049242;,
  0.431508;0.695624;0.048858;,
  0.424607;0.691748;0.050314;,
  0.431508;0.695624;0.048858;,
  0.417967;0.695905;0.052155;,
  0.418227;0.703939;0.052539;,
  0.425968;0.704907;0.024395;,
  0.419146;0.700761;0.023381;,
  0.432453;0.701289;0.027497;,
  0.432115;0.693524;0.029584;,
  0.425292;0.689378;0.028569;,
  0.432115;0.693524;0.029584;,
  0.418808;0.692997;0.025468;,
  0.419146;0.700761;0.023381;,
  0.440184;0.694534;0.004105;,
  0.434678;0.689428;0.001212;,
  0.444036;0.692836;0.010964;,
  0.442382;0.686032;0.014930;,
  0.436876;0.680925;0.012037;,
  0.442382;0.686032;0.014930;,
  0.433024;0.682623;0.005178;,
  0.434678;0.689428;0.001212;,
  0.490148;0.680666;0.057965;,
  0.503749;0.685717;0.050148;,
  0.490274;0.686772;0.057304;,
  0.503622;0.679611;0.050809;,
  0.503622;0.679611;0.050809;,
  0.504228;0.684061;0.034952;,
  0.504101;0.677955;0.035613;,
  0.504101;0.677955;0.035613;,
  0.491232;0.683460;0.026912;,
  0.491105;0.677354;0.027574;,
  0.491105;0.677354;0.027574;,
  0.477757;0.684515;0.034069;,
  0.477631;0.678409;0.034730;,
  0.477152;0.680065;0.049926;,
  0.477279;0.686171;0.049264;,
  0.490148;0.680666;0.057965;,
  0.490148;0.680666;0.057965;,
  0.504101;0.677955;0.035613;,
  0.503622;0.679611;0.050809;,
  0.477631;0.678409;0.034730;,
  0.491105;0.677354;0.027574;,
  0.477152;0.680065;0.049926;,
  0.477279;0.686171;0.049264;,
  0.491232;0.683460;0.026912;,
  0.477757;0.684515;0.034069;,
  0.503749;0.685717;0.050148;,
  0.504228;0.684061;0.034952;,
  0.490274;0.686772;0.057304;,
  0.477757;0.684515;0.034069;,
  0.468867;0.672381;0.035111;,
  0.463598;0.675498;0.034605;,
  0.477631;0.678409;0.034730;,
  0.477631;0.678409;0.034730;,
  0.468389;0.674037;0.050307;,
  0.468867;0.672381;0.035111;,
  0.477152;0.680065;0.049926;,
  0.477152;0.680065;0.049926;,
  0.463120;0.677155;0.049801;,
  0.468389;0.674037;0.050307;,
  0.477279;0.686171;0.049264;,
  0.463598;0.675498;0.034605;,
  0.463120;0.677155;0.049801;,
  0.468882;0.663873;0.036039;,
  0.462770;0.664436;0.035785;,
  0.468403;0.665529;0.051235;,
  0.468882;0.663873;0.036039;,
  0.462291;0.666093;0.050981;,
  0.468403;0.665529;0.051235;,
  0.462770;0.664436;0.035785;,
  0.462291;0.666093;0.050981;,
  0.473222;0.651515;0.037522;,
  0.468882;0.663873;0.036039;,
  0.472743;0.653171;0.052718;,
  0.473222;0.651515;0.037522;,
  0.472743;0.653171;0.052718;,
  0.468882;0.663873;0.036039;,
  0.468403;0.665529;0.051235;,
  0.472743;0.653171;0.052718;,
  0.473222;0.651515;0.037522;,
  0.472743;0.653171;0.052718;;
  354;
  3;0,1,2;,
  3;0,2,3;,
  3;0,3,4;,
  3;0,4,5;,
  3;6,7,8;,
  3;0,9,10;,
  3;0,10,11;,
  3;0,11,12;,
  3;0,12,13;,
  3;14,15,16;,
  3;14,16,17;,
  3;14,17,18;,
  3;14,18,19;,
  3;20,21,22;,
  3;14,23,24;,
  3;14,24,25;,
  3;14,25,26;,
  3;14,26,27;,
  3;28,1,29;,
  3;1,28,2;,
  3;30,2,28;,
  3;2,30,3;,
  3;31,3,30;,
  3;3,31,4;,
  3;32,4,31;,
  3;4,32,5;,
  3;33,5,32;,
  3;5,33,9;,
  3;34,9,33;,
  3;9,34,10;,
  3;35,10,34;,
  3;10,35,11;,
  3;36,11,35;,
  3;11,36,12;,
  3;37,12,36;,
  3;12,37,13;,
  3;38,15,39;,
  3;15,38,16;,
  3;40,16,38;,
  3;16,40,17;,
  3;41,17,40;,
  3;17,41,18;,
  3;42,18,41;,
  3;18,42,19;,
  3;43,19,42;,
  3;19,43,23;,
  3;44,23,43;,
  3;23,44,24;,
  3;45,24,44;,
  3;24,45,25;,
  3;46,25,45;,
  3;25,46,26;,
  3;47,26,46;,
  3;26,47,27;,
  3;48,29,49;,
  3;29,48,28;,
  3;50,28,48;,
  3;28,50,30;,
  3;51,30,50;,
  3;30,51,31;,
  3;52,31,51;,
  3;31,52,32;,
  3;53,32,52;,
  3;32,53,33;,
  3;54,33,53;,
  3;33,54,34;,
  3;55,34,54;,
  3;34,55,35;,
  3;56,35,55;,
  3;35,56,36;,
  3;57,36,56;,
  3;36,57,37;,
  3;58,39,59;,
  3;39,58,38;,
  3;60,38,58;,
  3;38,60,40;,
  3;61,40,60;,
  3;40,61,41;,
  3;62,41,61;,
  3;41,62,42;,
  3;63,42,62;,
  3;42,63,43;,
  3;64,43,63;,
  3;43,64,44;,
  3;65,44,64;,
  3;44,65,45;,
  3;66,45,65;,
  3;45,66,46;,
  3;67,46,66;,
  3;46,67,47;,
  3;68,49,69;,
  3;49,68,48;,
  3;70,48,68;,
  3;48,70,50;,
  3;71,50,70;,
  3;50,71,51;,
  3;72,51,71;,
  3;51,72,52;,
  3;73,52,72;,
  3;52,73,53;,
  3;74,53,73;,
  3;53,74,54;,
  3;75,54,74;,
  3;54,75,55;,
  3;76,55,75;,
  3;55,76,56;,
  3;77,56,76;,
  3;56,77,57;,
  3;78,59,79;,
  3;59,78,58;,
  3;80,58,78;,
  3;58,80,60;,
  3;81,60,80;,
  3;60,81,61;,
  3;82,61,81;,
  3;61,82,62;,
  3;83,62,82;,
  3;62,83,63;,
  3;84,63,83;,
  3;63,84,64;,
  3;85,64,84;,
  3;64,85,65;,
  3;86,65,85;,
  3;65,86,66;,
  3;87,66,86;,
  3;66,87,67;,
  3;88,69,89;,
  3;69,88,68;,
  3;90,68,88;,
  3;68,90,70;,
  3;91,70,90;,
  3;70,91,71;,
  3;92,71,91;,
  3;71,92,72;,
  3;93,72,92;,
  3;72,93,73;,
  3;94,73,93;,
  3;73,94,74;,
  3;95,74,94;,
  3;74,95,75;,
  3;96,75,95;,
  3;75,96,76;,
  3;97,76,96;,
  3;76,97,77;,
  3;98,79,99;,
  3;79,98,78;,
  3;100,78,98;,
  3;78,100,80;,
  3;101,80,100;,
  3;80,101,81;,
  3;102,81,101;,
  3;81,102,82;,
  3;103,82,102;,
  3;82,103,83;,
  3;104,83,103;,
  3;83,104,84;,
  3;105,84,104;,
  3;84,105,85;,
  3;106,85,105;,
  3;85,106,86;,
  3;107,86,106;,
  3;86,107,87;,
  3;108,107,109;,
  3;107,108,110;,
  3;111,88,112;,
  3;88,111,90;,
  3;113,90,111;,
  3;90,113,91;,
  3;114,91,113;,
  3;91,114,92;,
  3;115,92,114;,
  3;92,115,93;,
  3;116,93,115;,
  3;93,116,94;,
  3;117,94,116;,
  3;94,117,95;,
  3;118,95,117;,
  3;95,118,96;,
  3;119,120,121;,
  3;120,119,99;,
  3;122,99,119;,
  3;99,122,98;,
  3;123,98,122;,
  3;98,123,100;,
  3;124,100,123;,
  3;100,124,101;,
  3;125,101,124;,
  3;101,125,102;,
  3;126,102,125;,
  3;102,126,103;,
  3;127,103,126;,
  3;103,127,104;,
  3;128,104,127;,
  3;104,128,105;,
  3;129,105,128;,
  3;105,129,106;,
  3;109,106,129;,
  3;106,109,107;,
  3;130,131,132;,
  3;131,130,133;,
  3;131,134,135;,
  3;134,131,133;,
  3;135,136,137;,
  3;136,135,134;,
  3;138,137,136;,
  3;137,138,139;,
  3;138,140,139;,
  3;141,132,142;,
  3;132,141,130;,
  3;143,142,144;,
  3;142,143,141;,
  3;145,144,146;,
  3;144,145,143;,
  3;147,145,146;,
  3;140,148,139;,
  3;148,137,139;,
  3;137,148,149;,
  3;149,135,137;,
  3;135,149,150;,
  3;150,131,135;,
  3;131,150,151;,
  3;151,132,131;,
  3;132,151,152;,
  3;132,153,142;,
  3;153,132,152;,
  3;142,154,144;,
  3;154,142,153;,
  3;144,155,146;,
  3;155,144,154;,
  3;146,155,147;,
  3;156,157,158;,
  3;157,156,159;,
  3;159,160,157;,
  3;160,159,161;,
  3;161,162,160;,
  3;162,161,163;,
  3;164,165,166;,
  3;165,164,167;,
  3;167,168,165;,
  3;168,167,169;,
  3;169,170,168;,
  3;170,169,171;,
  3;172,173,174;,
  3;173,172,175;,
  3;175,176,173;,
  3;176,175,177;,
  3;177,178,176;,
  3;178,177,179;,
  3;180,181,182;,
  3;181,180,183;,
  3;183,184,181;,
  3;184,183,185;,
  3;185,186,184;,
  3;186,185,187;,
  3;174,188,189;,
  3;188,174,173;,
  3;173,190,188;,
  3;190,173,176;,
  3;176,191,190;,
  3;191,176,178;,
  3;182,192,193;,
  3;192,182,181;,
  3;181,194,192;,
  3;194,181,184;,
  3;184,195,194;,
  3;195,184,186;,
  3;189,196,197;,
  3;196,189,188;,
  3;188,198,196;,
  3;198,188,190;,
  3;190,199,198;,
  3;199,190,191;,
  3;193,200,201;,
  3;200,193,192;,
  3;192,202,200;,
  3;202,192,194;,
  3;194,203,202;,
  3;203,194,195;,
  3;197,204,205;,
  3;204,197,196;,
  3;196,206,204;,
  3;206,196,198;,
  3;198,207,206;,
  3;207,198,199;,
  3;201,208,209;,
  3;208,201,200;,
  3;200,210,208;,
  3;210,200,202;,
  3;202,211,210;,
  3;211,202,203;,
  3;205,212,213;,
  3;212,205,204;,
  3;204,214,212;,
  3;214,204,206;,
  3;206,215,214;,
  3;215,206,207;,
  3;209,216,217;,
  3;216,209,208;,
  3;208,218,216;,
  3;218,208,210;,
  3;210,219,218;,
  3;219,210,211;,
  3;213,159,156;,
  3;159,213,212;,
  3;212,161,159;,
  3;161,212,214;,
  3;214,163,161;,
  3;163,214,215;,
  3;217,167,164;,
  3;167,217,216;,
  3;216,169,167;,
  3;169,216,218;,
  3;218,171,169;,
  3;171,218,219;,
  3;220,221,222;,
  3;221,220,223;,
  3;224,225,221;,
  3;225,224,226;,
  3;227,228,225;,
  3;228,227,229;,
  3;230,231,228;,
  3;231,230,232;,
  3;233,222,234;,
  3;222,233,235;,
  3;236,237,238;,
  3;237,239,240;,
  3;236,239,237;,
  3;241,239,236;,
  3;242,243,244;,
  3;243,245,246;,
  3;242,245,243;,
  3;247,245,242;,
  3;248,249,250;,
  3;249,248,251;,
  3;252,253,254;,
  3;253,252,255;,
  3;256,257,258;,
  3;257,256,259;,
  3;242,260,261;,
  3;260,242,244;,
  3;250,262,263;,
  3;262,250,249;,
  3;254,264,265;,
  3;264,254,253;,
  3;258,266,267;,
  3;266,258,257;,
  3;261,268,269;,
  3;268,261,260;,
  3;263,262,270;,
  3;271,272,273;,
  3;274,275,276;,
  3;267,266,277;,
  3;269,278,279;,
  3;278,269,268;;

  MeshNormals {
   280;
   -0.987094;0.152856;-0.047751;,
   -0.866076;0.244414;-0.436089;,
   -0.927541;0.107397;-0.357957;,
   -0.968376;-0.082854;-0.235337;,
   -0.972813;-0.188763;-0.134180;,
   -0.954065;-0.295720;-0.048053;,
   -0.998563;0.039872;-0.035800;,
   -0.998563;0.039872;-0.035800;,
   -0.998563;0.039872;-0.035800;,
   -0.957190;-0.284908;0.051136;,
   -0.980532;-0.162055;0.110889;,
   -0.981677;-0.036830;0.186959;,
   -0.947259;0.175630;0.268058;,
   -0.889843;0.326667;0.318540;,
   -0.604107;0.789939;-0.105125;,
   -0.681816;0.672712;0.287377;,
   -0.580323;0.786014;0.213090;,
   -0.416464;0.903380;0.102288;,
   -0.311999;0.950022;0.010739;,
   -0.197843;0.978232;-0.062618;,
   -0.509386;0.853597;-0.109078;,
   -0.509386;0.853597;-0.109078;,
   -0.509386;0.853597;-0.109078;,
   -0.194718;0.967421;-0.161806;,
   -0.304281;0.923311;-0.234329;,
   -0.403157;0.857356;-0.320007;,
   -0.560601;0.717788;-0.412925;,
   -0.658050;0.590461;-0.467254;,
   -0.822830;-0.182208;-0.538285;,
   -0.751240;-0.002559;-0.660024;,
   -0.840899;-0.444276;-0.309043;,
   -0.817803;-0.557224;-0.143873;,
   -0.803854;-0.594575;-0.017278;,
   -0.807385;-0.582357;0.094813;,
   -0.828916;-0.518755;0.209263;,
   -0.861484;-0.373046;0.344503;,
   -0.855932;-0.067669;0.512642;,
   -0.790837;0.134454;0.597076;,
   -0.304261;0.850015;0.430000;,
   -0.444292;0.710916;0.545163;,
   -0.052078;0.973369;0.223251;,
   0.080501;0.994075;0.073042;,
   0.137476;0.989401;-0.046751;,
   0.141020;0.977182;-0.158834;,
   0.091655;0.955587;-0.280096;,
   -0.031491;0.902139;-0.430296;,
   -0.271156;0.735475;-0.620928;,
   -0.404694;0.573906;-0.711937;,
   -0.646580;-0.412687;-0.641580;,
   -0.562143;-0.230580;-0.794247;,
   -0.684277;-0.650854;-0.328869;,
   -0.675470;-0.724663;-0.136399;,
   -0.670333;-0.742060;-0.000463;,
   -0.674012;-0.729134;0.118624;,
   -0.687171;-0.683173;0.247126;,
   -0.707170;-0.570121;0.418179;,
   -0.687719;-0.270158;0.673838;,
   -0.611972;-0.058145;0.788739;,
   -0.035186;0.816636;0.576080;,
   -0.175686;0.667745;0.723361;,
   0.198723;0.938540;0.282228;,
   0.294334;0.950478;0.099793;,
   0.331097;0.943049;-0.032137;,
   0.334966;0.930018;-0.151207;,
   0.306893;0.908489;-0.283661;,
   0.223166;0.856896;-0.464679;,
   0.007116;0.673418;-0.739227;,
   -0.125724;0.495235;-0.859614;,
   -0.416892;-0.616945;-0.667518;,
   -0.329151;-0.433064;-0.839116;,
   -0.484252;-0.816499;-0.314373;,
   -0.484533;-0.867109;-0.115539;,
   -0.482043;-0.875921;0.019915;,
   -0.487663;-0.862311;0.136397;,
   -0.505046;-0.821103;0.265928;,
   -0.521912;-0.724807;0.449737;,
   -0.473359;-0.450462;0.756977;,
   -0.389468;-0.230306;0.891781;,
   0.247103;0.717545;0.651206;,
   0.103939;0.566503;0.817479;,
   0.439159;0.843215;0.310044;,
   0.511521;0.851169;0.117717;,
   0.540127;0.841468;-0.013936;,
   0.541148;0.830623;-0.131242;,
   0.515355;0.814996;-0.264938;,
   0.449500;0.767712;-0.456693;,
   0.276738;0.566961;-0.775868;,
   0.143444;0.376074;-0.915419;,
   -0.020657;-0.848390;-0.528968;,
   0.285564;-0.289541;-0.913575;,
   -0.170252;-0.966719;-0.190968;,
   -0.154796;-0.987101;-0.040865;,
   -0.128999;-0.989952;0.057920;,
   -0.144445;-0.979157;0.142785;,
   -0.164803;-0.958462;0.232788;,
   -0.192053;-0.907056;0.374655;,
   -0.119201;-0.716064;0.687782;,
   0.256037;-0.032351;0.966126;,
   0.651402;0.476413;0.590513;,
   0.256037;-0.032351;0.966126;,
   0.732804;0.634635;0.245434;,
   0.779617;0.618330;0.099328;,
   0.802776;0.596261;0.004889;,
   0.805541;0.587613;-0.076261;,
   0.788428;0.590259;-0.173136;,
   0.750290;0.577539;-0.321735;,
   0.662971;0.393322;-0.636999;,
   0.285564;-0.289541;-0.913575;,
   0.388077;-0.916872;-0.093498;,
   0.646491;-0.549469;-0.529276;,
   -0.020657;-0.848390;-0.528968;,
   0.357900;-0.932820;0.041901;,
   0.388077;-0.916872;-0.093498;,
   0.404534;-0.911013;0.080045;,
   0.442397;-0.891426;0.098205;,
   0.434222;-0.892582;0.121444;,
   0.405927;-0.903095;0.140154;,
   0.361191;-0.914869;0.180431;,
   0.396294;-0.870204;0.292739;,
   0.703582;-0.260625;0.661096;,
   -0.119201;-0.716064;0.687782;,
   0.396294;-0.870204;0.292739;,
   0.967252;0.108288;0.229561;,
   0.986097;0.142082;0.086175;,
   0.995038;0.084962;0.051776;,
   0.998099;0.049971;0.036083;,
   0.998737;0.046082;0.020023;,
   0.997682;0.067932;-0.004059;,
   0.993517;0.103468;-0.047104;,
   0.987200;0.032428;-0.156158;,
   0.434222;-0.892582;0.121444;,
   0.856574;-0.507206;0.094991;,
   0.857384;-0.510037;0.068951;,
   0.442397;-0.891426;0.098205;,
   0.404534;-0.911013;0.080045;,
   0.853116;-0.507055;0.122836;,
   0.357900;-0.932820;0.041901;,
   0.849386;-0.507086;0.146312;,
   0.388077;-0.916872;-0.093498;,
   0.849333;-0.526704;0.034878;,
   0.646491;-0.549469;-0.529276;,
   0.405927;-0.903095;0.140154;,
   0.855645;-0.516033;0.039765;,
   0.361191;-0.914869;0.180431;,
   0.853481;-0.520680;0.021499;,
   0.396294;-0.870204;0.292739;,
   0.845583;-0.514693;0.141703;,
   0.703582;-0.260625;0.661096;,
   0.987200;0.032428;-0.156158;,
   0.993517;0.103468;-0.047104;,
   0.997682;0.067932;-0.004059;,
   0.998737;0.046082;0.020023;,
   0.998099;0.049971;0.036083;,
   0.995038;0.084962;0.051776;,
   0.986097;0.142082;0.086175;,
   0.967252;0.108288;0.229561;,
   0.281721;0.336944;-0.898388;,
   0.586906;0.616649;-0.524676;,
   0.501815;0.207752;-0.839655;,
   0.438882;0.643829;-0.626791;,
   0.287806;0.869401;0.401633;,
   0.451782;0.823731;0.342577;,
   -0.008771;0.653141;0.757186;,
   0.222447;0.525343;0.821299;,
   -0.289148;-0.332930;0.897525;,
   -0.598542;-0.596768;0.534430;,
   -0.524113;-0.194787;0.829074;,
   -0.481395;-0.730895;0.483788;,
   -0.304342;-0.869795;-0.388372;,
   -0.409392;-0.763554;-0.499383;,
   -0.005622;-0.646520;-0.762876;,
   -0.234716;-0.518090;-0.822491;,
   0.452808;0.381562;0.805839;,
   0.402101;0.767874;0.498682;,
   0.224767;0.523985;0.821535;,
   0.559733;0.718474;0.412909;,
   0.478669;0.732511;-0.484050;,
   0.313886;0.765429;-0.561778;,
   0.280834;0.337858;-0.898323;,
   0.040325;0.481432;-0.875555;,
   -0.466148;-0.371750;-0.802813;,
   -0.456736;-0.820794;-0.343058;,
   -0.237026;-0.516708;-0.822698;,
   -0.565293;-0.704990;-0.428291;,
   -0.443014;-0.641383;0.626392;,
   -0.335298;-0.765727;0.548851;,
   -0.287946;-0.333255;0.897791;,
   -0.063602;-0.467399;0.881756;,
   0.122560;0.922754;0.365382;,
   -0.201528;0.761730;0.615754;,
   0.687853;0.614991;-0.385544;,
   0.715225;0.092784;-0.692709;,
   -0.245574;-0.937721;-0.245711;,
   0.201527;-0.761731;-0.615754;,
   -0.723342;-0.484366;0.492103;,
   -0.715224;-0.092780;0.692710;,
   -0.045331;0.996760;0.066437;,
   -0.457716;0.874659;0.159585;,
   0.811448;0.560511;-0.165470;,
   0.971413;-0.020148;-0.236540;,
   -0.121976;-0.992202;-0.025640;,
   0.457717;-0.874658;-0.159588;,
   -0.891231;-0.410363;0.193157;,
   -0.971413;0.020144;0.236540;,
   -0.034351;0.958775;-0.282083;,
   -0.440961;0.816698;-0.372234;,
   0.803366;0.588476;0.091102;,
   0.954662;0.037817;0.295282;,
   -0.130059;-0.964238;0.230934;,
   0.440960;-0.816698;0.372236;,
   -0.880254;-0.448347;-0.155364;,
   -0.954662;-0.037818;-0.295281;,
   0.151300;0.823306;-0.547060;,
   -0.157673;0.609978;-0.776574;,
   0.666694;0.688203;0.286175;,
   0.671370;0.244536;0.699618;,
   -0.266729;-0.864509;0.426004;,
   0.157670;-0.609981;0.776572;,
   -0.694602;-0.583817;-0.420341;,
   -0.671369;-0.244533;-0.699619;,
   -0.031297;0.108296;0.993626;,
   0.849769;0.039321;0.525687;,
   -0.031298;0.108296;0.993626;,
   0.849768;0.039322;0.525688;,
   0.849768;0.039322;0.525688;,
   0.881066;-0.068971;-0.467938;,
   0.881066;-0.068970;-0.467937;,
   0.881066;-0.068970;-0.467937;,
   0.031298;-0.108296;-0.993626;,
   0.031296;-0.108297;-0.993626;,
   0.031296;-0.108297;-0.993626;,
   -0.472545;-0.085229;-0.877176;,
   -0.472546;-0.085230;-0.877175;,
   -0.526753;0.102344;0.843835;,
   -0.526753;0.102344;0.843835;,
   -0.031297;0.108296;0.993626;,
   -0.020619;-0.993971;0.107684;,
   -0.020620;-0.993971;0.107685;,
   -0.020622;-0.993971;0.107683;,
   0.221977;-0.873530;-0.433210;,
   -0.020619;-0.993971;0.107688;,
   0.188678;-0.758306;0.623997;,
   -0.227875;0.960542;0.159474;,
   0.020619;0.993971;-0.107684;,
   -0.210999;0.902147;-0.376312;,
   0.020618;0.993971;-0.107685;,
   0.020616;0.993972;-0.107683;,
   0.020619;0.993971;-0.107688;,
   -0.210999;0.902147;-0.376312;,
   0.521635;-0.346716;-0.779541;,
   -0.654467;0.331575;-0.679508;,
   0.221977;-0.873530;-0.433210;,
   0.221977;-0.873530;-0.433210;,
   0.469777;-0.167282;0.866791;,
   0.521635;-0.346716;-0.779541;,
   0.188678;-0.758306;0.623997;,
   0.188678;-0.758306;0.623997;,
   -0.693200;0.465601;0.550172;,
   0.469777;-0.167282;0.866791;,
   -0.227875;0.960542;0.159474;,
   -0.654467;0.331575;-0.679508;,
   -0.693200;0.465601;0.550172;,
   0.440160;-0.096598;-0.892708;,
   -0.719064;-0.299120;-0.627276;,
   0.383123;0.100773;0.918184;,
   0.440160;-0.096598;-0.892708;,
   -0.758695;-0.161982;0.630986;,
   0.383123;0.100773;0.918184;,
   -0.719064;-0.299120;-0.627276;,
   -0.758695;-0.161982;0.630986;,
   -0.755288;-0.633513;-0.167934;,
   0.943726;0.330669;-0.006312;,
   0.943726;0.330669;-0.006312;,
   0.943726;0.330669;-0.006312;,
   0.943726;0.330667;-0.006314;,
   0.943726;0.330667;-0.006314;,
   0.943726;0.330667;-0.006314;,
   -0.768548;-0.587632;0.253026;,
   -0.755288;-0.633513;-0.167934;,
   -0.768548;-0.587632;0.253026;;
   354;
   3;0,1,2;,
   3;0,2,3;,
   3;0,3,4;,
   3;0,4,5;,
   3;6,7,8;,
   3;0,9,10;,
   3;0,10,11;,
   3;0,11,12;,
   3;0,12,13;,
   3;14,15,16;,
   3;14,16,17;,
   3;14,17,18;,
   3;14,18,19;,
   3;20,21,22;,
   3;14,23,24;,
   3;14,24,25;,
   3;14,25,26;,
   3;14,26,27;,
   3;28,1,29;,
   3;1,28,2;,
   3;30,2,28;,
   3;2,30,3;,
   3;31,3,30;,
   3;3,31,4;,
   3;32,4,31;,
   3;4,32,5;,
   3;33,5,32;,
   3;5,33,9;,
   3;34,9,33;,
   3;9,34,10;,
   3;35,10,34;,
   3;10,35,11;,
   3;36,11,35;,
   3;11,36,12;,
   3;37,12,36;,
   3;12,37,13;,
   3;38,15,39;,
   3;15,38,16;,
   3;40,16,38;,
   3;16,40,17;,
   3;41,17,40;,
   3;17,41,18;,
   3;42,18,41;,
   3;18,42,19;,
   3;43,19,42;,
   3;19,43,23;,
   3;44,23,43;,
   3;23,44,24;,
   3;45,24,44;,
   3;24,45,25;,
   3;46,25,45;,
   3;25,46,26;,
   3;47,26,46;,
   3;26,47,27;,
   3;48,29,49;,
   3;29,48,28;,
   3;50,28,48;,
   3;28,50,30;,
   3;51,30,50;,
   3;30,51,31;,
   3;52,31,51;,
   3;31,52,32;,
   3;53,32,52;,
   3;32,53,33;,
   3;54,33,53;,
   3;33,54,34;,
   3;55,34,54;,
   3;34,55,35;,
   3;56,35,55;,
   3;35,56,36;,
   3;57,36,56;,
   3;36,57,37;,
   3;58,39,59;,
   3;39,58,38;,
   3;60,38,58;,
   3;38,60,40;,
   3;61,40,60;,
   3;40,61,41;,
   3;62,41,61;,
   3;41,62,42;,
   3;63,42,62;,
   3;42,63,43;,
   3;64,43,63;,
   3;43,64,44;,
   3;65,44,64;,
   3;44,65,45;,
   3;66,45,65;,
   3;45,66,46;,
   3;67,46,66;,
   3;46,67,47;,
   3;68,49,69;,
   3;49,68,48;,
   3;70,48,68;,
   3;48,70,50;,
   3;71,50,70;,
   3;50,71,51;,
   3;72,51,71;,
   3;51,72,52;,
   3;73,52,72;,
   3;52,73,53;,
   3;74,53,73;,
   3;53,74,54;,
   3;75,54,74;,
   3;54,75,55;,
   3;76,55,75;,
   3;55,76,56;,
   3;77,56,76;,
   3;56,77,57;,
   3;78,59,79;,
   3;59,78,58;,
   3;80,58,78;,
   3;58,80,60;,
   3;81,60,80;,
   3;60,81,61;,
   3;82,61,81;,
   3;61,82,62;,
   3;83,62,82;,
   3;62,83,63;,
   3;84,63,83;,
   3;63,84,64;,
   3;85,64,84;,
   3;64,85,65;,
   3;86,65,85;,
   3;65,86,66;,
   3;87,66,86;,
   3;66,87,67;,
   3;88,69,89;,
   3;69,88,68;,
   3;90,68,88;,
   3;68,90,70;,
   3;91,70,90;,
   3;70,91,71;,
   3;92,71,91;,
   3;71,92,72;,
   3;93,72,92;,
   3;72,93,73;,
   3;94,73,93;,
   3;73,94,74;,
   3;95,74,94;,
   3;74,95,75;,
   3;96,75,95;,
   3;75,96,76;,
   3;97,76,96;,
   3;76,97,77;,
   3;98,79,99;,
   3;79,98,78;,
   3;100,78,98;,
   3;78,100,80;,
   3;101,80,100;,
   3;80,101,81;,
   3;102,81,101;,
   3;81,102,82;,
   3;103,82,102;,
   3;82,103,83;,
   3;104,83,103;,
   3;83,104,84;,
   3;105,84,104;,
   3;84,105,85;,
   3;106,85,105;,
   3;85,106,86;,
   3;107,86,106;,
   3;86,107,87;,
   3;108,107,109;,
   3;107,108,110;,
   3;111,88,112;,
   3;88,111,90;,
   3;113,90,111;,
   3;90,113,91;,
   3;114,91,113;,
   3;91,114,92;,
   3;115,92,114;,
   3;92,115,93;,
   3;116,93,115;,
   3;93,116,94;,
   3;117,94,116;,
   3;94,117,95;,
   3;118,95,117;,
   3;95,118,96;,
   3;119,120,121;,
   3;120,119,99;,
   3;122,99,119;,
   3;99,122,98;,
