xof 0303txt 0032
template ColorRGBA {
 <35ff44e0-6c7c-11cf-8f52-0040333594a3>
 FLOAT red;
 FLOAT green;
 FLOAT blue;
 FLOAT alpha;
}

template ColorRGB {
 <d3e16e81-7835-11cf-8f52-0040333594a3>
 FLOAT red;
 FLOAT green;
 FLOAT blue;
}

template Material {
 <3d82ab4d-62da-11cf-ab39-0020af71e433>
 ColorRGBA faceColor;
 FLOAT power;
 ColorRGB specularColor;
 ColorRGB emissiveColor;
 [...]
}

template TextureFilename {
 <a42790e1-7810-11cf-8f52-0040333594a3>
 STRING filename;
}

template Frame {
 <3d82ab46-62da-11cf-ab39-0020af71e433>
 [...]
}

template Matrix4x4 {
 <f6f23f45-7686-11cf-8f52-0040333594a3>
 array FLOAT matrix[16];
}

template FrameTransformMatrix {
 <f6f23f41-7686-11cf-8f52-0040333594a3>
 Matrix4x4 frameMatrix;
}

template Vector {
 <3d82ab5e-62da-11cf-ab39-0020af71e433>
 FLOAT x;
 FLOAT y;
 FLOAT z;
}

template MeshFace {
 <3d82ab5f-62da-11cf-ab39-0020af71e433>
 DWORD nFaceVertexIndices;
 array DWORD faceVertexIndices[nFaceVertexIndices];
}

template Mesh {
 <3d82ab44-62da-11cf-ab39-0020af71e433>
 DWORD nVertices;
 array Vector vertices[nVertices];
 DWORD nFaces;
 array MeshFace faces[nFaces];
 [...]
}

template MeshNormals {
 <f6f23f43-7686-11cf-8f52-0040333594a3>
 DWORD nNormals;
 array Vector normals[nNormals];
 DWORD nFaceNormals;
 array MeshFace faceNormals[nFaceNormals];
}

template MeshMaterialList {
 <f6f23f42-7686-11cf-8f52-0040333594a3>
 DWORD nMaterials;
 DWORD nFaceIndexes;
 array DWORD faceIndexes[nFaceIndexes];
 [Material <3d82ab4d-62da-11cf-ab39-0020af71e433>]
}

template Coords2d {
 <f6f23f44-7686-11cf-8f52-0040333594a3>
 FLOAT u;
 FLOAT v;
}

template MeshTextureCoords {
 <f6f23f40-7686-11cf-8f52-0040333594a3>
 DWORD nTextureCoords;
 array Coords2d textureCoords[nTextureCoords];
}

template XSkinMeshHeader {
 <3cf169ce-ff7c-44ab-93c0-f78f62d172e2>
 WORD nMaxSkinWeightsPerVertex;
 WORD nMaxSkinWeightsPerFace;
 WORD nBones;
}

template SkinWeights {
 <6f0d123b-bad2-4167-a0d0-80224f25fabb>
 STRING transformNodeName;
 DWORD nWeights;
 array DWORD vertexIndices[nWeights];
 array FLOAT weights[nWeights];
 Matrix4x4 matrixOffset;
}

template AnimTicksPerSecond {
 <9e415a43-7ba6-4a73-8743-b73d47e88476>
 DWORD AnimTicksPerSecond;
}

template Animation {
 <3d82ab4f-62da-11cf-ab39-0020af71e433>
 [...]
}

template AnimationSet {
 <3d82ab50-62da-11cf-ab39-0020af71e433>
 [Animation <3d82ab4f-62da-11cf-ab39-0020af71e433>]
}

template FloatKeys {
 <10dd46a9-775b-11cf-8f52-0040333594a3>
 DWORD nValues;
 array FLOAT values[nValues];
}

template TimedFloatKeys {
 <f406b180-7b3b-11cf-8f52-0040333594a3>
 DWORD time;
 FloatKeys tfkeys;
}

template AnimationKey {
 <10dd46a8-775b-11cf-8f52-0040333594a3>
 DWORD keyType;
 DWORD nKeys;
 array TimedFloatKeys keys[nKeys];
}


Material _01_-_Defaulteee {
 1.000000;1.000000;1.000000;1.000000;;
 9.999999;
 0.000000;0.000000;0.000000;;
 0.000000;0.000000;0.000000;;

 TextureFilename {
  "Satchel.png";
 }
}

Frame Dummy01 {
 

 FrameTransformMatrix {
  1.000000,0.000000,0.000000,0.000000,0.000000,-0.000000,-1.000000,0.000000,0.000000,1.000000,-0.000000,0.000000,0.000000,0.000000,0.000000,1.000000;;
 }

 Frame Bip01 {
  

  FrameTransformMatrix {
   -0.087155,0.982405,-0.165183,0.000000,-0.000001,0.165814,0.986157,0.000000,0.996195,0.085949,-0.014450,0.000000,-0.010000,-0.012284,0.490453,1.000000;;
  }

  Frame Bip01_Pelvis {
   

   FrameTransformMatrix {
    0.000000,1.000000,-0.000001,0.000000,-0.000001,0.000001,1.000000,0.000000,1.000000,0.000000,0.000001,0.000000,0.000000,0.000000,0.000000,1.000000;;
   }

   Frame Bip01_Spine {
    

    FrameTransformMatrix {
     0.984686,0.000002,-0.174337,0.000000,-0.000001,1.000000,0.000004,0.000000,0.174337,-0.000004,0.984686,0.000000,0.051619,0.000000,-0.000083,1.000000;;
    }

    Frame Bip01_Spine1 {
     

     FrameTransformMatrix {
      0.997819,0.052687,0.039774,0.000000,-0.044862,0.983198,-0.176942,0.000000,-0.048428,0.174771,0.983417,0.000000,0.106484,-0.000015,-0.000083,1.000000;;
     }

     Frame Bip01_Neck {
      

      FrameTransformMatrix {
       0.966067,-0.020835,0.257451,0.000000,0.025191,0.999590,-0.013632,0.000000,-0.257061,0.019655,0.966195,0.000000,0.130511,-0.000001,0.004626,1.000000;;
      }

      Frame Bip01_Head {
       

       FrameTransformMatrix {
        0.989321,-0.051753,-0.136255,0.000000,0.064251,0.993958,0.088989,0.000000,0.130826,-0.096793,0.986669,0.000000,0.033674,-0.000000,-0.000000,1.000000;;
       }

       Frame Bip01_HeadNub {
        

        FrameTransformMatrix {
         1.000000,-0.000000,-0.000000,0.000000,-0.000000,1.000000,0.000000,0.000000,0.000000,-0.000000,1.000000,0.000000,0.169824,0.000000,0.000000,1.000000;;
        }
       }
      }

      Frame Bip01_L_Clavicle {
       

       FrameTransformMatrix {
        -0.205975,0.976135,0.068811,0.000000,0.943873,0.216738,-0.249254,0.000000,-0.258220,0.013609,-0.965990,0.000000,-0.024734,0.015166,0.002017,1.000000;;
       }

       Frame Bip01_L_UpperArm {
        

        FrameTransformMatrix {
         0.385871,-0.777669,0.496320,0.000000,0.922466,0.332598,-0.196046,0.000000,-0.012616,0.533487,0.845714,0.000000,0.087086,-0.000000,-0.000000,1.000000;;
        }

        Frame Bip01_L_Forearm {
         

         FrameTransformMatrix {
          0.943939,0.000000,-0.330119,0.000000,0.000000,1.000000,-0.000000,0.000000,0.330119,-0.000000,0.943939,0.000000,0.137062,0.000000,0.000000,1.000000;;
         }

         Frame Bip01_L_Hand {
          

          FrameTransformMatrix {
           1.000000,-0.000000,0.000000,0.000000,0.000000,0.000796,1.000000,0.000000,0.000000,-1.000000,0.000796,0.000000,0.137062,0.000000,0.000000,1.000000;;
          }

          Frame Bip01_L_Finger0 {
           

           FrameTransformMatrix {
            0.690342,-0.181727,0.700288,0.000000,0.558537,0.749101,-0.356210,0.000000,-0.459853,0.637043,0.618637,0.000000,0.057681,-0.023605,-0.000272,1.000000;;
           }

           Frame Bip01_L_Finger0Nub {
            

            FrameTransformMatrix {
             1.000000,0.000000,0.000000,0.000000,0.000000,1.000000,0.000000,0.000000,-0.000000,0.000000,1.000000,0.000000,0.029435,-0.000000,-0.000000,1.000000;;
            }
           }
          }

          Frame Bip01_L_Finger1 {
           

           FrameTransformMatrix {
            0.728079,-0.000546,0.685493,0.000000,0.000000,1.000000,0.000796,0.000000,-0.685493,-0.000580,0.728079,0.000000,0.084102,0.000000,0.000000,1.000000;;
           }

           Frame Bip01_L_Finger1Nub {
            

            FrameTransformMatrix {
             1.000000,0.000000,0.000000,0.000000,-0.000000,1.000000,-0.000000,0.000000,-0.000000,0.000000,1.000000,0.000000,0.047988,0.000000,-0.000000,1.000000;;
            }
           }
          }
         }
        }
       }
      }

      Frame Bip01_R_Clavicle {
       

       FrameTransformMatrix {
        -0.028509,-0.999573,-0.006461,0.000000,-0.965665,0.025871,0.258498,0.000000,-0.258220,0.013609,-0.965990,0.000000,-0.024080,-0.016250,0.001399,1.000000;;
       }

       Frame Bip01_R_UpperArm {
        

        FrameTransformMatrix {
         0.221390,0.975047,0.016433,0.000000,-0.974986,0.221654,-0.016512,0.000000,-0.019742,-0.012366,0.999729,0.000000,0.087086,0.000000,0.000000,1.000000;;
        }

        Frame Bip01_R_Forearm {
         

         FrameTransformMatrix {
          0.915660,-0.000000,-0.401954,0.000000,-0.000000,1.000000,-0.000000,0.000000,0.401954,-0.000000,0.915660,0.000000,0.137062,0.000000,0.000000,1.000000;;
         }

         Frame Bip01_R_Hand {
          

          FrameTransformMatrix {
           0.975195,-0.000000,-0.221346,0.000000,-0.221346,0.000796,-0.975195,0.000000,0.000176,1.000000,0.000777,0.000000,0.137062,-0.000000,0.000000,1.000000;;
          }

          Frame Bip01_R_Finger0 {
           

           FrameTransformMatrix {
            0.417774,-0.116941,0.900994,0.000000,-0.558537,0.749101,0.356210,0.000000,-0.716591,-0.652054,0.247639,0.000000,0.057681,0.023605,-0.000272,1.000000;;
           }

           Frame Bip01_R_Finger0Nub {
            

            FrameTransformMatrix {
             -1.000000,-0.000000,0.000000,0.000000,-0.000000,1.000000,0.000000,0.000000,-0.000000,0.000000,-1.000000,0.000000,0.029435,-0.000000,0.000000,1.000000;;
            }
           }
          }

          Frame Bip01_R_Finger1 {
           

           FrameTransformMatrix {
            0.352436,0.000745,0.935835,0.000000,0.000000,1.000000,-0.000796,0.000000,-0.935836,0.000281,0.352436,0.000000,0.084102,0.000000,0.000000,1.000000;;
           }

           Frame Bip01_R_Finger1Nub {
            

            FrameTransformMatrix {
             -1.000000,0.000000,0.000000,0.000000,0.000000,1.000000,-0.000000,0.000000,0.000000,-0.000000,-1.000000,0.000000,0.047988,0.000000,0.000000,1.000000;;
            }
           }
          }
         }
        }
       }
      }
     }

     Frame Bip01_BackPack {
      

      FrameTransformMatrix {
       0.180560,0.080500,-0.980264,0.000000,0.047560,0.994764,0.090451,0.000000,0.982413,-0.062954,0.175786,0.000000,0.063697,0.000003,-0.088856,1.000000;;
      }

      Frame Bip01_BackPackNub {
       

       FrameTransformMatrix {
        0.000796,0.000003,1.000000,0.000000,0.000000,-1.000000,0.000003,0.000000,1.000000,-0.000000,-0.000796,0.000000,0.053240,0.000000,0.000000,1.000000;;
       }
      }
     }
    }

    Frame Bip01_L_Thigh {
     

     FrameTransformMatrix {
      -0.888504,0.030427,0.457858,0.000000,-0.032107,-0.999476,0.004114,0.000000,0.457744,-0.011045,0.889016,0.000000,-0.050843,0.055225,-0.008917,1.000000;;
     }

     Frame Bip01_L_Calf {
      

      FrameTransformMatrix {
       0.942235,-0.000000,-0.334952,0.000000,-0.000000,1.000000,-0.000000,0.000000,0.334952,-0.000000,0.942235,0.000000,0.237500,0.000000,-0.000000,1.000000;;
      }

      Frame Bip01_L_Foot {
       

       FrameTransformMatrix {
        0.924325,-0.026487,0.380687,0.000000,-0.068962,0.969570,0.234901,0.000000,-0.375325,-0.243378,0.894371,0.000000,0.206841,0.000000,0.000000,1.000000;;
       }

       Frame Bip01_L_Toe0 {
        

        FrameTransformMatrix {
         0.000000,0.000000,1.000000,0.000000,0.000000,1.000000,-0.000000,0.000000,-1.000000,0.000000,0.000000,0.000000,0.065373,0.000000,0.066450,1.000000;;
        }

        Frame Bip01_L_Toe0Nub {
         

         FrameTransformMatrix {
          -1.000000,0.000000,0.000000,0.000000,0.000000,1.000000,0.000000,0.000000,0.000000,0.000000,-1.000000,0.000000,0.006735,-0.000000,-0.000000,1.000000;;
         }
        }
       }
      }
     }
    }

    Frame Bip01_R_Thigh {
     

     FrameTransformMatrix {
      -0.996965,0.030321,-0.071704,0.000000,-0.029454,-0.999480,-0.013113,0.000000,-0.072065,-0.010961,0.997340,0.000000,-0.050843,-0.055225,-0.008917,1.000000;;
     }

     Frame Bip01_R_Calf {
      

      FrameTransformMatrix {
       0.730239,0.000000,-0.683192,0.000000,0.000000,1.000000,0.000000,0.000000,0.683192,0.000000,0.730239,0.000000,0.237500,0.000000,0.000000,1.000000;;
      }

      Frame Bip01_R_Foot {
       

       FrameTransformMatrix {
        0.991957,0.087165,-0.091782,0.000000,-0.093276,0.993546,-0.064539,0.000000,0.085565,0.072581,0.993685,0.000000,0.206841,0.000000,0.000000,1.000000;;
       }

       Frame Bip01_R_Toe0 {
        

        FrameTransformMatrix {
         0.000000,0.000000,1.000000,0.000000,0.000000,1.000000,-0.000000,0.000000,-1.000000,0.000000,0.000000,0.000000,0.065373,0.000000,0.066450,1.000000;;
        }

        Frame Bip01_R_Toe0Nub {
         

         FrameTransformMatrix {
          1.000000,0.000000,0.000000,0.000000,0.000000,1.000000,-0.000000,0.000000,-0.000000,-0.000000,1.000000,0.000000,0.006735,-0.000000,-0.000000,1.000000;;
         }
        }
       }
      }
     }
    }
   }

   Frame Bip01_DressFront {
    

    FrameTransformMatrix {
     -0.880185,-0.088339,0.466338,0.000000,0.121847,0.907542,0.401896,0.000000,-0.458725,0.410564,-0.788041,0.000000,-0.043935,0.001339,0.061057,1.000000;;
    }

    Frame Bip01_DressFront02 {
     

     FrameTransformMatrix {
      0.912593,0.000001,0.408870,0.000000,-0.000001,1.000000,-0.000000,0.000000,-0.408870,-0.000000,0.912593,0.000000,0.183378,-0.000000,-0.000120,1.000000;;
     }

     Frame Bip01_DressFrontNub {
      

      FrameTransformMatrix {
       0.000796,0.000003,1.000000,0.000000,0.000000,-1.000000,0.000003,0.000000,1.000000,0.000000,-0.000796,0.000000,0.165302,0.000000,0.000000,1.000000;;
      }
     }
    }
   }

   Frame Bip01_DressBack {
    

    FrameTransformMatrix {
     -0.886023,0.038029,0.462080,0.000000,0.191625,0.937561,0.290274,0.000000,-0.422190,0.345735,-0.837988,0.000000,-0.047673,-0.000048,-0.078302,1.000000;;
    }

    Frame Bip01_DressBack02 {
     

     FrameTransformMatrix {
      0.936852,0.174932,-0.302833,0.000000,-0.166408,0.984581,0.053939,0.000000,0.307600,-0.000139,0.951516,0.000000,0.176125,0.000000,-0.000103,1.000000;;
     }

     Frame Bip01_DressBackNub {
      

      FrameTransformMatrix {
       0.000796,0.000003,1.000000,0.000000,0.000000,-1.000000,0.000003,0.000000,1.000000,0.000000,-0.000796,0.000000,0.136508,0.000000,0.000000,1.000000;;
      }
     }
    }
   }
  }

  Frame Bip01_Prop1 {
   

   FrameTransformMatrix {
    -0.233929,-0.108090,0.966227,0.000000,0.687222,0.684611,0.242967,0.000000,-0.687752,0.720849,-0.085868,0.000000,0.076452,-0.048658,-0.145664,1.000000;;
   }
  }

  Frame Bip01_Prop2 {
   

   FrameTransformMatrix {
    -0.163643,-0.967062,0.194966,0.000000,0.985576,-0.168906,-0.010564,0.000000,0.043147,0.190425,0.980753,0.000000,-0.138405,-0.102098,0.114818,1.000000;;
   }
  }
 }
}

Frame Translation_Data {
 

 FrameTransformMatrix {
  -0.000000,0.000000,-1.000000,0.000000,-1.000000,-0.000000,0.000000,0.000000,-0.000000,1.000000,0.000000,0.000000,0.000000,-0.000000,0.000000,1.000000;;
 }
}

Frame Satchel_LHand {
 

 FrameTransformMatrix {
  1.000000,0.000000,0.000000,0.000000,-0.000000,1.000000,-0.000000,0.000000,-0.000000,0.000000,1.000000,0.000000,0.000000,0.000000,0.000000,1.000000;;
 }

 Mesh Satchel_LHand {
  484;
  0.436076;0.691405;0.138836;,
  0.441193;0.700137;0.130061;,
  0.441391;0.700764;0.136070;,
  0.441193;0.700137;0.130061;,
  0.436076;0.691405;0.138836;,
  0.435878;0.690778;0.132827;,
  0.416503;0.695513;0.136041;,
  0.435691;0.702519;0.128552;,
  0.417211;0.695232;0.126464;,
  0.435691;0.702519;0.128552;,
  0.416503;0.695513;0.136041;,
  0.434464;0.703873;0.135648;,
  0.421402;0.690494;0.141356;,
  0.434464;0.703873;0.135648;,
  0.416503;0.695513;0.136041;,
  0.427130;0.690750;0.138558;,
  0.422025;0.688601;0.126036;,
  0.427130;0.690750;0.138558;,
  0.421402;0.690494;0.141356;,
  0.427130;0.690750;0.138558;,
  0.422025;0.688601;0.126036;,
  0.428493;0.689248;0.129098;,
  0.417211;0.695232;0.126464;,
  0.428493;0.689248;0.129098;,
  0.422025;0.688601;0.126036;,
  0.435691;0.702519;0.128552;,
  0.412673;0.668476;0.137922;,
  0.417211;0.695232;0.126464;,
  0.413583;0.671923;0.126573;,
  0.417211;0.695232;0.126464;,
  0.412673;0.668476;0.137922;,
  0.416503;0.695513;0.136041;,
  0.420620;0.668954;0.140888;,
  0.412673;0.668476;0.137922;,
  0.421770;0.672222;0.125864;,
  0.421402;0.690494;0.141356;,
  0.420620;0.668954;0.140888;,
  0.421402;0.690494;0.141356;,
  0.421770;0.672222;0.125864;,
  0.422025;0.688601;0.126036;,
  0.413583;0.671923;0.126573;,
  0.421770;0.672222;0.125864;,
  0.429210;0.648475;0.135016;,
  0.413583;0.671923;0.126573;,
  0.430692;0.653892;0.120602;,
  0.413583;0.671923;0.126573;,
  0.429210;0.648475;0.135016;,
  0.412673;0.668476;0.137922;,
  0.429210;0.648475;0.135016;,
  0.446849;0.643490;0.134500;,
  0.448099;0.649160;0.124137;,
  0.420620;0.668954;0.140888;,
  0.446849;0.643490;0.134500;,
  0.420620;0.668954;0.140888;,
  0.448099;0.649160;0.124137;,
  0.421770;0.672222;0.125864;,
  0.430692;0.653892;0.120602;,
  0.448099;0.649160;0.124137;,
  0.454173;0.628403;0.112312;,
  0.430692;0.653892;0.120602;,
  0.457873;0.637525;0.110853;,
  0.430692;0.653892;0.120602;,
  0.454173;0.628403;0.112312;,
  0.429210;0.648475;0.135016;,
  0.467436;0.621847;0.114509;,
  0.454173;0.628403;0.112312;,
  0.472478;0.633057;0.113928;,
  0.446849;0.643490;0.134500;,
  0.467436;0.621847;0.114509;,
  0.446849;0.643490;0.134500;,
  0.472478;0.633057;0.113928;,
  0.448099;0.649160;0.124137;,
  0.457873;0.637525;0.110853;,
  0.472478;0.633057;0.113928;,
  0.466688;0.618357;0.083777;,
  0.457873;0.637525;0.110853;,
  0.471873;0.627207;0.081752;,
  0.457873;0.637525;0.110853;,
  0.466688;0.618357;0.083777;,
  0.454173;0.628403;0.112312;,
  0.480545;0.610574;0.084566;,
  0.466688;0.618357;0.083777;,
  0.486491;0.620241;0.083922;,
  0.467436;0.621847;0.114509;,
  0.480545;0.610574;0.084566;,
  0.467436;0.621847;0.114509;,
  0.486491;0.620241;0.083922;,
  0.472478;0.633057;0.113928;,
  0.471873;0.627207;0.081752;,
  0.486491;0.620241;0.083922;,
  0.451840;0.680018;-0.043825;,
  0.444145;0.667993;-0.049721;,
  0.449902;0.678437;-0.051507;,
  0.444145;0.667993;-0.049721;,
  0.451840;0.680018;-0.043825;,
  0.446083;0.669574;-0.042039;,
  0.430255;0.661870;-0.041809;,
  0.428789;0.640835;-0.038983;,
  0.438069;0.646786;-0.039645;,
  0.428789;0.640835;-0.038983;,
  0.430255;0.661870;-0.041809;,
  0.422076;0.665157;-0.042496;,
  0.423437;0.660545;-0.052567;,
  0.428789;0.640835;-0.038983;,
  0.422076;0.665157;-0.042496;,
  0.428595;0.639210;-0.049486;,
  0.441777;0.643142;-0.048807;,
  0.423437;0.660545;-0.052567;,
  0.427964;0.660972;-0.052306;,
  0.423437;0.660545;-0.052567;,
  0.441777;0.643142;-0.048807;,
  0.428595;0.639210;-0.049486;,
  0.427964;0.660972;-0.052306;,
  0.438069;0.646786;-0.039645;,
  0.441777;0.643142;-0.048807;,
  0.430255;0.661870;-0.041809;,
  0.451313;0.621664;-0.031787;,
  0.438069;0.646786;-0.039645;,
  0.428789;0.640835;-0.038983;,
  0.438069;0.646786;-0.039645;,
  0.451313;0.621664;-0.031787;,
  0.457945;0.628654;-0.033507;,
  0.451313;0.621664;-0.031787;,
  0.460704;0.616187;-0.043747;,
  0.428595;0.639210;-0.049486;,
  0.466478;0.622566;-0.044769;,
  0.460704;0.616187;-0.043747;,
  0.466478;0.622566;-0.044769;,
  0.428595;0.639210;-0.049486;,
  0.441777;0.643142;-0.048807;,
  0.457945;0.628654;-0.033507;,
  0.466478;0.622566;-0.044769;,
  0.457945;0.628654;-0.033507;,
  0.466917;0.610508;-0.011912;,
  0.470559;0.620412;-0.011695;,
  0.466917;0.610508;-0.011912;,
  0.457945;0.628654;-0.033507;,
  0.451313;0.621664;-0.031787;,
  0.483043;0.602779;-0.014891;,
  0.466917;0.610508;-0.011912;,
  0.486138;0.611750;-0.014758;,
  0.460704;0.616187;-0.043747;,
  0.466478;0.622566;-0.044769;,
  0.460704;0.616187;-0.043747;,
  0.486138;0.611750;-0.014758;,
  0.483043;0.602779;-0.014891;,
  0.486138;0.611750;-0.014758;,
  0.470559;0.620412;-0.011695;,
  0.470559;0.620412;-0.011695;,
  0.469058;0.609884;0.019733;,
  0.474810;0.618777;0.018103;,
  0.469058;0.609884;0.019733;,
  0.470559;0.620412;-0.011695;,
  0.466917;0.610508;-0.011912;,
  0.484874;0.602072;0.019264;,
  0.469058;0.609884;0.019733;,
  0.483043;0.602779;-0.014891;,
  0.490626;0.610965;0.017633;,
  0.484874;0.602072;0.019264;,
  0.490626;0.610965;0.017633;,
  0.483043;0.602779;-0.014891;,
  0.486138;0.611750;-0.014758;,
  0.474810;0.618777;0.018103;,
  0.490626;0.610965;0.017633;,
  0.474810;0.618777;0.018103;,
  0.470522;0.611456;0.050662;,
  0.476828;0.620777;0.051005;,
  0.470522;0.611456;0.050662;,
  0.474810;0.618777;0.018103;,
  0.469058;0.609884;0.019733;,
  0.486960;0.603462;0.051542;,
  0.470522;0.611456;0.050662;,
  0.484874;0.602072;0.019264;,
  0.493283;0.612743;0.051758;,
  0.486960;0.603462;0.051542;,
  0.493283;0.612743;0.051758;,
  0.484874;0.602072;0.019264;,
  0.490626;0.610965;0.017633;,
  0.476828;0.620777;0.051005;,
  0.493283;0.612743;0.051758;,
  0.470522;0.611456;0.050662;,
  0.471873;0.627207;0.081752;,
  0.476828;0.620777;0.051005;,
  0.471873;0.627207;0.081752;,
  0.470522;0.611456;0.050662;,
  0.466688;0.618357;0.083777;,
  0.493283;0.612743;0.051758;,
  0.480545;0.610574;0.084566;,
  0.486960;0.603462;0.051542;,
  0.480545;0.610574;0.084566;,
  0.493283;0.612743;0.051758;,
  0.486491;0.620241;0.083922;,
  0.435878;0.690778;0.132827;,
  0.441193;0.700137;0.130061;,
  0.428493;0.689248;0.129098;,
  0.436076;0.691405;0.138836;,
  0.427130;0.690750;0.138558;,
  0.436076;0.691405;0.138836;,
  0.428493;0.689248;0.129098;,
  0.435878;0.690778;0.132827;,
  0.441391;0.700764;0.136070;,
  0.436076;0.691405;0.138836;,
  0.434464;0.703873;0.135648;,
  0.441193;0.700137;0.130061;,
  0.435691;0.702519;0.128552;,
  0.441193;0.700137;0.130061;,
  0.434464;0.703873;0.135648;,
  0.441391;0.700764;0.136070;,
  0.432395;0.670579;-0.052478;,
  0.427964;0.660972;-0.052306;,
  0.423437;0.660545;-0.052567;,
  0.427964;0.660972;-0.052306;,
  0.432395;0.670579;-0.052478;,
  0.434363;0.669123;-0.046695;,
  0.434363;0.669123;-0.046695;,
  0.428123;0.679261;-0.045214;,
  0.428123;0.679261;-0.045214;,
  0.422076;0.665157;-0.042496;,
  0.430255;0.661870;-0.041809;,
  0.422076;0.665157;-0.042496;,
  0.428123;0.679261;-0.045214;,
  0.428156;0.679444;-0.053832;,
  0.428156;0.679444;-0.053832;,
  0.432395;0.670579;-0.052478;,
  0.432395;0.670579;-0.052478;,
  0.440123;0.670224;-0.044064;,
  0.434363;0.669123;-0.046695;,
  0.440123;0.670224;-0.044064;,
  0.432395;0.670579;-0.052478;,
  0.439299;0.669093;-0.052569;,
  0.442227;0.683950;-0.044881;,
  0.440123;0.670224;-0.044064;,
  0.428123;0.679261;-0.045214;,
  0.441403;0.682820;-0.053386;,
  0.428156;0.679444;-0.053832;,
  0.441403;0.682820;-0.053386;,
  0.428123;0.679261;-0.045214;,
  0.442227;0.683950;-0.044881;,
  0.439299;0.669093;-0.052569;,
  0.441403;0.682820;-0.053386;,
  0.439299;0.669093;-0.052569;,
  0.446083;0.669574;-0.042039;,
  0.440123;0.670224;-0.044064;,
  0.446083;0.669574;-0.042039;,
  0.439299;0.669093;-0.052569;,
  0.444145;0.667993;-0.049721;,
  0.451840;0.680018;-0.043825;,
  0.446083;0.669574;-0.042039;,
  0.442227;0.683950;-0.044881;,
  0.449902;0.678437;-0.051507;,
  0.441403;0.682820;-0.053386;,
  0.449902;0.678437;-0.051507;,
  0.442227;0.683950;-0.044881;,
  0.451840;0.680018;-0.043825;,
  0.444145;0.667993;-0.049721;,
  0.449902;0.678437;-0.051507;,
  0.533263;0.614821;0.141109;,
  0.559422;0.627593;-0.029540;,
  0.553352;0.646783;0.138179;,
  0.539334;0.595631;-0.026610;,
  0.432994;0.676858;0.130381;,
  0.459153;0.689629;-0.040268;,
  0.439064;0.657667;-0.037337;,
  0.453082;0.708820;0.127451;,
  0.519294;0.611513;0.140982;,
  0.482593;0.616138;-0.031010;,
  0.525365;0.592322;-0.026737;,
  0.476523;0.635329;0.136708;,
  0.442217;0.643766;-0.035633;,
  0.436147;0.662957;0.132086;,
  0.528722;0.593801;-0.029431;,
  0.486644;0.621779;-0.035645;,
  0.534568;0.594334;-0.030771;,
  0.484254;0.618332;-0.033848;,
  0.558127;0.631817;-0.034207;,
  0.491643;0.675156;-0.041572;,
  0.493865;0.679049;-0.040447;,
  0.556191;0.637506;-0.033438;,
  0.440717;0.652400;-0.040812;,
  0.442485;0.647157;-0.038658;,
  0.464275;0.689883;-0.044248;,
  0.469954;0.690862;-0.042664;,
  0.556269;0.641494;-0.031245;,
  0.489267;0.701031;0.129652;,
  0.550199;0.660684;0.136474;,
  0.495337;0.681840;-0.038067;,
  0.496530;0.684444;-0.038321;,
  0.467051;0.712128;0.127578;,
  0.490459;0.703635;0.129397;,
  0.473122;0.692937;-0.040140;,
  0.549931;0.657294;0.139499;,
  0.485037;0.695110;0.133951;,
  0.551520;0.651770;0.141316;,
  0.487606;0.698837;0.132490;,
  0.480038;0.641732;0.139878;,
  0.527962;0.614288;0.144752;,
  0.477994;0.638120;0.139089;,
  0.522463;0.613589;0.143505;,
  0.457669;0.709836;0.131276;,
  0.463694;0.710649;0.130272;,
  0.434111;0.672354;0.134712;,
  0.436225;0.666945;0.134279;,
  0.519294;0.611513;0.140982;,
  0.527098;0.610929;0.141331;,
  0.533169;0.591739;-0.026388;,
  0.525365;0.592322;-0.026737;,
  0.533263;0.614821;0.141109;,
  0.539334;0.595631;-0.026610;,
  0.553352;0.646783;0.138179;,
  0.554161;0.653988;0.137383;,
  0.559422;0.627593;-0.029540;,
  0.560232;0.634798;-0.030335;,
  0.432184;0.669653;0.131176;,
  0.436147;0.662957;0.132086;,
  0.442217;0.643766;-0.035633;,
  0.438255;0.650463;-0.036542;,
  0.432994;0.676858;0.130381;,
  0.439064;0.657667;-0.037337;,
  0.453082;0.708820;0.127451;,
  0.459247;0.712712;0.127229;,
  0.459153;0.689629;-0.040268;,
  0.465318;0.693521;-0.040490;,
  0.527098;0.610929;0.141331;,
  0.533169;0.591739;-0.026388;,
  0.533169;0.591739;-0.026388;,
  0.527098;0.610929;0.141331;,
  0.560232;0.634798;-0.030335;,
  0.554161;0.653988;0.137383;,
  0.432184;0.669653;0.131176;,
  0.438255;0.650463;-0.036542;,
  0.459247;0.712712;0.127229;,
  0.465318;0.693521;-0.040490;,
  0.482593;0.616138;-0.031010;,
  0.476523;0.635329;0.136708;,
  0.500986;0.679998;-0.017851;,
  0.497550;0.697231;0.109745;,
  0.496358;0.694627;0.110000;,
  0.502178;0.682602;-0.018106;,
  0.489267;0.701031;0.129652;,
  0.495337;0.681840;-0.038067;,
  0.495337;0.681840;-0.038067;,
  0.496358;0.694627;0.110000;,
  0.489267;0.701031;0.129652;,
  0.496358;0.694627;0.110000;,
  0.495337;0.681840;-0.038067;,
  0.500986;0.679998;-0.017851;,
  0.502178;0.682602;-0.018106;,
  0.497550;0.697231;0.109745;,
  0.454832;0.681314;0.141181;,
  0.460795;0.690191;0.133994;,
  0.460476;0.691009;0.140194;,
  0.455152;0.680497;0.134981;,
  0.436442;0.691783;0.138852;,
  0.442405;0.700660;0.131665;,
  0.436762;0.690965;0.132652;,
  0.442085;0.701477;0.137865;,
  0.454832;0.681314;0.141181;,
  0.436762;0.690965;0.132652;,
  0.455152;0.680497;0.134981;,
  0.436442;0.691783;0.138852;,
  0.455152;0.680497;0.134981;,
  0.442405;0.700660;0.131665;,
  0.460795;0.690191;0.133994;,
  0.436762;0.690965;0.132652;,
  0.460795;0.690191;0.133994;,
  0.442085;0.701477;0.137865;,
  0.460476;0.691009;0.140194;,
  0.442405;0.700660;0.131665;,
  0.460476;0.691009;0.140194;,
  0.436442;0.691783;0.138852;,
  0.454832;0.681314;0.141181;,
  0.442085;0.701477;0.137865;,
  0.464757;0.658166;-0.041255;,
  0.470721;0.667043;-0.048442;,
  0.470401;0.667861;-0.042241;,
  0.465077;0.657349;-0.047455;,
  0.446367;0.668635;-0.043583;,
  0.452330;0.677512;-0.050771;,
  0.446687;0.667817;-0.049784;,
  0.452010;0.678329;-0.044570;,
  0.464757;0.658166;-0.041255;,
  0.446687;0.667817;-0.049784;,
  0.465077;0.657349;-0.047455;,
  0.446367;0.668635;-0.043583;,
  0.465077;0.657349;-0.047455;,
  0.452330;0.677512;-0.050771;,
  0.470721;0.667043;-0.048442;,
  0.446687;0.667817;-0.049784;,
  0.470721;0.667043;-0.048442;,
  0.452010;0.678329;-0.044570;,
  0.470401;0.667861;-0.042241;,
  0.452330;0.677512;-0.050771;,
  0.470401;0.667861;-0.042241;,
  0.446367;0.668635;-0.043583;,
  0.464757;0.658166;-0.041255;,
  0.452010;0.678329;-0.044570;,
  0.448822;0.690414;0.074073;,
  0.443652;0.680362;0.067505;,
  0.449127;0.689594;0.066705;,
  0.443347;0.681181;0.074873;,
  0.429887;0.700933;0.064788;,
  0.421964;0.691170;0.042526;,
  0.429202;0.699372;0.041914;,
  0.424412;0.691701;0.065588;,
  0.426293;0.686646;0.020142;,
  0.431768;0.695878;0.019342;,
  0.451008;0.684539;0.021259;,
  0.445838;0.674487;0.014691;,
  0.451313;0.683719;0.013891;,
  0.445533;0.675307;0.022059;,
  0.440518;0.695261;0.073190;,
  0.421125;0.693620;0.065239;,
  0.435044;0.686029;0.073990;,
  0.426600;0.702852;0.064438;,
  0.418677;0.693089;0.042177;,
  0.424151;0.702321;0.041376;,
  0.423006;0.688565;0.019793;,
  0.428481;0.697797;0.018992;,
  0.437535;0.679335;0.013808;,
  0.443010;0.688567;0.013008;,
  0.435044;0.686029;0.073990;,
  0.421125;0.693620;0.065239;,
  0.424412;0.691701;0.065588;,
  0.418677;0.693089;0.042177;,
  0.421964;0.691170;0.042526;,
  0.423006;0.688565;0.019793;,
  0.426293;0.686646;0.020142;,
  0.437535;0.679335;0.013808;,
  0.443010;0.688567;0.013008;,
  0.428481;0.697797;0.018992;,
  0.431768;0.695878;0.019342;,
  0.424151;0.702321;0.041376;,
  0.429202;0.699372;0.041914;,
  0.426600;0.702852;0.064438;,
  0.429887;0.700933;0.064788;,
  0.440518;0.695261;0.073190;,
  0.440518;0.695261;0.073190;,
  0.449127;0.689594;0.066705;,
  0.429887;0.700933;0.064788;,
  0.449127;0.689594;0.066705;,
  0.440518;0.695261;0.073190;,
  0.448822;0.690414;0.074073;,
  0.429887;0.700933;0.064788;,
  0.443652;0.680362;0.067505;,
  0.424412;0.691701;0.065588;,
  0.443652;0.680362;0.067505;,
  0.429887;0.700933;0.064788;,
  0.449127;0.689594;0.066705;,
  0.424412;0.691701;0.065588;,
  0.443347;0.681181;0.074873;,
  0.435044;0.686029;0.073990;,
  0.443347;0.681181;0.074873;,
  0.424412;0.691701;0.065588;,
  0.443652;0.680362;0.067505;,
  0.435044;0.686029;0.073990;,
  0.448822;0.690414;0.074073;,
  0.440518;0.695261;0.073190;,
  0.448822;0.690414;0.074073;,
  0.435044;0.686029;0.073990;,
  0.443347;0.681181;0.074873;,
  0.426293;0.686646;0.020142;,
  0.451008;0.684539;0.021259;,
  0.431768;0.695878;0.019342;,
  0.451008;0.684539;0.021259;,
  0.426293;0.686646;0.020142;,
  0.445533;0.675307;0.022059;,
  0.431768;0.695878;0.019342;,
  0.451313;0.683719;0.013891;,
  0.443010;0.688567;0.013008;,
  0.451313;0.683719;0.013891;,
  0.431768;0.695878;0.019342;,
  0.451008;0.684539;0.021259;,
  0.443010;0.688567;0.013008;,
  0.445838;0.674487;0.014691;,
  0.437535;0.679335;0.013808;,
  0.445838;0.674487;0.014691;,
  0.443010;0.688567;0.013008;,
  0.451313;0.683719;0.013891;,
  0.437535;0.679335;0.013808;,
  0.445533;0.675307;0.022059;,
  0.426293;0.686646;0.020142;,
  0.445533;0.675307;0.022059;,
  0.437535;0.679335;0.013808;,
  0.445838;0.674487;0.014691;;
  304;
  3;0,1,2;,
  3;3,4,5;,
  3;6,7,8;,
  3;9,10,11;,
  3;12,13,14;,
  3;13,12,15;,
  3;16,17,18;,
  3;19,20,21;,
  3;22,23,24;,
  3;23,22,25;,
  3;26,27,28;,
  3;29,30,31;,
  3;32,14,33;,
  3;14,32,12;,
  3;34,35,36;,
  3;37,38,39;,
  3;40,24,41;,
  3;24,40,22;,
  3;42,43,44;,
  3;45,46,47;,
  3;48,32,33;,
  3;32,48,49;,
  3;50,51,52;,
  3;53,54,55;,
  3;56,41,57;,
  3;41,56,40;,
  3;58,59,60;,
  3;61,62,63;,
  3;64,48,65;,
  3;48,64,49;,
  3;66,67,68;,
  3;69,70,71;,
  3;72,57,73;,
  3;57,72,56;,
  3;74,75,76;,
  3;77,78,79;,
  3;80,65,81;,
  3;65,80,64;,
  3;82,83,84;,
  3;85,86,87;,
  3;88,73,89;,
  3;73,88,72;,
  3;90,91,92;,
  3;93,94,95;,
  3;96,97,98;,
  3;99,100,101;,
  3;102,103,104;,
  3;103,102,105;,
  3;106,107,108;,
  3;109,110,111;,
  3;112,113,114;,
  3;113,112,115;,
  3;116,117,118;,
  3;119,120,121;,
  3;105,122,103;,
  3;122,105,123;,
  3;124,125,126;,
  3;127,128,129;,
  3;130,114,113;,
  3;114,130,131;,
  3;132,133,134;,
  3;135,136,137;,
  3;122,138,139;,
  3;138,122,123;,
  3;140,141,142;,
  3;143,144,145;,
  3;130,146,131;,
  3;146,130,147;,
  3;148,149,150;,
  3;151,152,153;,
  3;139,154,155;,
  3;154,139,138;,
  3;156,157,158;,
  3;159,160,161;,
  3;146,162,163;,
  3;162,146,147;,
  3;164,165,166;,
  3;167,168,169;,
  3;155,170,171;,
  3;170,155,154;,
  3;172,173,174;,
  3;175,176,177;,
  3;163,178,179;,
  3;178,163,162;,
  3;178,89,179;,
  3;89,178,88;,
  3;180,181,182;,
  3;183,184,185;,
  3;170,81,171;,
  3;81,170,80;,
  3;186,187,188;,
  3;189,190,191;,
  3;25,192,23;,
  3;192,25,193;,
  3;194,195,196;,
  3;197,198,199;,
  3;15,200,13;,
  3;200,15,201;,
  3;202,203,204;,
  3;205,206,207;,
  3;208,209,210;,
  3;211,212,213;,
  3;214,115,112;,
  3;115,214,215;,
  3;216,217,218;,
  3;219,220,221;,
  3;102,222,223;,
  3;222,102,104;,
  3;224,225,226;,
  3;227,228,229;,
  3;214,230,215;,
  3;230,214,231;,
  3;232,233,234;,
  3;235,236,237;,
  3;222,238,223;,
  3;238,222,239;,
  3;240,241,242;,
  3;243,244,245;,
  3;231,246,230;,
  3;246,231,247;,
  3;248,249,250;,
  3;251,252,253;,
  3;239,254,238;,
  3;254,239,255;,
  3;256,257,258;,
  3;257,256,259;,
  3;260,261,262;,
  3;261,260,263;,
  3;264,265,266;,
  3;265,264,267;,
  3;267,268,265;,
  3;268,267,269;,
  3;270,271,272;,
  3;271,270,273;,
  3;271,274,272;,
  3;274,271,275;,
  3;274,276,277;,
  3;276,274,275;,
  3;273,278,271;,
  3;278,273,279;,
  3;278,275,271;,
  3;275,278,280;,
  3;275,281,276;,
  3;281,275,280;,
  3;282,283,284;,
  3;283,282,285;,
  3;286,287,288;,
  3;287,286,289;,
  3;290,291,292;,
  3;291,290,293;,
  3;294,292,291;,
  3;292,294,295;,
  3;295,296,297;,
  3;296,295,294;,
  3;293,298,291;,
  3;298,293,299;,
  3;291,300,294;,
  3;300,291,298;,
  3;294,301,296;,
  3;301,294,300;,
  3;302,303,297;,
  3;304,305,270;,
  3;295,303,306;,
  3;304,272,307;,
  3;292,308,309;,
  3;310,274,311;,
  3;290,309,284;,
  3;311,277,282;,
  3;312,313,301;,
  3;314,315,279;,
  3;312,300,316;,
  3;278,315,317;,
  3;318,298,319;,
  3;280,320,321;,
  3;319,299,287;,
  3;281,321,289;,
  3;303,295,297;,
  3;322,259,256;,
  3;259,322,323;,
  3;304,270,272;,
  3;324,264,266;,
  3;264,324,325;,
  3;306,292,295;,
  3;292,306,308;,
  3;258,326,327;,
  3;326,258,257;,
  3;310,272,274;,
  3;272,310,307;,
  3;309,290,292;,
  3;327,282,284;,
  3;282,327,326;,
  3;311,274,277;,
  3;328,268,269;,
  3;268,328,329;,
  3;315,278,279;,
  3;329,260,262;,
  3;260,329,328;,
  3;312,301,300;,
  3;317,280,278;,
  3;280,317,320;,
  3;261,330,331;,
  3;330,261,263;,
  3;318,300,298;,
  3;300,318,316;,
  3;321,281,280;,
  3;331,287,289;,
  3;287,331,330;,
  3;319,298,299;,
  3;305,273,270;,
  3;273,305,332;,
  3;333,297,296;,
  3;297,333,302;,
  3;332,279,273;,
  3;279,332,314;,
  3;313,296,301;,
  3;296,313,333;,
  3;277,285,282;,
  3;285,277,276;,
  3;276,289,285;,
  3;289,276,281;,
  3;284,293,290;,
  3;293,284,283;,
  3;283,299,293;,
  3;299,283,287;,
  3;334,335,336;,
  3;335,334,337;,
  3;338,288,287;,
  3;289,286,339;,
  3;340,341,342;,
  3;343,344,345;,
  3;338,335,288;,
  3;335,338,336;,
  3;288,346,286;,
  3;346,288,347;,
  3;286,334,339;,
  3;334,286,337;,
  3;348,349,350;,
  3;349,348,351;,
  3;352,353,354;,
  3;353,352,355;,
  3;356,357,358;,
  3;357,356,359;,
  3;360,361,362;,
  3;361,360,363;,
  3;364,365,366;,
  3;365,364,367;,
  3;368,369,370;,
  3;369,368,371;,
  3;372,373,374;,
  3;373,372,375;,
  3;376,377,378;,
  3;377,376,379;,
  3;380,381,382;,
  3;381,380,383;,
  3;384,385,386;,
  3;385,384,387;,
  3;388,389,390;,
  3;389,388,391;,
  3;392,393,394;,
  3;393,392,395;,
  3;396,397,398;,
  3;397,396,399;,
  3;400,401,402;,
  3;401,400,403;,
  3;402,404,405;,
  3;404,402,401;,
  3;406,407,408;,
  3;407,406,409;,
  3;410,411,412;,
  3;411,410,413;,
  3;413,414,411;,
  3;414,413,415;,
  3;415,416,414;,
  3;416,415,417;,
  3;417,418,416;,
  3;418,417,419;,
  3;420,421,422;,
  3;422,423,424;,
  3;423,422,421;,
  3;424,425,426;,
  3;425,424,423;,
  3;426,425,427;,
  3;428,429,430;,
  3;430,431,432;,
  3;431,430,429;,
  3;432,433,434;,
  3;433,432,431;,
  3;434,433,435;,
  3;436,437,438;,
  3;439,440,441;,
  3;442,443,444;,
  3;445,446,447;,
  3;448,449,450;,
  3;451,452,453;,
  3;454,455,456;,
  3;457,458,459;,
  3;460,461,462;,
  3;463,464,465;,
  3;466,467,468;,
  3;469,470,471;,
  3;472,473,474;,
  3;475,476,477;,
  3;478,479,480;,
  3;481,482,483;;

  MeshNormals {
   484;
   0.872189;-0.488661;0.022302;,
   0.872189;-0.488661;0.022302;,
   0.872189;-0.488661;0.022302;,
   0.872184;-0.488670;0.022290;,
   0.872184;-0.488670;0.022290;,
   0.872184;-0.488670;0.022290;,
   -0.361014;0.930996;-0.053994;,
   -0.361014;0.930996;-0.053994;,
   -0.361014;0.930996;-0.053994;,
   -0.414044;0.878266;-0.239201;,
   -0.414044;0.878266;-0.239201;,
   -0.414044;0.878266;-0.239201;,
   -0.438034;0.216001;0.872622;,
   0.025460;0.252343;0.967303;,
   -0.441092;0.364173;0.820254;,
   0.305051;0.053388;0.950839;,
   0.105666;-0.986363;0.126189;,
   0.105666;-0.986363;0.126189;,
   0.105666;-0.986363;0.126189;,
   0.023044;-0.986855;0.159957;,
   0.023044;-0.986855;0.159957;,
   0.023044;-0.986855;0.159957;,
   0.130354;0.032456;-0.990936;,
   0.312025;-0.094885;-0.945324;,
   0.129708;0.158484;-0.978805;,
   0.219635;-0.269495;-0.937621;,
   -0.987599;0.153605;-0.032447;,
   -0.987599;0.153605;-0.032447;,
   -0.987599;0.153605;-0.032447;,
   -0.987906;0.134559;-0.077044;,
   -0.987906;0.134559;-0.077044;,
   -0.987906;0.134559;-0.077044;,
   -0.339742;-0.168190;0.925358;,
   -0.342802;-0.097130;0.934373;,
   0.996967;-0.037651;0.068107;,
   0.996967;-0.037651;0.068107;,
   0.996967;-0.037651;0.068107;,
   0.998962;-0.016027;0.042649;,
   0.998962;-0.016027;0.042649;,
   0.998962;-0.016027;0.042649;,
   -0.088128;0.095998;-0.991473;,
   -0.049812;0.164361;-0.985142;,
   -0.739435;-0.601628;-0.302123;,
   -0.739435;-0.601628;-0.302123;,
   -0.739435;-0.601628;-0.302123;,
   -0.764680;-0.597011;-0.242577;,
   -0.764680;-0.597011;-0.242577;,
   -0.764680;-0.597011;-0.242577;,
   -0.134911;-0.432907;0.891286;,
   -0.176185;-0.695494;0.696596;,
   0.684414;0.601726;0.411708;,
   0.684414;0.601726;0.411708;,
   0.684414;0.601726;0.411708;,
   0.652124;0.728887;0.208468;,
   0.652124;0.728887;0.208468;,
   0.652124;0.728887;0.208468;,
   0.263244;0.470233;-0.842368;,
   0.325644;0.763503;-0.557692;,
   -0.343374;-0.010850;-0.939136;,
   -0.343374;-0.010850;-0.939136;,
   -0.343374;-0.010850;-0.939136;,
   -0.748298;-0.591955;-0.299399;,
   -0.748298;-0.591955;-0.299399;,
   -0.748298;-0.591955;-0.299399;,
   -0.440222;-0.874857;0.202063;,
   -0.464458;-0.862048;0.202860;,
   0.558731;-0.209705;0.802399;,
   0.558731;-0.209705;0.802399;,
   0.558731;-0.209705;0.802399;,
   0.615977;0.657463;0.433952;,
   0.615977;0.657463;0.433952;,
   0.615977;0.657463;0.433952;,
   0.338656;0.863535;-0.373657;,
   0.354677;0.902166;-0.245564;,
   -0.790663;0.347974;-0.503753;,
   -0.790663;0.347974;-0.503753;,
   -0.790663;0.347974;-0.503753;,
   -0.843981;0.268096;-0.464564;,
   -0.843981;0.268096;-0.464564;,
   -0.843981;0.268096;-0.464564;,
   -0.487627;-0.867838;0.095276;,
   -0.484790;-0.869367;0.095812;,
   0.755273;-0.431662;0.493184;,
   0.755273;-0.431662;0.493184;,
   0.755273;-0.431662;0.493184;,
   0.793267;-0.330255;0.511527;,
   0.793267;-0.330255;0.511527;,
   0.793267;-0.330255;0.511527;,
   0.426804;0.892372;-0.146664;,
   0.442428;0.886351;-0.136528;,
   0.861419;-0.494563;-0.115610;,
   0.861419;-0.494563;-0.115610;,
   0.861419;-0.494563;-0.115610;,
   0.861413;-0.494585;-0.115558;,
   0.861413;-0.494585;-0.115558;,
   0.861413;-0.494585;-0.115558;,
   -0.015307;0.134210;0.990835;,
   -0.015307;0.134210;0.990835;,
   -0.015307;0.134210;0.990835;,
   -0.028843;0.135097;0.990413;,
   -0.028843;0.135097;0.990413;,
   -0.028843;0.135097;0.990413;,
   -0.965038;-0.082892;-0.248656;,
   -0.849060;-0.521131;0.086717;,
   -0.991962;-0.019794;-0.124977;,
   -0.854626;-0.515082;0.065613;,
   0.070172;-0.139453;-0.987739;,
   0.070172;-0.139453;-0.987739;,
   0.070172;-0.139453;-0.987739;,
   0.087215;-0.121707;-0.988727;,
   0.087215;-0.121707;-0.988727;,
   0.087215;-0.121707;-0.988727;,
   0.983734;0.098216;-0.150402;,
   0.766217;0.642459;-0.012544;,
   0.713500;0.700104;0.027796;,
   0.997633;0.068718;-0.002642;,
