xof 0303txt 0032
template ColorRGBA {
 <35ff44e0-6c7c-11cf-8f52-0040333594a3>
 FLOAT red;
 FLOAT green;
 FLOAT blue;
 FLOAT alpha;
}

template ColorRGB {
 <d3e16e81-7835-11cf-8f52-0040333594a3>
 FLOAT red;
 FLOAT green;
 FLOAT blue;
}

template Material {
 <3d82ab4d-62da-11cf-ab39-0020af71e433>
 ColorRGBA faceColor;
 FLOAT power;
 ColorRGB specularColor;
 ColorRGB emissiveColor;
 [...]
}

template TextureFilename {
 <a42790e1-7810-11cf-8f52-0040333594a3>
 STRING filename;
}

template Frame {
 <3d82ab46-62da-11cf-ab39-0020af71e433>
 [...]
}

template Matrix4x4 {
 <f6f23f45-7686-11cf-8f52-0040333594a3>
 array FLOAT matrix[16];
}

template FrameTransformMatrix {
 <f6f23f41-7686-11cf-8f52-0040333594a3>
 Matrix4x4 frameMatrix;
}

template Vector {
 <3d82ab5e-62da-11cf-ab39-0020af71e433>
 FLOAT x;
 FLOAT y;
 FLOAT z;
}

template MeshFace {
 <3d82ab5f-62da-11cf-ab39-0020af71e433>
 DWORD nFaceVertexIndices;
 array DWORD faceVertexIndices[nFaceVertexIndices];
}

template Mesh {
 <3d82ab44-62da-11cf-ab39-0020af71e433>
 DWORD nVertices;
 array Vector vertices[nVertices];
 DWORD nFaces;
 array MeshFace faces[nFaces];
 [...]
}

template MeshMaterialList {
 <f6f23f42-7686-11cf-8f52-0040333594a3>
 DWORD nMaterials;
 DWORD nFaceIndexes;
 array DWORD faceIndexes[nFaceIndexes];
 [Material <3d82ab4d-62da-11cf-ab39-0020af71e433>]
}

template VertexElement {
 <f752461c-1e23-48f6-b9f8-8350850f336f>
 DWORD Type;
 DWORD Method;
 DWORD Usage;
 DWORD UsageIndex;
}

template DeclData {
 <bf22e553-292c-4781-9fea-62bd554bdd93>
 DWORD nElements;
 array VertexElement Elements[nElements];
 DWORD nDWords;
 array DWORD data[nDWords];
}

template XSkinMeshHeader {
 <3cf169ce-ff7c-44ab-93c0-f78f62d172e2>
 WORD nMaxSkinWeightsPerVertex;
 WORD nMaxSkinWeightsPerFace;
 WORD nBones;
}

template SkinWeights {
 <6f0d123b-bad2-4167-a0d0-80224f25fabb>
 STRING transformNodeName;
 DWORD nWeights;
 array DWORD vertexIndices[nWeights];
 array FLOAT weights[nWeights];
 Matrix4x4 matrixOffset;
}

template AnimTicksPerSecond {
 <9e415a43-7ba6-4a73-8743-b73d47e88476>
 DWORD AnimTicksPerSecond;
}

template Animation {
 <3d82ab4f-62da-11cf-ab39-0020af71e433>
 [...]
}

template AnimationSet {
 <3d82ab50-62da-11cf-ab39-0020af71e433>
 [Animation <3d82ab4f-62da-11cf-ab39-0020af71e433>]
}

template FloatKeys {
 <10dd46a9-775b-11cf-8f52-0040333594a3>
 DWORD nValues;
 array FLOAT values[nValues];
}

template TimedFloatKeys {
 <f406b180-7b3b-11cf-8f52-0040333594a3>
 DWORD time;
 FloatKeys tfkeys;
}

template AnimationKey {
 <10dd46a8-775b-11cf-8f52-0040333594a3>
 DWORD keyType;
 DWORD nKeys;
 array TimedFloatKeys keys[nKeys];
}


Material _03_-_Default {
 1.000000;1.000000;1.000000;1.000000;;
 9.999999;
 0.000000;0.000000;0.000000;;
 0.000000;0.000000;0.000000;;

 TextureFilename {
  "MaleBody_full.png";
 }
}

Frame Dummy01 {
 

 FrameTransformMatrix {
  1.000000,0.000000,0.000000,0.000000,0.000000,-0.000000,-1.000000,0.000000,0.000000,1.000000,-0.000000,0.000000,0.000000,0.000000,0.000000,1.000000;;
 }

 Frame Bip01 {
  

  FrameTransformMatrix {
   0.094714,0.965689,0.241815,0.000000,-0.127098,-0.229189,0.965048,0.000000,0.987358,-0.122138,0.101030,0.000000,0.012600,0.007055,0.438040,1.000000;;
  }

  Frame Bip01_Pelvis {
   

   FrameTransformMatrix {
    0.000000,1.000000,-0.000001,0.000000,-0.000001,0.000001,1.000000,0.000000,1.000000,-0.000000,0.000001,0.000000,0.000000,0.000000,0.000000,1.000000;;
   }

   Frame Bip01_Spine {
    

    FrameTransformMatrix {
     0.964216,0.000002,-0.265116,0.000000,-0.000001,1.000000,0.000004,0.000000,0.265116,-0.000004,0.964216,0.000000,0.051611,0.000000,-0.000082,1.000000;;
    }

    Frame Bip01_Spine1 {
     

     FrameTransformMatrix {
      0.960963,0.251985,0.114252,0.000000,-0.236721,0.962577,-0.131946,0.000000,-0.143225,0.099750,0.984651,0.000000,0.106492,-0.000008,-0.000083,1.000000;;
     }

     Frame Bip01_Neck {
      

      FrameTransformMatrix {
       1.000000,0.000000,0.000000,0.000000,0.000000,1.000000,-0.000000,0.000000,0.000000,0.000000,1.000000,0.000000,0.130504,0.000000,0.004625,1.000000;;
      }

      Frame Bip01_Head {
       

       FrameTransformMatrix {
        0.959324,-0.275660,0.060896,0.000000,0.245921,0.921939,0.299253,0.000000,-0.138635,-0.272105,0.952228,0.000000,0.033674,0.000000,0.000000,1.000000;;
       }

       Frame Bip01_HeadNub {
        

        FrameTransformMatrix {
         1.000000,0.000000,0.000000,0.000000,0.000000,1.000000,0.000000,0.000000,0.000000,-0.000000,1.000000,0.000000,0.169824,0.000000,0.000000,1.000000;;
        }
       }
      }

      Frame Bip01_L_Clavicle {
       

       FrameTransformMatrix {
        -0.192084,0.981378,0.000150,0.000000,0.981378,0.192084,-0.000782,0.000000,-0.000796,-0.000003,-1.000000,0.000000,-0.024025,0.015714,-0.004625,1.000000;;
       }

       Frame Bip01_L_UpperArm {
        

        FrameTransformMatrix {
         0.648611,-0.734348,-0.200092,0.000000,0.697883,0.678718,-0.228696,0.000000,0.303749,0.008694,0.952713,0.000000,0.087086,0.000000,-0.000000,1.000000;;
        }

        Frame Bip01_L_Forearm {
         

         FrameTransformMatrix {
          0.735148,-0.000000,-0.677907,0.000000,0.000000,1.000000,0.000000,0.000000,0.677907,-0.000000,0.735148,0.000000,0.137062,-0.000000,0.000000,1.000000;;
         }

         Frame Bip01_L_Hand {
          

          FrameTransformMatrix {
           0.970650,0.168398,-0.171699,0.000000,0.008252,0.690196,0.723576,0.000000,0.240355,-0.703756,0.668549,0.000000,0.137062,0.000000,0.000000,1.000000;;
          }

          Frame Bip01_L_Finger0 {
           

           FrameTransformMatrix {
            0.690342,-0.181727,0.700288,0.000000,0.558537,0.749101,-0.356210,0.000000,-0.459854,0.637043,0.618637,0.000000,0.057681,-0.023605,-0.000272,1.000000;;
           }

           Frame Bip01_L_Finger0Nub {
            

            FrameTransformMatrix {
             1.000000,-0.000000,-0.000000,0.000000,-0.000000,1.000000,-0.000000,0.000000,0.000000,0.000000,1.000000,0.000000,0.029435,0.000000,0.000000,1.000000;;
            }
           }
          }

          Frame Bip01_L_Finger1 {
           

           FrameTransformMatrix {
            0.728079,-0.000546,0.685493,0.000000,-0.000000,1.000000,0.000796,0.000000,-0.685493,-0.000580,0.728079,0.000000,0.084102,0.000000,-0.000000,1.000000;;
           }

           Frame Bip01_L_Finger1Nub {
            

            FrameTransformMatrix {
             1.000000,-0.000000,0.000000,0.000000,0.000000,1.000000,0.000000,0.000000,0.000000,0.000000,1.000000,0.000000,0.047988,0.000000,0.000000,1.000000;;
            }
           }
          }
         }
        }
       }
      }

      Frame Bip01_R_Clavicle {
       

       FrameTransformMatrix {
        -0.051061,-0.998696,0.000043,0.000000,-0.998695,0.051061,0.000795,0.000000,-0.000796,-0.000003,-1.000000,0.000000,-0.024025,-0.015715,-0.004625,1.000000;;
       }

       Frame Bip01_R_UpperArm {
        

        FrameTransformMatrix {
         0.288750,0.927212,-0.238542,0.000000,-0.913134,0.341602,0.222474,0.000000,0.287767,0.153581,0.945306,0.000000,0.087086,0.000000,0.000000,1.000000;;
        }

        Frame Bip01_R_Forearm {
         

         FrameTransformMatrix {
          0.779724,0.000000,-0.626124,0.000000,0.000000,1.000000,0.000000,0.000000,0.626124,0.000000,0.779724,0.000000,0.137062,0.000000,0.000000,1.000000;;
         }

         Frame Bip01_R_Hand {
          

          FrameTransformMatrix {
           0.888980,-0.331338,-0.316117,0.000000,-0.100512,0.532289,-0.840575,0.000000,0.446780,0.779027,0.439891,0.000000,0.137062,0.000000,0.000000,1.000000;;
          }

          Frame Bip01_R_Finger0 {
           

           FrameTransformMatrix {
            0.417774,-0.116941,0.900994,0.000000,-0.558537,0.749101,0.356210,0.000000,-0.716591,-0.652054,0.247639,0.000000,0.057681,0.023605,-0.000272,1.000000;;
           }

           Frame Bip01_R_Finger0Nub {
            

            FrameTransformMatrix {
             -1.000000,0.000000,-0.000000,0.000000,0.000000,1.000000,0.000000,0.000000,-0.000000,0.000000,-1.000000,0.000000,0.029435,0.000000,0.000000,1.000000;;
            }
           }
          }

          Frame Bip01_R_Finger1 {
           

           FrameTransformMatrix {
            0.352436,0.000745,0.935835,0.000000,0.000000,1.000000,-0.000796,0.000000,-0.935836,0.000281,0.352436,0.000000,0.084102,0.000000,-0.000000,1.000000;;
           }

           Frame Bip01_R_Finger1Nub {
            

            FrameTransformMatrix {
             -1.000000,0.000000,0.000000,0.000000,0.000000,1.000000,-0.000000,0.000000,-0.000000,-0.000000,-1.000000,0.000000,0.047988,0.000000,-0.000000,1.000000;;
            }
           }
          }
         }
        }
       }
      }
     }

     Frame Bip01_BackPack {
      

      FrameTransformMatrix {
       0.180560,0.080500,-0.980264,0.000000,0.047560,0.994765,0.090451,0.000000,0.982413,-0.062954,0.175786,0.000000,0.063697,0.000003,-0.088856,1.000000;;
      }

      Frame Bip01_BackPackNub {
       

       FrameTransformMatrix {
        0.000796,0.000003,1.000000,0.000000,-0.000000,-1.000000,0.000003,0.000000,1.000000,0.000000,-0.000796,0.000000,0.053240,0.000000,0.000000,1.000000;;
       }
      }
     }
    }

    Frame Bip01_L_Thigh {
     

     FrameTransformMatrix {
      -0.968202,-0.009363,0.249995,0.000000,0.011790,-0.999897,0.008212,0.000000,0.249892,0.010899,0.968213,0.000000,-0.049786,0.055225,-0.013604,1.000000;;
     }

     Frame Bip01_L_Calf {
      

      FrameTransformMatrix {
       0.790929,0.000000,-0.611907,0.000000,0.000000,1.000000,0.000000,0.000000,0.611907,0.000000,0.790930,0.000000,0.237500,0.000000,0.000000,1.000000;;
      }

      Frame Bip01_L_Foot {
       

       FrameTransformMatrix {
        0.966368,0.122866,0.225912,0.000000,-0.099010,0.988524,-0.114095,0.000000,-0.237338,0.087890,0.967443,0.000000,0.206841,0.000000,-0.000000,1.000000;;
       }

       Frame Bip01_L_Toe0 {
        

        FrameTransformMatrix {
         -0.019524,0.000000,0.999809,0.000000,0.000000,1.000000,-0.000000,0.000000,-0.999809,0.000000,-0.019524,0.000000,0.065373,0.000000,0.066450,1.000000;;
        }

        Frame Bip01_L_Toe0Nub {
         

         FrameTransformMatrix {
          -1.000000,0.000000,-0.000000,0.000000,0.000000,1.000000,0.000000,0.000000,-0.000000,0.000000,-1.000000,0.000000,0.006735,0.000000,0.000000,1.000000;;
         }
        }
       }
      }
     }
    }

    Frame Bip01_R_Thigh {
     

     FrameTransformMatrix {
      -0.951298,-0.219765,-0.216182,0.000000,0.223294,-0.974716,0.008280,0.000000,-0.212536,-0.040396,0.976318,0.000000,-0.049786,-0.055225,-0.013604,1.000000;;
     }

     Frame Bip01_R_Calf {
      

      FrameTransformMatrix {
       0.360676,-0.000000,-0.932691,0.000000,-0.000000,1.000000,-0.000000,0.000000,0.932691,0.000000,0.360676,0.000000,0.237500,0.000000,-0.000000,1.000000;;
      }

      Frame Bip01_R_Foot {
       

       FrameTransformMatrix {
        0.747072,-0.100974,0.657030,0.000000,0.076634,0.994888,0.065760,0.000000,-0.660311,0.001223,0.750991,0.000000,0.206841,0.000000,0.000000,1.000000;;
       }

       Frame Bip01_R_Toe0 {
        

        FrameTransformMatrix {
         0.749488,-0.000002,0.662018,0.000000,0.000002,1.000000,0.000001,0.000000,-0.662018,0.000000,0.749488,0.000000,0.065373,0.000000,0.066450,1.000000;;
        }

        Frame Bip01_R_Toe0Nub {
         

         FrameTransformMatrix {
          1.000000,0.000000,0.000000,0.000000,-0.000000,1.000000,0.000000,0.000000,0.000000,0.000000,1.000000,0.000000,0.006735,0.000000,0.000000,1.000000;;
         }
        }
       }
      }
     }
    }
   }

   Frame Bip01_DressFront {
    

    FrameTransformMatrix {
     -0.906046,-0.188385,0.378935,0.000000,-0.011083,0.905705,0.423764,0.000000,-0.423034,0.379750,-0.822698,0.000000,-0.044232,0.001188,0.062294,1.000000;;
    }

    Frame Bip01_DressFront02 {
     

     FrameTransformMatrix {
      0.955221,-0.294862,-0.024676,0.000000,0.294456,0.955480,-0.018819,0.000000,0.029127,0.010710,0.999518,0.000000,0.183320,-0.000001,-0.000132,1.000000;;
     }

     Frame Bip01_DressFrontNub {
      

      FrameTransformMatrix {
       0.000796,0.000003,1.000000,0.000000,0.000000,-1.000000,0.000003,0.000000,1.000000,0.000000,-0.000796,0.000000,0.165302,0.000000,0.000000,1.000000;;
      }
     }
    }
   }

   Frame Bip01_DressBack {
    

    FrameTransformMatrix {
     -0.902093,-0.137672,0.408992,0.000000,0.023426,0.930726,0.364965,0.000000,-0.430906,0.338814,-0.836377,0.000000,-0.047672,-0.000047,-0.078302,1.000000;;
    }

    Frame Bip01_DressBack02 {
     

     FrameTransformMatrix {
      0.966498,-0.158749,0.201691,0.000000,0.216460,0.926396,-0.308115,0.000000,-0.137933,0.341451,0.929723,0.000000,0.176174,-0.000037,-0.000101,1.000000;;
     }

     Frame Bip01_DressBackNub {
      

      FrameTransformMatrix {
       0.000796,0.000003,1.000000,0.000000,-0.000000,-1.000000,0.000003,0.000000,1.000000,-0.000000,-0.000796,0.000000,0.136508,-0.000000,0.000000,1.000000;;
      }
     }
    }
   }
  }

  Frame Bip01_Prop1 {
   

   FrameTransformMatrix {
    0.422404,-0.045727,-0.905253,0.000000,0.725946,-0.580963,0.368083,0.000000,-0.542750,-0.812645,-0.212206,0.000000,0.134523,0.099571,-0.146892,1.000000;;
   }
  }

  Frame Bip01_Prop2 {
   

   FrameTransformMatrix {
    0.190957,-0.913827,0.358409,0.000000,0.980104,0.157360,-0.120972,0.000000,0.054148,0.374378,0.925694,0.000000,0.109245,0.018767,0.170748,1.000000;;
   }
  }
 }
}

Frame Translation_Data {
 

 FrameTransformMatrix {
  1.000000,0.000000,0.000000,0.000000,0.000000,-0.000000,-1.000000,0.000000,0.000000,1.000000,-0.000000,0.000000,0.000000,0.000000,0.000000,1.000000;;
 }
}

Frame Body {
 

 FrameTransformMatrix {
  1.000000,0.000000,0.000000,0.000000,0.000000,1.000000,0.000000,0.000000,0.000000,0.000000,1.000000,0.000000,0.000000,0.000000,0.000000,1.000000;;
 }

 Mesh Body {
  617;
  0.074631;0.676111;0.080254;,
  0.039759;0.678261;0.071136;,
  0.034818;0.698896;0.097742;,
  0.081935;0.658178;0.069530;,
  0.087355;0.645783;0.063759;,
  0.053643;0.630468;0.026575;,
  0.047080;0.656137;0.043285;,
  0.085102;0.615083;0.059566;,
  0.031022;0.701000;0.139925;,
  0.071908;0.660920;0.157427;,
  0.070085;0.677378;0.132367;,
  0.040934;0.668283;0.160813;,
  0.084961;0.484757;0.051758;,
  0.042692;0.480699;0.065753;,
  0.042453;0.470153;0.069142;,
  0.077504;0.493071;0.049644;,
  0.077013;0.510002;-0.003747;,
  0.091598;0.479834;0.009316;,
  0.052789;0.512070;-0.037521;,
  0.082866;0.463871;-0.025297;,
  0.056807;0.453296;-0.041170;,
  0.001776;0.638817;0.012924;,
  0.007760;0.665953;0.036726;,
  0.000609;0.474382;0.059817;,
  0.001523;0.461841;0.062807;,
  0.034415;0.544754;0.117700;,
  -0.018937;0.578925;0.138504;,
  -0.017188;0.545632;0.115400;,
  0.037653;0.576133;0.142316;,
  0.075212;0.437714;-0.056771;,
  0.129143;0.353586;-0.102158;,
  0.092088;0.371988;-0.125476;,
  0.108111;0.417463;-0.025432;,
  0.104538;0.297267;-0.195217;,
  0.130723;0.276720;-0.155831;,
  0.025537;0.425157;-0.047390;,
  0.048310;0.299693;-0.056392;,
  0.026117;0.363409;0.044522;,
  0.044085;0.351121;-0.112147;,
  0.074995;0.256312;-0.128381;,
  0.074789;0.273846;-0.165167;,
  0.127548;0.310096;-0.054184;,
  0.102415;0.369577;0.012780;,
  0.115148;0.261212;-0.123091;,
  0.141143;0.001894;-0.194047;,
  0.101578;-0.013253;-0.151185;,
  0.096248;0.002932;-0.196934;,
  0.136434;-0.013187;-0.151445;,
  0.109635;0.227333;-0.187398;,
  0.140430;0.149219;-0.165207;,
  0.114167;0.153913;-0.196334;,
  0.138022;0.223309;-0.155885;,
  0.138340;0.069591;-0.174636;,
  0.120341;0.075896;-0.203776;,
  0.067657;0.203050;-0.171504;,
  0.075005;0.147025;-0.133248;,
  0.062493;0.209455;-0.116376;,
  0.082531;0.145614;-0.175385;,
  0.103624;0.073282;-0.152168;,
  0.102343;0.062490;-0.181379;,
  0.136725;0.149384;-0.126841;,
  0.133211;0.221080;-0.106730;,
  0.127406;0.079094;-0.149442;,
  0.100802;0.451350;0.008438;,
  0.018406;0.444608;-0.059420;,
  0.025537;0.425157;-0.047390;,
  0.021464;0.407930;-0.053804;,
  0.098035;0.433309;0.059920;,
  0.046529;0.421175;0.076707;,
  0.099887;0.381543;0.031614;,
  0.052660;0.373243;0.050486;,
  0.036271;0.511161;0.086247;,
  0.067485;0.550598;0.105303;,
  0.080519;0.562563;0.094259;,
  0.066347;0.550637;0.024332;,
  0.079880;0.591156;0.048585;,
  0.069854;0.524600;0.068126;,
  0.050034;0.607550;0.012422;,
  0.046485;0.560572;-0.005855;,
  -0.004525;0.614860;0.001297;,
  -0.000936;0.557425;-0.018156;,
  0.126555;0.647193;0.065098;,
  0.154274;0.609611;0.045495;,
  0.074571;0.633291;0.065027;,
  0.127319;0.547312;0.018262;,
  0.100120;0.586411;0.034584;,
  0.171543;0.565599;0.026609;,
  0.080755;0.594143;0.111299;,
  0.100120;0.586411;0.034584;,
  0.102994;0.552703;0.091338;,
  0.132410;0.513941;0.058976;,
  0.127319;0.547312;0.018262;,
  0.088328;0.594123;0.119730;,
  0.157130;0.576133;0.102483;,
  0.129151;0.612713;0.121250;,
  0.176551;0.532052;0.067258;,
  0.134284;0.635859;0.091707;,
  0.178473;0.566987;0.008274;,
  0.153230;0.526370;-0.055184;,
  0.126996;0.544369;-0.003513;,
  0.185086;0.541832;-0.045512;,
  0.168453;0.504192;-0.088995;,
  0.192453;0.517914;-0.088901;,
  0.126996;0.544369;-0.003513;,
  0.174761;0.482143;-0.025956;,
  0.142167;0.491816;0.028074;,
  0.153230;0.526370;-0.055184;,
  0.191404;0.480139;-0.071743;,
  0.168453;0.504192;-0.088995;,
  0.198996;0.494400;-0.018439;,
  0.193357;0.514294;0.039902;,
  0.203814;0.486571;-0.072373;,
  0.199724;0.476227;-0.207978;,
  0.223664;0.459879;-0.158822;,
  0.188602;0.472253;-0.189420;,
  0.234187;0.464003;-0.177352;,
  0.172241;0.483005;-0.168966;,
  0.183691;0.492276;-0.176929;,
  0.182514;0.481941;-0.173340;,
  0.168939;0.492406;-0.175035;,
  0.207990;0.467090;-0.105884;,
  0.183455;0.502546;-0.148146;,
  0.226410;0.473716;-0.137706;,
  0.165628;0.486981;-0.122675;,
  0.236759;0.489750;-0.143528;,
  0.224107;0.501010;-0.101295;,
  0.179918;0.522769;-0.117908;,
  0.195379;0.517791;-0.152828;,
  0.099493;0.665820;0.133833;,
  0.109768;0.677909;0.108496;,
  0.070085;0.677378;0.132367;,
  0.073060;0.684830;0.107751;,
  0.076461;0.582704;0.133041;,
  0.044512;0.704083;0.115044;,
  0.104961;0.672586;0.082056;,
  0.081935;0.658178;0.069530;,
  0.074631;0.676111;0.080254;,
  0.098844;0.650765;0.072005;,
  0.085256;0.618568;0.146707;,
  0.042837;0.611721;0.155006;,
  0.088882;0.623294;0.145297;,
  -0.014851;0.615537;0.149022;,
  -0.004349;0.674665;0.148379;,
  0.071908;0.660920;0.157427;,
  0.088882;0.623294;0.145297;,
  0.081358;0.626933;0.086421;,
  0.089501;0.618610;0.132358;,
  0.074571;0.633291;0.065027;,
  0.083101;0.593446;0.103487;,
  0.081210;0.606166;0.070664;,
  0.087355;0.645783;0.063759;,
  0.086162;0.588530;0.119451;,
  0.165628;0.486981;-0.122675;,
  0.043284;0.731652;0.130758;,
  0.032987;0.724840;0.150031;,
  0.002112;0.706046;0.141340;,
  0.006910;0.723710;0.157431;,
  0.195379;0.517791;-0.152828;,
  0.199724;0.476227;-0.207978;,
  0.234187;0.464003;-0.177352;,
  0.166569;0.485121;-0.149951;,
  0.166746;0.507758;-0.162540;,
  0.166569;0.485121;-0.149951;,
  0.183304;0.487621;-0.155473;,
  0.188359;0.511494;-0.158680;,
  0.188359;0.511494;-0.158680;,
  0.172241;0.483005;-0.168966;,
  0.168939;0.492406;-0.175035;,
  0.183691;0.492276;-0.176929;,
  0.147385;0.047802;-0.259357;,
  0.117130;0.042242;-0.308738;,
  0.115809;0.057372;-0.295752;,
  0.152944;0.029798;-0.273352;,
  0.097831;0.021792;-0.150141;,
  0.096248;0.002932;-0.196934;,
  0.101578;-0.013253;-0.151185;,
  0.094877;0.027318;-0.191051;,
  0.103624;0.073282;-0.152168;,
  0.139371;0.024819;-0.149640;,
  0.127406;0.079094;-0.149442;,
  0.141143;0.001894;-0.194047;,
  0.136434;-0.013187;-0.151445;,
  0.142294;0.035683;-0.184796;,
  0.120341;0.075896;-0.203776;,
  0.138340;0.069591;-0.174636;,
  0.088317;0.051045;-0.286895;,
  0.082190;0.038788;-0.298871;,
  0.152944;0.029798;-0.273352;,
  0.082190;0.038788;-0.298871;,
  0.044085;0.351121;-0.112147;,
  0.074789;0.273846;-0.165167;,
  0.067657;0.203050;-0.171504;,
  0.082531;0.145614;-0.175385;,
  0.102343;0.062490;-0.181379;,
  0.102343;0.062490;-0.181379;,
  0.018274;0.383652;-0.007932;,
  0.052530;0.752909;0.109896;,
  0.034500;0.746703;0.090908;,
  0.042144;0.754920;0.091225;,
  0.036650;0.735892;0.113620;,
  0.045302;0.760742;0.139298;,
  0.038765;0.761120;0.162528;,
  0.005885;0.879287;0.152070;,
  -0.015795;0.878250;0.125395;,
  -0.014075;0.880024;0.155145;,
  0.023195;0.837134;0.082991;,
  0.005850;0.835499;0.077585;,
  0.016680;0.859652;0.101246;,
  0.044667;0.775769;0.095155;,
  0.054381;0.777945;0.123190;,
  0.050536;0.759904;0.122385;,
  0.052793;0.804237;0.152001;,
  0.049035;0.821376;0.134849;,
  0.030946;0.862636;0.118053;,
  0.042459;0.857108;0.142892;,
  0.042141;0.825873;0.108873;,
  0.051739;0.801631;0.168568;,
  0.042516;0.800161;0.191172;,
  0.005375;0.790256;0.204520;,
  0.028336;0.846130;0.197342;,
  -0.002913;0.838562;0.209759;,
  0.045907;0.804722;0.101529;,
  0.035079;0.770093;0.079430;,
  0.029507;0.805611;0.078999;,
  0.022758;0.749001;0.060555;,
  0.005844;0.736433;0.070683;,
  0.002908;0.745646;0.051882;,
  0.010672;0.873613;0.116781;,
  0.026702;0.873136;0.147362;,
  0.041204;0.852921;0.177816;,
  0.024377;0.869591;0.176901;,
  0.007485;0.869407;0.185992;,
  -0.009461;0.867628;0.190130;,
  0.009275;0.758952;0.179638;,
  0.041204;0.852921;0.177816;,
  0.024377;0.869591;0.176901;,
  0.060070;0.781751;0.123168;,
  0.060275;0.821844;0.148815;,
  0.068931;0.802389;0.149137;,
  0.055249;0.805235;0.137779;,
  0.068931;0.802389;0.149137;,
  0.060070;0.781751;0.123168;,
  0.060275;0.821844;0.148815;,
  0.049035;0.821376;0.134849;,
  0.052072;0.801499;0.119714;,
  0.054381;0.777945;0.123190;,
  0.026113;0.826043;0.087146;,
  0.052072;0.801499;0.119714;,
  0.044512;0.704083;0.115044;,
  0.043284;0.731652;0.130758;,
  0.073060;0.684830;0.107751;,
  0.045302;0.760742;0.139298;,
  0.009719;0.702134;0.072890;,
  0.008351;0.683577;0.057318;,
  0.010509;0.506671;-0.046923;,
  0.005390;0.414443;0.070748;,
  0.010021;0.382205;0.059981;,
  0.012520;0.357248;0.024967;,
  0.011679;0.734182;0.086821;,
  0.018274;0.383652;-0.007932;,
  0.007485;0.869407;0.185992;,
  -0.009461;0.867628;0.190130;,
  0.018305;0.779961;0.067292;,
  0.006863;0.801974;0.069802;,
  0.008360;0.793236;0.065977;,
  -0.016037;0.873912;0.110526;,
  -0.014668;0.858527;0.090307;,
  0.006218;0.823651;0.082967;,
  -0.010620;0.508345;0.082031;,
  0.073060;0.684830;0.107751;,
  0.117130;0.042242;-0.308738;,
  0.010532;0.772997;0.058419;,
  0.018664;0.773733;0.065100;,
  0.010144;0.776085;0.063561;,
  -0.004687;0.791881;0.061842;,
  -0.007063;0.803062;0.056362;,
  0.008738;0.781368;0.060596;,
  -0.001428;0.774493;0.063980;,
  -0.001234;0.770383;0.056065;,
  -0.011494;0.833864;0.072179;,
  -0.009697;0.823855;0.072264;,
  0.089501;0.618610;0.132358;,
  -0.002966;0.780774;0.057941;,
  0.074334;0.623057;0.102275;,
  0.081358;0.626933;0.086421;,
  0.087355;0.645783;0.063759;,
  0.051739;0.801631;0.168568;,
  0.109635;0.227333;-0.187398;,
  0.049656;0.149841;-0.241056;,
  0.048282;0.220841;-0.216402;,
  0.114167;0.153913;-0.196334;,
  0.104538;0.297267;-0.195217;,
  0.057001;0.288798;-0.195269;,
  0.092088;0.371988;-0.125476;,
  0.039443;0.357792;-0.130744;,
  0.075212;0.437714;-0.056771;,
  0.030513;0.426921;-0.075583;,
  0.056807;0.453296;-0.041170;,
  0.041794;0.084843;-0.267232;,
  0.120341;0.075896;-0.203776;,
  0.073512;0.133355;-0.112433;,
  0.016328;0.059730;-0.072924;,
  0.081396;0.065006;-0.125121;,
  0.017985;0.124503;-0.063510;,
  0.016121;0.185959;-0.059114;,
  0.065523;0.205732;-0.102550;,
  0.018388;0.235493;-0.047355;,
  0.065914;0.241606;-0.103864;,
  0.046613;0.289860;-0.045240;,
  0.013959;0.294684;-0.000904;,
  0.012185;0.357568;0.048026;,
  0.074334;0.623057;0.102275;,
  -0.059341;0.704421;0.065775;,
  -0.025315;0.689733;0.063183;,
  -0.071163;0.689497;0.052566;,
  -0.020070;0.708572;0.091034;,
  -0.078014;0.675981;0.044014;,
  -0.052195;0.642589;0.013606;,
  -0.092541;0.635427;0.037797;,
  -0.032941;0.670244;0.033506;,
  -0.025756;0.711009;0.132986;,
  -0.080590;0.688909;0.139255;,
  -0.050704;0.684438;0.149614;,
  -0.066306;0.705981;0.117656;,
  -0.079630;0.467915;0.031398;,
  -0.042051;0.472028;0.055270;,
  -0.073697;0.477600;0.030941;,
  -0.040537;0.461661;0.058876;,
  -0.063731;0.495600;-0.021157;,
  -0.074715;0.462816;-0.011257;,
  -0.032991;0.503292;-0.048132;,
  -0.054517;0.449111;-0.043295;,
  -0.024202;0.445007;-0.051191;,
  0.000609;0.474382;0.059817;,
  0.001523;0.461841;0.062807;,
  -0.067885;0.548468;0.105121;,
  -0.018937;0.578925;0.138504;,
  -0.074030;0.588924;0.128630;,
  -0.017188;0.545632;0.115400;,
  -0.041752;0.405044;-0.065791;,
  -0.094719;0.304065;-0.069052;,
  -0.078535;0.395077;-0.032278;,
  -0.055387;0.311229;-0.094686;,
  -0.062793;0.203576;-0.119595;,
  -0.091873;0.211334;-0.082683;,
  0.003835;0.396185;-0.043415;,
  -0.019274;0.279463;0.003307;,
  -0.009124;0.300298;-0.069041;,
  0.002212;0.360963;0.041565;,
  -0.038437;0.214892;-0.049468;,
  -0.035407;0.205775;-0.084311;,
  -0.098239;0.286997;-0.006669;,
  -0.076554;0.361207;0.019446;,
  -0.078883;0.220000;-0.050875;,
  -0.097267;0.015849;0.101985;,
  -0.057702;0.024112;0.146687;,
  -0.092558;0.024040;0.146429;,
  -0.052372;0.015308;0.098965;,
  -0.068283;0.160046;-0.058041;,
  -0.098790;0.135673;0.019534;,
  -0.098155;0.183065;-0.038221;,
  -0.071069;0.113225;-0.000674;,
  -0.094722;0.085146;0.082896;,
  -0.075802;0.068574;0.059970;,
  -0.026745;0.162767;-0.028517;,
  -0.035040;0.164941;0.039180;,
  -0.040395;0.128176;0.017877;,
  -0.024495;0.213045;-0.004564;,
  -0.060805;0.104581;0.095014;,
  -0.058466;0.074683;0.082724;,
  -0.097037;0.168388;0.039840;,
  -0.095803;0.223687;-0.010136;,
  -0.084741;0.109667;0.092260;,
  -0.077562;0.433099;-0.013626;,
  0.003835;0.396185;-0.043415;,
  -0.083751;0.414708;0.037433;,
  -0.036461;0.412683;0.066441;,
  -0.074919;0.370893;0.025676;,
  -0.031055;0.370230;0.051425;,
  -0.057255;0.508577;0.074715;,
  -0.097056;0.556571;0.085071;,
  -0.106594;0.569356;0.071252;,
  -0.075186;0.546726;0.006880;,
  -0.086684;0.520274;0.048824;,
  -0.094510;0.597487;0.027142;,
  -0.056869;0.611431;-0.000723;,
  -0.049864;0.557909;-0.017734;,
  -0.110399;0.696935;0.038638;,
  -0.063026;0.678146;0.055912;,
  -0.132437;0.662596;0.008637;,
  -0.102801;0.598286;-0.011727;,
  -0.145470;0.620596;-0.018194;,
  -0.079992;0.634578;0.016024;,
  -0.088250;0.638784;0.094979;,
  -0.105368;0.600090;0.066344;,
  -0.079992;0.634578;0.016024;,
  -0.124435;0.565533;0.024382;,
  -0.102801;0.598286;-0.011727;,
  -0.098277;0.639306;0.100235;,
  -0.157858;0.628329;0.059195;,
  -0.135366;0.661665;0.088450;,
  -0.167017;0.587666;0.017885;,
  -0.127881;0.685822;0.060249;,
  -0.146274;0.621261;-0.038476;,
  -0.106173;0.576241;-0.090235;,
  -0.137809;0.594823;-0.091379;,
  -0.096148;0.593732;-0.033001;,
  -0.111246;0.555439;-0.127952;,
  -0.133411;0.570099;-0.134514;,
  -0.096148;0.593732;-0.033001;,
  -0.140034;0.535216;-0.069157;,
  -0.106173;0.576241;-0.090235;,
  -0.125550;0.543924;-0.007692;,
  -0.139907;0.531416;-0.119020;,
  -0.111246;0.555439;-0.127952;,
  -0.164104;0.549850;-0.069881;,
  -0.175442;0.571274;-0.013033;,
  -0.152186;0.540092;-0.122423;,
  -0.103419;0.544037;-0.240556;,
  -0.144559;0.530721;-0.203315;,
  -0.146318;0.530217;-0.224944;,
  -0.101152;0.544799;-0.218689;,
  -0.099403;0.545800;-0.199899;,
  -0.107671;0.554218;-0.211782;,
  -0.093782;0.553612;-0.206493;,
  -0.108516;0.544691;-0.206343;,
  -0.142165;0.523657;-0.161721;,
  -0.112016;0.569512;-0.186892;,
  -0.099473;0.549143;-0.161659;,
  -0.152685;0.536880;-0.195043;,
  -0.162992;0.553306;-0.199741;,
  -0.162634;0.554588;-0.154257;,
  -0.118440;0.581932;-0.153123;,
  -0.124033;0.584816;-0.191118;,
  -0.094415;0.711154;0.114635;,
  -0.093373;0.725482;0.088417;,
  -0.066306;0.705981;0.117656;,
  -0.059219;0.713533;0.093758;,
  -0.107359;0.603756;0.110516;,
  -0.031206;0.717432;0.105790;,
  -0.087506;0.717387;0.062972;,
  -0.071163;0.689497;0.052566;,
  -0.089873;0.696989;0.054285;,
  -0.059341;0.704421;0.065775;,
  -0.103950;0.653411;0.124108;,
  -0.105279;0.659118;0.122122;,
  -0.070149;0.631639;0.141198;,
  -0.014851;0.615537;0.149022;,
  -0.004349;0.674665;0.148379;,
  -0.080590;0.688909;0.139255;,
  -0.105279;0.659118;0.122122;,
  -0.085055;0.658789;0.067115;,
  -0.063026;0.678146;0.055912;,
  -0.104848;0.655886;0.109745;,
  -0.104911;0.614979;0.080448;,
  -0.093231;0.626145;0.049288;,
  -0.078014;0.675981;0.044014;,
  -0.112336;0.611263;0.095127;,
  -0.099473;0.549143;-0.161659;,
  -0.025694;0.732757;0.128262;,
  -0.018043;0.725657;0.148184;,
  0.002112;0.706046;0.141340;,
  0.006910;0.723710;0.157431;,
  -0.124033;0.584816;-0.191118;,
  -0.103419;0.544037;-0.240556;,
  -0.146318;0.530217;-0.224944;,
  -0.097843;0.551049;-0.180709;,
  -0.092629;0.570845;-0.196579;,
  -0.097843;0.551049;-0.180709;,
  -0.112551;0.553691;-0.190379;,
  -0.113980;0.576833;-0.198634;,
  -0.113980;0.576833;-0.198634;,
  -0.099403;0.545800;-0.199899;,
  -0.093782;0.553612;-0.206493;,
  -0.107671;0.554218;-0.211782;,
  -0.103508;0.023041;0.022479;,
  -0.073254;-0.006420;-0.017539;,
  -0.109068;0.000455;0.019335;,
  -0.071933;0.013172;-0.013836;,
  -0.053955;0.055002;0.130104;,
  -0.052372;0.015308;0.098965;,
  -0.051001;0.039376;0.091894;,
  -0.057702;0.024112;0.146687;,
  -0.060805;0.104581;0.095014;,
  -0.095495;0.057876;0.129027;,
  -0.084741;0.109667;0.092260;,
  -0.097267;0.015849;0.101985;,
  -0.098417;0.049747;0.093140;,
  -0.092558;0.024040;0.146429;,
  -0.075802;0.068574;0.059970;,
  -0.094722;0.085146;0.082896;,
  -0.044441;0.012109;-0.003004;,
  -0.038314;-0.004489;-0.007265;,
  -0.109068;0.000455;0.019335;,
  -0.038314;-0.004489;-0.007265;,
  -0.009124;0.300298;-0.069041;,
  -0.035407;0.205775;-0.084311;,
  -0.026745;0.162767;-0.028517;,
  -0.040395;0.128176;0.017877;,
  -0.058466;0.074683;0.082724;,
  -0.058466;0.074683;0.082724;,
  -0.038041;0.736696;0.116099;,
  -0.021655;0.736651;0.094753;,
  -0.016783;0.736748;0.111687;,
  -0.031552;0.741728;0.096272;,
  -0.030147;0.747236;0.144465;,
  -0.021134;0.750398;0.166630;,
  -0.032773;0.872367;0.154717;,
  -0.014075;0.880024;0.155145;,
  -0.043426;0.825208;0.087553;,
  -0.042737;0.849016;0.105315;,
  -0.027460;0.829536;0.079866;,
  -0.040577;0.760509;0.100993;,
  -0.046651;0.759859;0.130109;,
  -0.036955;0.744243;0.128377;,
  -0.050449;0.785756;0.159071;,
  -0.055141;0.802727;0.141983;,
  -0.054802;0.847287;0.123926;,
  -0.053721;0.808713;0.115438;,
  -0.060309;0.838711;0.149930;,
  -0.046381;0.784066;0.175287;,
  -0.034318;0.786407;0.196434;,
  0.005375;0.790256;0.204520;,
  -0.036202;0.834577;0.201762;,
  -0.002913;0.838562;0.209759;,
  -0.050886;0.787395;0.108158;,
  -0.038931;0.793360;0.083686;,
  -0.031787;0.758123;0.084009;,
  -0.015549;0.742144;0.063178;,
  -0.039923;0.864556;0.120246;,
  -0.050613;0.859296;0.152657;,
  -0.053083;0.836043;0.184273;,
  -0.043325;0.857472;0.181538;,
  -0.009461;0.867628;0.190130;,
  -0.026366;0.863348;0.188310;,
  0.009275;0.758952;0.179638;,
  -0.053083;0.836043;0.184273;,
  -0.043325;0.857472;0.181538;,
  -0.053254;0.761465;0.130928;,
  -0.063902;0.799616;0.157319;,
  -0.054954;0.785508;0.145326;,
  -0.065183;0.778382;0.158321;,
  -0.065183;0.778382;0.158321;,
  -0.053254;0.761465;0.130928;,
  -0.063902;0.799616;0.157319;,
  -0.055141;0.802727;0.141983;,
  -0.053098;0.782672;0.126917;,
  -0.046651;0.759859;0.130109;,
  -0.041759;0.813894;0.091794;,
  -0.053098;0.782672;0.126917;,
  -0.031206;0.717432;0.105790;,
  -0.025694;0.732757;0.128262;,
  -0.059219;0.713533;0.093758;,
  -0.030147;0.747236;0.144465;,
  0.005390;0.414443;0.070748;,
  0.010021;0.382205;0.059981;,
  0.012520;0.357248;0.024967;,
  0.018274;0.383652;-0.007932;,
  -0.026366;0.863348;0.188310;,
  -0.009461;0.867628;0.190130;,
  -0.021213;0.772887;0.069998;,
  -0.017852;0.797549;0.071495;,
  -0.016731;0.788745;0.067695;,
  -0.022999;0.818420;0.084968;,
  -0.010620;0.508345;0.082031;,
  -0.059219;0.713533;0.093758;,
  -0.073254;-0.006420;-0.017539;,
  -0.019685;0.766868;0.067726;,
  -0.012758;0.768828;0.060014;,
  -0.012784;0.771981;0.065131;,
  -0.013694;0.777353;0.062132;,
  -0.104848;0.655886;0.109745;,
  -0.083198;0.653586;0.084160;,
  -0.085055;0.658789;0.067115;,
  -0.078014;0.675981;0.044014;,
  -0.046381;0.784066;0.175287;,
  -0.019658;0.175399;-0.132555;,
  -0.003195;0.140426;-0.204600;,
  -0.040367;0.119111;-0.117487;,
  0.012346;0.204418;-0.185788;,
  -0.015425;0.230047;-0.143735;,
  0.020850;0.260056;-0.172661;,
  0.001458;0.318302;-0.106043;,
  0.022669;0.333789;-0.121805;,
  0.010017;0.400094;-0.073837;,
  0.022903;0.406445;-0.077468;,
  0.018406;0.444608;-0.059420;,
  -0.024202;0.445007;-0.051191;,
  -0.017291;0.087058;-0.223623;,
  -0.055307;0.065310;-0.108037;,
  -0.032581;0.118613;0.096718;,
  -0.097037;0.168388;0.039840;,
  -0.084727;0.109668;0.092260;,
  -0.031237;0.169642;0.047528;,
  -0.095803;0.223687;-0.010136;,
  -0.031932;0.221910;0.008351;,
  -0.031196;0.221695;-0.021346;,
  -0.078883;0.220000;-0.050875;,
  -0.098239;0.286997;-0.006669;,
  -0.018778;0.274287;0.020023;,
  0.010021;0.382205;0.059981;,
  -0.031055;0.370230;0.051425;,
  -0.083198;0.653586;0.084160;,
  -0.041752;0.405044;-0.065790;,
  -0.055387;0.311229;-0.094686;,
  -0.062793;0.203576;-0.119595;,
  -0.068283;0.160046;-0.058041;,
  -0.071069;0.113225;-0.000674;,
  -0.075802;0.068574;0.059970;,
  0.127548;0.310096;-0.054184;,
  0.052660;0.373243;0.050486;,
  0.102415;0.369577;0.012780;,
  0.115148;0.261212;-0.123091;,
  0.133211;0.221080;-0.106730;,
  0.136725;0.149384;-0.126841;,
  0.127406;0.079094;-0.149442;,
  -0.076554;0.361207;0.019446;;
  916;
  3;0,1,2;,
  3;1,0,3;,
  3;4,5,6;,
  3;5,4,7;,
  3;8,9,10;,
  3;9,8,11;,
  3;12,13,14;,
  3;13,12,15;,
  3;16,12,17;,
  3;12,16,15;,
  3;18,19,20;,
  3;19,18,16;,
  3;6,21,22;,
  3;21,6,5;,
  3;14,23,24;,
  3;23,14,13;,
  3;25,26,27;,
  3;26,25,28;,
  3;29,30,31;,
  3;30,29,32;,
  3;30,33,31;,
  3;33,30,34;,
  3;35,36,37;,
  3;36,35,38;,
  3;38,39,36;,
  3;39,38,40;,
  3;37,41,42;,
  3;41,37,36;,
  3;36,43,41;,
  3;43,36,39;,
  3;42,30,32;,
  3;30,42,41;,
  3;41,34,30;,
  3;34,41,43;,
  3;44,45,46;,
  3;45,44,47;,
  3;48,49,50;,
  3;49,48,51;,
  3;50,52,53;,
  3;52,50,49;,
  3;54,55,56;,
  3;55,54,57;,
  3;57,58,55;,
  3;58,57,59;,
  3;56,60,61;,
  3;60,56,55;,
  3;55,62,60;,
  3;62,55,58;,
  3;61,49,51;,
  3;49,61,60;,
  3;60,52,49;,
  3;52,60,62;,
  3;32,19,63;,
  3;19,32,29;,
  3;64,65,66;,
  3;65,64,20;,
  3;14,67,12;,
  3;67,14,68;,
  3;68,69,67;,
  3;69,68,70;,
  3;70,42,69;,
  3;42,70,37;,
  3;48,34,51;,
  3;34,48,33;,
  3;51,43,61;,
  3;43,51,34;,
  3;43,56,61;,
  3;56,43,39;,
  3;39,54,56;,
  3;54,39,40;,
  3;12,63,17;,
  3;63,12,67;,
  3;67,32,63;,
  3;32,67,69;,
  3;69,42,32;,
  3;71,72,25;,
  3;73,74,75;,
  3;74,73,76;,
  3;74,77,75;,
  3;77,74,78;,
  3;79,78,80;,
  3;78,79,77;,
  3;81,82,83;,
  3;82,84,85;,
  3;84,82,86;,
  3;87,88,89;,
  3;88,90,89;,
  3;90,88,91;,
  3;92,93,94;,
  3;92,89,93;,
  3;92,87,89;,
  3;89,95,93;,
  3;95,89,90;,
  3;96,93,82;,
  3;93,86,82;,
  3;86,93,95;,
  3;97,98,99;,
  3;98,97,100;,
  3;100,101,98;,
  3;101,100,102;,
  3;103,104,105;,
  3;104,103,106;,
  3;106,107,104;,
  3;107,106,108;,
  3;105,109,110;,
  3;109,105,104;,
  3;104,111,109;,
  3;111,104,107;,
  3;110,100,97;,
  3;100,110,109;,
  3;109,102,100;,
  3;102,109,111;,
  3;112,113,114;,
  3;113,112,115;,
  3;116,117,118;,
  3;117,116,119;,
  3;120,121,122;,
  3;121,120,123;,
  3;120,124,125;,
  3;124,120,122;,
  3;126,124,127;,
  3;124,126,125;,
  3;95,97,86;,
  3;97,95,110;,
  3;86,99,84;,
  3;99,86,97;,
  3;90,103,105;,
  3;103,90,91;,
  3;105,95,90;,
  3;95,105,110;,
  3;128,96,129;,
  3;96,128,94;,
  3;129,130,128;,
  3;130,129,131;,
  3;72,28,25;,
  3;28,72,132;,
  3;10,133,8;,
  3;134,135,136;,
  3;135,134,137;,
  3;81,137,134;,
  3;138,11,139;,
  3;138,9,11;,
  3;138,140,9;,
  3;141,11,142;,
  3;11,141,139;,
  3;128,130,143;,
  3;94,144,92;,
  3;94,143,144;,
  3;94,128,143;,
  3;145,87,146;,
  3;87,145,147;,
  3;75,148,73;,
  3;148,75,149;,
  3;150,147,145;,
  3;7,149,75;,
  3;148,151,73;,
  3;102,152,101;,
  3;152,102,126;,
  3;102,125,126;,
  3;125,102,111;,
  3;111,120,125;,
  3;120,111,107;,
  3;120,108,123;,
  3;108,120,107;,
  3;8,153,154;,
  3;153,8,133;,
  3;154,155,8;,
  3;155,154,156;,
  3;122,114,113;,
  3;114,122,121;,
  3;121,112,114;,
  3;112,121,157;,
  3;158,124,159;,
  3;124,158,127;,
  3;159,122,113;,
  3;122,159,124;,
  3;126,160,152;,
  3;160,126,161;,
  3;162,121,123;,
  3;121,162,163;,
  3;121,164,157;,
  3;164,121,163;,
  3;165,126,127;,
  3;126,165,161;,
  3;161,166,160;,
  3;166,161,167;,
  3;162,118,163;,
  3;118,162,116;,
  3;163,117,164;,
  3;117,163,118;,
  3;165,167,161;,
  3;167,165,168;,
  3;169,170,171;,
  3;170,169,172;,
  3;173,174,175;,
  3;174,173,176;,
  3;177,178,179;,
  3;178,177,173;,
  3;180,178,181;,
  3;178,180,182;,
  3;183,169,171;,
  3;169,183,184;,
  3;174,185,186;,
  3;185,174,176;,
  3;46,187,44;,
  3;187,46,188;,
  3;180,169,182;,
  3;169,180,172;,
  3;20,29,65;,
  3;19,29,20;,
  3;29,31,189;,
  3;31,190,189;,
  3;190,31,33;,
  3;33,191,190;,
  3;191,33,48;,
  3;191,50,192;,
  3;50,191,48;,
  3;192,53,193;,
  3;53,192,50;,
  3;194,171,185;,
  3;171,194,183;,
  3;171,186,185;,
  3;186,171,170;,
  3;185,176,194;,
  3;194,173,177;,
  3;173,194,176;,
  3;178,175,181;,
  3;175,178,173;,
  3;179,182,184;,
  3;182,179,178;,
  3;182,169,184;,
  3;16,17,19;,
  3;17,63,19;,
  3;65,195,66;,
  3;196,197,198;,
  3;197,196,199;,
  3;200,154,153;,
  3;154,200,201;,
  3;202,203,204;,
  3;205,206,207;,
  3;196,208,209;,
  3;208,196,198;,
  3;210,209,211;,
  3;209,210,196;,
  3;212,213,214;,
  3;213,212,215;,
  3;212,214,211;,
  3;201,216,217;,
  3;216,201,200;,
  3;218,219,220;,
  3;219,218,217;,
  3;210,199,196;,
  3;213,205,207;,
  3;221,222,223;,
  3;198,197,224;,
  3;224,225,226;,
  3;225,224,197;,
  3;227,213,207;,
  3;228,229,214;,
  3;229,228,230;,
  3;220,231,232;,
  3;213,228,214;,
  3;156,201,233;,
  3;201,156,154;,
  3;233,217,218;,
  3;217,233,201;,
  3;219,217,234;,
  3;235,219,234;,
  3;236,237,238;,
  3;237,236,239;,
  3;209,240,211;,
  3;240,209,241;,
  3;211,242,212;,
  3;242,211,240;,
  3;243,239,244;,
  3;239,243,237;,
  3;244,236,245;,
  3;236,244,239;,
  3;246,221,223;,
  3;221,246,215;,
  3;221,212,247;,
  3;212,221,215;,
  3;199,248,2;,
  3;248,199,249;,
  3;133,10,250;,
  3;249,210,251;,
  3;210,249,199;,
  3;210,211,251;,
  3;252,1,253;,
  3;1,252,2;,
  3;20,254,18;,
  3;254,20,64;,
  3;24,68,14;,
  3;68,24,255;,
