xof 0303txt 0032
template ColorRGBA {
 <35ff44e0-6c7c-11cf-8f52-0040333594a3>
 FLOAT red;
 FLOAT green;
 FLOAT blue;
 FLOAT alpha;
}

template ColorRGB {
 <d3e16e81-7835-11cf-8f52-0040333594a3>
 FLOAT red;
 FLOAT green;
 FLOAT blue;
}

template Material {
 <3d82ab4d-62da-11cf-ab39-0020af71e433>
 ColorRGBA faceColor;
 FLOAT power;
 ColorRGB specularColor;
 ColorRGB emissiveColor;
 [...]
}

template TextureFilename {
 <a42790e1-7810-11cf-8f52-0040333594a3>
 STRING filename;
}

template Frame {
 <3d82ab46-62da-11cf-ab39-0020af71e433>
 [...]
}

template Matrix4x4 {
 <f6f23f45-7686-11cf-8f52-0040333594a3>
 array FLOAT matrix[16];
}

template FrameTransformMatrix {
 <f6f23f41-7686-11cf-8f52-0040333594a3>
 Matrix4x4 frameMatrix;
}

template Vector {
 <3d82ab5e-62da-11cf-ab39-0020af71e433>
 FLOAT x;
 FLOAT y;
 FLOAT z;
}

template MeshFace {
 <3d82ab5f-62da-11cf-ab39-0020af71e433>
 DWORD nFaceVertexIndices;
 array DWORD faceVertexIndices[nFaceVertexIndices];
}

template Mesh {
 <3d82ab44-62da-11cf-ab39-0020af71e433>
 DWORD nVertices;
 array Vector vertices[nVertices];
 DWORD nFaces;
 array MeshFace faces[nFaces];
 [...]
}

template MeshNormals {
 <f6f23f43-7686-11cf-8f52-0040333594a3>
 DWORD nNormals;
 array Vector normals[nNormals];
 DWORD nFaceNormals;
 array MeshFace faceNormals[nFaceNormals];
}

template MeshMaterialList {
 <f6f23f42-7686-11cf-8f52-0040333594a3>
 DWORD nMaterials;
 DWORD nFaceIndexes;
 array DWORD faceIndexes[nFaceIndexes];
 [Material <3d82ab4d-62da-11cf-ab39-0020af71e433>]
}

template Coords2d {
 <f6f23f44-7686-11cf-8f52-0040333594a3>
 FLOAT u;
 FLOAT v;
}

template MeshTextureCoords {
 <f6f23f40-7686-11cf-8f52-0040333594a3>
 DWORD nTextureCoords;
 array Coords2d textureCoords[nTextureCoords];
}

template XSkinMeshHeader {
 <3cf169ce-ff7c-44ab-93c0-f78f62d172e2>
 WORD nMaxSkinWeightsPerVertex;
 WORD nMaxSkinWeightsPerFace;
 WORD nBones;
}

template SkinWeights {
 <6f0d123b-bad2-4167-a0d0-80224f25fabb>
 STRING transformNodeName;
 DWORD nWeights;
 array DWORD vertexIndices[nWeights];
 array FLOAT weights[nWeights];
 Matrix4x4 matrixOffset;
}

template AnimTicksPerSecond {
 <9e415a43-7ba6-4a73-8743-b73d47e88476>
 DWORD AnimTicksPerSecond;
}

template Animation {
 <3d82ab4f-62da-11cf-ab39-0020af71e433>
 [...]
}

template AnimationSet {
 <3d82ab50-62da-11cf-ab39-0020af71e433>
 [Animation <3d82ab4f-62da-11cf-ab39-0020af71e433>]
}

template FloatKeys {
 <10dd46a9-775b-11cf-8f52-0040333594a3>
 DWORD nValues;
 array FLOAT values[nValues];
}

template TimedFloatKeys {
 <f406b180-7b3b-11cf-8f52-0040333594a3>
 DWORD time;
 FloatKeys tfkeys;
}

template AnimationKey {
 <10dd46a8-775b-11cf-8f52-0040333594a3>
 DWORD keyType;
 DWORD nKeys;
 array TimedFloatKeys keys[nKeys];
}


Material _01_-_Defaultqqq {
 1.000000;1.000000;1.000000;1.000000;;
 9.999999;
 0.000000;0.000000;0.000000;;
 0.000000;0.000000;0.000000;;

 TextureFilename {
  "MaleBody01a.png";
 }
}

Frame Dummy01 {
 

 FrameTransformMatrix {
  1.000000,0.000000,0.000000,0.000000,0.000000,-0.000000,-1.000000,0.000000,0.000000,1.000000,-0.000000,0.000000,0.000000,0.000000,0.000000,1.000000;;
 }

 Frame Bip01 {
  

  FrameTransformMatrix {
   0.283807,0.399001,0.871924,0.000000,-0.144890,-0.881029,0.450328,0.000000,0.947871,-0.254140,-0.192231,0.000000,0.003000,-0.120415,0.076108,1.000000;;
  }

  Frame Bip01_Pelvis {
   

   FrameTransformMatrix {
    0.000000,1.000000,-0.000001,0.000000,-0.000001,0.000001,1.000000,0.000000,1.000000,0.000000,0.000001,0.000000,0.000000,0.000000,0.000000,1.000000;;
   }

   Frame Bip01_Spine {
    

    FrameTransformMatrix {
     0.783360,0.166783,0.598775,0.000000,0.019868,0.956118,-0.292310,0.000000,-0.621251,0.240880,0.745670,0.000000,0.051686,-0.000020,-0.000063,1.000000;;
    }

    Frame Bip01_Spine1 {
     

     FrameTransformMatrix {
      0.928810,0.156582,0.335847,0.000000,-0.072824,0.965792,-0.248883,0.000000,-0.363329,0.206708,0.908440,0.000000,0.106511,-0.000018,-0.000077,1.000000;;
     }

     Frame Bip01_Neck {
      

      FrameTransformMatrix {
       0.984403,-0.054851,0.167162,0.000000,-0.041934,0.849616,0.525732,0.000000,-0.170860,-0.524542,0.834064,0.000000,0.130509,0.000014,0.004630,1.000000;;
      }

      Frame Bip01_Head {
       

       FrameTransformMatrix {
        0.728763,0.442719,0.522402,0.000000,-0.063064,0.803042,-0.592576,0.000000,-0.681856,0.398903,0.613147,0.000000,0.033674,0.000000,0.000000,1.000000;;
       }

       Frame Bip01_HeadNub {
        

        FrameTransformMatrix {
         1.000000,0.000000,-0.000000,0.000000,0.000000,1.000000,0.000000,0.000000,-0.000000,0.000000,1.000000,0.000000,0.169824,-0.000000,0.000000,1.000000;;
        }
       }
      }

      Frame Bip01_L_Clavicle {
       

       FrameTransformMatrix {
        -0.048828,0.982674,-0.178795,0.000000,0.983101,0.015663,-0.182393,0.000000,-0.176432,-0.184679,-0.966833,0.000000,-0.025289,0.011913,-0.007991,1.000000;;
       }

       Frame Bip01_L_UpperArm {
        

        FrameTransformMatrix {
         0.520210,-0.852113,-0.057322,0.000000,0.825480,0.484469,0.289608,0.000000,-0.219008,-0.197975,0.955427,0.000000,0.087086,0.000000,0.000000,1.000000;;
        }

        Frame Bip01_L_Forearm {
         

         FrameTransformMatrix {
          0.538252,-0.000000,-0.842784,0.000000,0.000000,1.000000,-0.000000,0.000000,0.842784,0.000000,0.538252,0.000000,0.137062,0.000000,-0.000000,1.000000;;
         }

         Frame Bip01_L_Hand {
          

          FrameTransformMatrix {
           0.962250,-0.197528,-0.187239,0.000000,0.008146,-0.666742,0.745244,0.000000,-0.272047,-0.718636,-0.639963,0.000000,0.137062,-0.000000,0.000000,1.000000;;
          }

          Frame Bip01_L_Finger0 {
           

           FrameTransformMatrix {
            0.552330,-0.069058,0.830760,0.000000,0.587143,0.739666,-0.328875,0.000000,-0.591773,0.669423,0.449087,0.000000,0.057681,-0.023605,-0.000272,1.000000;;
           }

           Frame Bip01_L_Finger0Nub {
            

            FrameTransformMatrix {
             1.000000,0.000000,0.000000,0.000000,0.000000,1.000000,0.000000,0.000000,-0.000000,0.000000,1.000000,0.000000,0.029435,-0.000000,0.000000,1.000000;;
            }
           }
          }

          Frame Bip01_L_Finger1 {
           

           FrameTransformMatrix {
            0.701549,-0.000567,0.712620,0.000000,-0.000000,1.000000,0.000796,0.000000,-0.712620,-0.000559,0.701549,0.000000,0.084102,0.000000,-0.000000,1.000000;;
           }

           Frame Bip01_L_Finger1Nub {
            

            FrameTransformMatrix {
             1.000000,0.000000,0.000000,0.000000,0.000000,1.000000,-0.000000,0.000000,0.000000,0.000000,1.000000,0.000000,0.047988,0.000000,-0.000000,1.000000;;
            }
           }
          }
         }
        }
       }
      }

      Frame Bip01_R_Clavicle {
       

       FrameTransformMatrix {
        -0.340349,-0.911605,0.230517,0.000000,-0.923609,0.370091,0.099893,0.000000,-0.176375,-0.178909,-0.967927,0.000000,-0.023566,-0.014790,0.008495,1.000000;;
       }

       Frame Bip01_R_UpperArm {
        

        FrameTransformMatrix {
         0.468691,0.812654,0.346298,0.000000,-0.707208,0.110287,0.698350,0.000000,0.529325,-0.572216,0.626406,0.000000,0.087086,0.000000,0.000000,1.000000;;
        }

        Frame Bip01_R_Forearm {
         

         FrameTransformMatrix {
          0.680359,-0.000000,-0.732879,0.000000,0.000000,1.000000,0.000000,0.000000,0.732879,-0.000000,0.680359,0.000000,0.137062,0.000000,0.000000,1.000000;;
         }

         Frame Bip01_R_Hand {
          

          FrameTransformMatrix {
           0.997668,0.036408,-0.057726,0.000000,-0.025540,-0.585198,-0.810488,0.000000,-0.063290,0.810073,-0.582904,0.000000,0.137062,0.000000,0.000000,1.000000;;
          }

          Frame Bip01_R_Finger0 {
           

           FrameTransformMatrix {
            0.829256,0.514255,0.218807,0.000000,-0.558537,0.749101,0.356210,0.000000,0.019274,-0.417601,0.908427,0.000000,0.057681,0.023605,-0.000272,1.000000;;
           }

           Frame Bip01_R_Finger0Nub {
            

            FrameTransformMatrix {
             -1.000000,-0.000000,0.000000,0.000000,0.000000,1.000000,0.000000,0.000000,0.000000,-0.000000,-1.000000,0.000000,0.029435,0.000000,0.000000,1.000000;;
            }
           }
          }

          Frame Bip01_R_Finger1 {
           

           FrameTransformMatrix {
            0.268528,0.000767,0.963271,0.000000,0.000000,1.000000,-0.000796,0.000000,-0.963272,0.000214,0.268528,0.000000,0.084102,0.000000,-0.000000,1.000000;;
           }

           Frame Bip01_R_Finger1Nub {
            

            FrameTransformMatrix {
             -1.000000,0.000000,0.000000,0.000000,0.000000,1.000000,0.000000,0.000000,0.000000,-0.000000,-1.000000,0.000000,0.047988,0.000000,0.000000,1.000000;;
            }
           }
          }
         }
        }
       }
      }
     }

     Frame Bip01_BackPack {
      

      FrameTransformMatrix {
       0.180560,0.080500,-0.980264,0.000000,0.047560,0.994765,0.090451,0.000000,0.982413,-0.062954,0.175786,0.000000,0.063697,0.000003,-0.088856,1.000000;;
      }

      Frame Bip01_BackPackNub {
       

       FrameTransformMatrix {
        0.000796,0.000003,1.000000,0.000000,0.000000,-1.000000,0.000003,0.000000,1.000000,0.000000,-0.000796,0.000000,0.053240,0.000000,0.000000,1.000000;;
       }
      }
     }
    }

    Frame Bip01_L_Thigh {
     

     FrameTransformMatrix {
      -0.260236,0.190583,0.946549,0.000000,0.660405,-0.680024,0.318485,0.000000,0.704374,0.707987,0.051105,0.000000,-0.031237,0.051776,0.045465,1.000000;;
     }

     Frame Bip01_L_Calf {
      

      FrameTransformMatrix {
       0.594564,0.000000,-0.804048,0.000000,0.000000,1.000000,0.000000,0.000000,0.804048,-0.000000,0.594564,0.000000,0.237500,-0.000000,0.000000,1.000000;;
      }

      Frame Bip01_L_Foot {
       

       FrameTransformMatrix {
        0.974124,0.220903,0.047804,0.000000,-0.224413,0.970478,0.088378,0.000000,-0.026869,-0.096819,0.994939,0.000000,0.206841,0.000000,0.000000,1.000000;;
       }

       Frame Bip01_L_Toe0 {
        

        FrameTransformMatrix {
         0.075946,0.595256,0.799939,0.000000,0.378222,0.725103,-0.575477,0.000000,-0.922594,0.346260,-0.170071,0.000000,0.065373,-0.000000,0.066450,1.000000;;
        }

        Frame Bip01_L_Toe0Nub {
         

         FrameTransformMatrix {
          -1.000000,-0.000000,-0.000000,0.000000,0.000000,1.000000,-0.000000,0.000000,0.000000,0.000000,-1.000000,0.000000,0.006735,0.000000,0.000000,1.000000;;
         }
        }
       }
      }
     }
    }

    Frame Bip01_R_Thigh {
     

     FrameTransformMatrix {
      -0.123822,-0.603948,0.787347,0.000000,-0.409331,-0.691713,-0.594963,0.000000,0.903945,-0.395955,-0.161565,0.000000,-0.049658,-0.053828,0.018859,1.000000;;
     }

     Frame Bip01_R_Calf {
      

      FrameTransformMatrix {
       0.450555,0.000000,-0.892749,0.000000,0.000000,1.000000,0.000000,0.000000,0.892749,-0.000000,0.450555,0.000000,0.237500,0.000000,0.000000,1.000000;;
      }

      Frame Bip01_R_Foot {
       

       FrameTransformMatrix {
        0.902208,-0.019914,-0.430842,0.000000,-0.034872,0.992295,-0.118888,0.000000,0.429890,0.122286,0.894562,0.000000,0.206841,0.000000,0.000000,1.000000;;
       }

       Frame Bip01_R_Toe0 {
        

        FrameTransformMatrix {
         -0.041202,0.044640,0.998153,0.000000,0.001842,0.999003,-0.044602,0.000000,-0.999149,0.000000,-0.041243,0.000000,0.065373,0.000000,0.066450,1.000000;;
        }

        Frame Bip01_R_Toe0Nub {
         

         FrameTransformMatrix {
          1.000000,-0.000000,0.000000,0.000000,-0.000000,1.000000,0.000000,0.000000,-0.000000,0.000000,1.000000,0.000000,0.006735,0.000000,-0.000000,1.000000;;
         }
        }
       }
      }
     }
    }
   }

   Frame Bip01_DressFront {
    

    FrameTransformMatrix {
     -0.738796,0.026830,0.673394,0.000000,0.046846,0.998835,0.011599,0.000000,-0.672299,0.040115,-0.739192,0.000000,-0.009140,-0.000303,0.070964,1.000000;;
    }

    Frame Bip01_DressFront02 {
     

     FrameTransformMatrix {
      0.567545,0.036757,0.822521,0.000000,-0.083184,0.996451,0.012868,0.000000,-0.819129,-0.075724,0.568589,0.000000,0.183432,0.000010,-0.000075,1.000000;;
     }

     Frame Bip01_DressFrontNub {
      

      FrameTransformMatrix {
       0.000796,0.000003,1.000000,0.000000,0.000000,-1.000000,0.000003,0.000000,1.000000,-0.000000,-0.000796,0.000000,0.165302,0.000000,0.000000,1.000000;;
      }
     }
    }
   }

   Frame Bip01_DressBack {
    

    FrameTransformMatrix {
     -0.624711,-0.004516,0.780843,0.000000,0.127462,0.985981,0.107678,0.000000,-0.770383,0.166796,-0.615378,0.000000,-0.056361,-0.000086,-0.067413,1.000000;;
    }

    Frame Bip01_DressBack02 {
     

     FrameTransformMatrix {
      0.697325,0.017928,0.716531,0.000000,-0.114031,0.989730,0.086210,0.000000,-0.707626,-0.141823,0.692208,0.000000,0.176236,0.000015,-0.000075,1.000000;;
     }

     Frame Bip01_DressBackNub {
      

      FrameTransformMatrix {
       0.000796,0.000003,1.000000,0.000000,0.000000,-1.000000,0.000003,0.000000,1.000000,-0.000000,-0.000796,0.000000,0.136508,-0.000000,0.000000,1.000000;;
      }
     }
    }
   }
  }

  Frame Bip01_Prop1 {
   

   FrameTransformMatrix {
    -0.733826,-0.616144,0.286124,0.000000,0.679155,-0.675152,0.287956,0.000000,0.015755,0.405632,0.913901,0.000000,-0.115436,0.022451,-0.086504,1.000000;;
   }
  }

  Frame Bip01_Prop2 {
   

   FrameTransformMatrix {
    0.337755,-0.805625,-0.486714,0.000000,-0.797902,-0.519364,0.305964,0.000000,-0.499274,0.285009,-0.818227,0.000000,0.005094,-0.039114,0.205917,1.000000;;
   }
  }
 }
}

Frame Translation_Data {
 

 FrameTransformMatrix {
  -0.000000,0.000000,-1.000000,0.000000,-1.000000,-0.000000,0.000000,0.000000,-0.000000,1.000000,0.000000,0.000000,0.000000,-0.000000,0.000000,1.000000;;
 }
}

Frame Body {
 

 FrameTransformMatrix {
  1.000000,0.000000,0.000000,0.000000,0.000000,1.000000,0.000000,0.000000,0.000000,0.000000,1.000000,0.000000,0.000000,0.000000,0.000000,1.000000;;
 }

 Mesh Body {
  617;
  0.068560;0.779957;0.011864;,
  0.033278;0.768389;0.006601;,
  0.028068;0.793049;0.029264;,
  0.079726;0.760977;0.003618;,
  0.085701;0.741425;-0.002082;,
  0.054006;0.709725;-0.032359;,
  0.040921;0.742233;-0.017401;,
  0.090646;0.705759;-0.001340;,
  0.029035;0.804402;0.070309;,
  0.076611;0.776256;0.088829;,
  0.064699;0.790919;0.061753;,
  0.046861;0.777654;0.095329;,
  0.083349;0.554485;0.049585;,
  0.042914;0.561534;0.068134;,
  0.042026;0.549778;0.073930;,
  0.076569;0.564457;0.046073;,
  0.071273;0.566318;-0.009852;,
  0.084221;0.539164;0.009161;,
  0.043439;0.562362;-0.040642;,
  0.069605;0.515564;-0.020557;,
  0.041023;0.506404;-0.029880;,
  -0.000000;0.710190;-0.039992;,
  -0.000000;0.744656;-0.019644;,
  0.000000;0.559411;0.068002;,
  0.000000;0.545507;0.073700;,
  0.052058;0.648684;0.081993;,
  -0.000000;0.682557;0.098994;,
  -0.000000;0.649023;0.086149;,
  0.056989;0.685349;0.095069;,
  0.059611;0.462639;-0.029589;,
  0.112493;0.367238;0.005074;,
  0.074674;0.364204;-0.023492;,
  0.094133;0.465612;0.007499;,
  0.082599;0.272149;-0.019732;,
  0.111412;0.275183;0.024713;,
  0.011665;0.459665;-0.007049;,
  0.033157;0.366178;0.077445;,
  0.012105;0.443199;0.077515;,
  0.027090;0.361171;0.001884;,
  0.057707;0.274123;0.063591;,
  0.055039;0.269115;0.021523;,
  0.112493;0.372246;0.069651;,
  0.089672;0.449499;0.066707;,
  0.098048;0.280191;0.063060;,
  0.124838;-0.000748;0.061638;,
  0.085272;-0.000832;0.107098;,
  0.079943;-0.000725;0.058570;,
  0.120129;-0.000855;0.106831;,
  0.088752;0.218872;0.008779;,
  0.123549;0.148516;0.045951;,
  0.094301;0.145482;0.017386;,
  0.120133;0.222653;0.037344;,
  0.122452;0.069143;0.056695;,
  0.102511;0.067275;0.028130;,
  0.049140;0.199087;0.034154;,
  0.061582;0.154011;0.083851;,
  0.049140;0.218646;0.086348;,
  0.065052;0.142448;0.042761;,
  0.089119;0.078864;0.079592;,
  0.086037;0.060622;0.053505;,
  0.123549;0.157963;0.083320;,
  0.120133;0.232389;0.085817;,
  0.112937;0.085184;0.079061;,
  0.090324;0.510304;0.014329;,
  0.000000;0.498718;-0.041766;,
  0.011665;0.459665;-0.007049;,
  0.000000;0.464220;-0.027763;,
  0.092057;0.505044;0.068670;,
  0.042026;0.503728;0.092694;,
  0.087953;0.459820;0.068565;,
  0.042026;0.461523;0.089653;,
  0.047486;0.605109;0.068208;,
  0.083731;0.650191;0.064113;,
  0.095217;0.658132;0.048113;,
  0.071861;0.618686;-0.007089;,
  0.088743;0.671053;-0.004327;,
  0.079480;0.609146;0.042880;,
  0.054400;0.675385;-0.040070;,
  0.048920;0.618874;-0.036813;,
  -0.000000;0.675725;-0.046646;,
  -0.000000;0.614862;-0.042193;,
  0.134397;0.782909;0.007273;,
  0.184534;0.784469;0.014260;,
  0.117145;0.732087;0.011159;,
  0.234561;0.725017;0.022630;,
  0.178103;0.724899;0.014268;,
  0.239411;0.773369;0.022601;,
  0.123431;0.730267;0.071732;,
  0.178103;0.724899;0.014268;,
  0.173570;0.725277;0.080183;,
  0.225469;0.725391;0.076597;,
  0.234561;0.725017;0.022630;,
  0.123024;0.738733;0.079254;,
  0.179714;0.784993;0.080237;,
  0.130559;0.782548;0.073104;,
  0.230325;0.773588;0.076622;,
  0.132499;0.790603;0.036141;,
  0.264952;0.774859;0.016955;,
  0.323494;0.721146;0.018181;,
  0.262927;0.717455;0.017970;,
  0.322214;0.757820;0.017309;,
  0.363882;0.720380;0.021679;,
  0.370825;0.745300;0.021227;,
  0.262927;0.717455;0.017970;,
  0.320283;0.730140;0.074597;,
  0.258577;0.718016;0.080584;,
  0.323494;0.721146;0.018181;,
  0.363719;0.728152;0.060549;,
  0.363882;0.720380;0.021679;,
  0.319015;0.758272;0.073574;,
  0.260571;0.775125;0.079758;,
  0.370221;0.745720;0.059018;,
  0.493237;0.689228;0.019866;,
  0.458189;0.679360;0.063809;,
  0.474792;0.677304;0.018656;,
  0.476429;0.691108;0.064464;,
  0.442877;0.692495;-0.005517;,
  0.453172;0.704330;0.000349;,
  0.451486;0.693529;0.001599;,
  0.444913;0.702100;-0.011818;,
  0.388932;0.704985;0.061957;,
  0.424787;0.710841;0.013736;,
  0.426046;0.703480;0.065980;,
  0.391121;0.702261;0.012360;,
  0.439605;0.718115;0.066213;,
  0.400487;0.741011;0.062204;,
  0.402247;0.739404;0.010278;,
  0.437802;0.725743;0.015977;,
  0.096798;0.794029;0.063809;,
  0.101167;0.802802;0.035562;,
  0.064699;0.790919;0.061753;,
  0.065851;0.794825;0.037332;,
  0.093798;0.692466;0.078810;,
  0.038721;0.803487;0.043345;,
  0.096959;0.789981;0.011055;,
  0.079726;0.760977;0.003618;,
  0.068560;0.779957;0.011864;,
  0.103839;0.762170;0.005761;,
  0.098348;0.734841;0.084890;,
  0.057778;0.722014;0.099984;,
  0.100834;0.740275;0.082288;,
  -0.000000;0.716092;0.102207;,
  -0.000000;0.774663;0.088931;,
  0.076611;0.776256;0.088829;,
  0.100834;0.740275;0.082288;,
  0.087386;0.729750;0.024999;,
  0.102281;0.734252;0.070749;,
  0.117145;0.732087;0.011159;,
  0.095937;0.695842;0.046672;,
  0.089012;0.699619;0.012141;,
  0.085701;0.741425;-0.002082;,
  0.101288;0.695415;0.062838;,
  0.391121;0.702261;0.012360;,
  0.035203;0.831562;0.041937;,
  0.026043;0.834377;0.063137;,
  0.000000;0.805501;0.075117;,
  0.000000;0.836861;0.071453;,
  0.437802;0.725743;0.015977;,
  0.493237;0.689228;0.019866;,
  0.476429;0.691108;0.064464;,
  0.423316;0.691062;-0.001837;,
  0.430073;0.715054;-0.008888;,
  0.423316;0.691062;-0.001837;,
  0.435128;0.696666;0.010242;,
  0.435619;0.721225;0.011779;,
  0.435619;0.721225;0.011779;,
  0.442877;0.692495;-0.005517;,
  0.444913;0.702100;-0.011818;,
  0.453172;0.704330;0.000349;,
  0.131079;0.020918;-0.015197;,
  0.100825;-0.000695;-0.059943;,
  0.099504;0.017884;-0.052706;,
  0.136639;-0.000707;-0.022433;,
  0.081526;0.032578;0.096467;,
  0.079943;-0.000725;0.058570;,
  0.085272;-0.000832;0.107098;,
  0.078571;0.024232;0.056038;,
  0.089119;0.078864;0.079592;,
  0.123066;0.035600;0.095936;,
  0.112937;0.085184;0.079061;,
  0.124838;-0.000748;0.061638;,
  0.120129;-0.000855;0.106831;,
  0.125988;0.034198;0.059166;,
  0.102511;0.067275;0.028130;,
  0.122452;0.069143;0.056695;,
  0.072011;0.014851;-0.042253;,
  0.065885;-0.000684;-0.049489;,
  0.136639;-0.000707;-0.022433;,
  0.065885;-0.000684;-0.049489;,
  0.027090;0.361171;0.001884;,
  0.055039;0.269115;0.021523;,
  0.049140;0.199087;0.034154;,
  0.065052;0.142448;0.042761;,
  0.086037;0.060622;0.053505;,
  0.086037;0.060622;0.053505;,
  0.000000;0.451709;0.022708;,
  0.046110;0.836623;0.023209;,
  0.028589;0.828033;0.004678;,
  0.037519;0.834756;0.003632;,
  0.027269;0.827442;0.024610;,
  0.038411;0.853510;0.048380;,
  0.030495;0.861477;0.069744;,
  0.019681;0.975283;0.024080;,
  0.000000;0.969940;-0.003610;,
  0.000000;0.979850;0.024549;,
  0.033917;0.913074;-0.028607;,
  0.016958;0.912584;-0.035308;,
  0.030249;0.940576;-0.017977;,
  0.043398;0.855235;0.002045;,
  0.051436;0.863838;0.029366;,
  0.044542;0.847107;0.033032;,
  0.052560;0.897185;0.049628;,
  0.053036;0.909079;0.028172;,
  0.043654;0.946058;-0.001091;,
  0.052320;0.946185;0.025461;,
  0.048803;0.906959;0.001338;,
  0.049953;0.899603;0.066051;,
  0.039116;0.906044;0.087010;,
  0.000000;0.906044;0.098219;,
  0.032856;0.953446;0.078877;,
  0.000000;0.954510;0.089235;,
  0.049277;0.884276;0.000459;,
  0.034041;0.846813;-0.012548;,
  0.034842;0.881148;-0.023188;,
  0.019502;0.823308;-0.026298;,
  0.000000;0.816837;-0.015145;,
  0.000000;0.820634;-0.035943;,
  0.025758;0.959125;-0.007580;,
  0.039361;0.964996;0.023611;,
  0.048001;0.952375;0.059838;,
  0.034467;0.970417;0.052545;,
  0.017234;0.975369;0.059363;,
  0.000000;0.977406;0.061871;,
  0.000000;0.868727;0.083331;,
  0.048001;0.952375;0.059838;,
  0.034467;0.970417;0.052545;,
  0.056104;0.893704;0.036041;,
  0.062598;0.892200;0.049225;,
  0.055906;0.866582;0.028964;,
  0.059464;0.911823;0.042677;,
  0.062598;0.892200;0.049225;,
  0.055906;0.866582;0.028964;,
  0.059464;0.911823;0.042677;,
  0.053036;0.909079;0.028172;,
  0.053542;0.885489;0.019418;,
  0.051436;0.863838;0.029366;,
  0.034554;0.903323;-0.021305;,
  0.053542;0.885489;0.019418;,
  0.038721;0.803487;0.043345;,
  0.035203;0.831562;0.041937;,
  0.065851;0.794825;0.037332;,
  0.038411;0.853510;0.048380;,
  -0.000000;0.786966;0.008365;,
  -0.000000;0.766089;-0.003043;,
  0.000000;0.560209;-0.044339;,
  0.000000;0.501094;0.092463;,
  0.000000;0.466927;0.089423;,
  0.000000;0.448402;0.083997;,
  0.000000;0.813441;0.002163;,
  0.000000;0.451709;0.022708;,
  0.017234;0.975369;0.059363;,
  0.000000;0.977406;0.061871;,
  0.020119;0.855206;-0.028727;,
  0.012582;0.878476;-0.033576;,
  0.012774;0.868889;-0.034703;,
  0.000000;0.961628;-0.016682;,
  0.000000;0.941089;-0.031701;,
  0.014875;0.902849;-0.026919;,
  -0.000000;0.604217;0.070220;,
  0.065851;0.794825;0.037332;,
  0.100825;-0.000695;-0.059943;,
  0.011857;0.847248;-0.036215;,
  0.019524;0.848631;-0.029100;,
  0.011672;0.851696;-0.032177;,
  0.000000;0.868381;-0.039775;,
  0.000000;0.877759;-0.048305;,
  0.011420;0.856062;-0.036599;,
  0.000000;0.852044;-0.032663;,
  0.000000;0.845865;-0.039098;,
  0.000000;0.912094;-0.042009;,
  0.000000;0.902374;-0.039019;,
  0.102281;0.734252;0.070749;,
  0.000000;0.856496;-0.040309;,
  0.083273;0.727063;0.041825;,
  0.087386;0.729750;0.024999;,
  0.085701;0.741425;-0.002082;,
  0.049953;0.899603;0.066051;,
  0.088752;0.218872;0.008779;,
  0.049096;0.145933;-0.007788;,
  0.035079;0.222108;-0.017007;,
  0.094301;0.145482;0.017386;,
  0.082599;0.272149;-0.019732;,
  0.036454;0.274327;-0.028062;,
  0.074674;0.364204;-0.023492;,
  0.019058;0.366099;-0.031369;,
  0.059611;0.462639;-0.029589;,
  0.010877;0.454259;-0.040383;,
  0.041023;0.506404;-0.029880;,
  0.053348;0.073340;-0.004318;,
  0.102511;0.067275;0.028130;,
  0.063903;0.147695;0.109370;,
  -0.000000;0.074726;0.122001;,
  0.072900;0.078225;0.114890;,
  -0.000000;0.148067;0.116369;,
  -0.000000;0.214801;0.102506;,
  0.053581;0.218390;0.100291;,
  -0.000000;0.276776;0.099343;,
  0.050422;0.274247;0.094000;,
  0.031875;0.367577;0.092285;,
  -0.000000;0.369196;0.095787;,
  -0.000000;0.439293;0.091879;,
  0.083273;0.727063;0.041825;,
  -0.068560;0.779957;0.011864;,
  -0.033278;0.768389;0.006601;,
  -0.079726;0.760977;0.003618;,
  -0.028068;0.793049;0.029264;,
  -0.085701;0.741425;-0.002082;,
  -0.054006;0.709725;-0.032359;,
  -0.090646;0.705759;-0.001340;,
  -0.040921;0.742233;-0.017401;,
  -0.029035;0.804402;0.070309;,
  -0.076611;0.776256;0.088829;,
  -0.046861;0.777654;0.095329;,
  -0.064699;0.790919;0.061753;,
  -0.083349;0.554485;0.049585;,
  -0.042914;0.561534;0.068134;,
  -0.076569;0.564457;0.046073;,
  -0.042026;0.549778;0.073930;,
  -0.071273;0.566318;-0.009852;,
  -0.084221;0.539164;0.009161;,
  -0.043439;0.562362;-0.040642;,
  -0.069605;0.515564;-0.020557;,
  -0.041023;0.506404;-0.029880;,
  0.000000;0.559411;0.068002;,
  0.000000;0.545507;0.073700;,
  -0.052058;0.648684;0.081993;,
  -0.000000;0.682557;0.098994;,
  -0.056989;0.685349;0.095069;,
  -0.000000;0.649023;0.086149;,
  -0.059611;0.462639;-0.029589;,
  -0.112493;0.367238;0.005074;,
  -0.094133;0.465612;0.007499;,
  -0.074674;0.364204;-0.023492;,
  -0.082599;0.272149;-0.019732;,
  -0.111412;0.275183;0.024713;,
  -0.011665;0.459665;-0.007049;,
  -0.033157;0.366178;0.077445;,
  -0.027090;0.361171;0.001884;,
  -0.012105;0.443199;0.077515;,
  -0.057707;0.274123;0.063591;,
  -0.055039;0.269115;0.021523;,
  -0.112493;0.372246;0.069651;,
  -0.089672;0.449499;0.066705;,
  -0.098048;0.280191;0.063060;,
  -0.124838;-0.000748;0.061638;,
  -0.085272;-0.000832;0.107098;,
  -0.120129;-0.000855;0.106831;,
  -0.079943;-0.000725;0.058570;,
  -0.088752;0.218872;0.008779;,
  -0.123549;0.148516;0.045951;,
  -0.120133;0.222653;0.037344;,
  -0.094301;0.145482;0.017386;,
  -0.122452;0.069143;0.056695;,
  -0.102511;0.067275;0.028130;,
  -0.049140;0.199087;0.034154;,
  -0.061582;0.154011;0.083851;,
  -0.065052;0.142448;0.042761;,
  -0.049140;0.218646;0.086348;,
  -0.089119;0.078864;0.079592;,
  -0.086037;0.060622;0.053505;,
  -0.123549;0.157963;0.083320;,
  -0.120133;0.232389;0.085817;,
  -0.112937;0.085184;0.079061;,
  -0.090324;0.510304;0.014329;,
  -0.011665;0.459665;-0.007049;,
  -0.092057;0.505044;0.068670;,
  -0.042026;0.503728;0.092694;,
  -0.087953;0.459820;0.068565;,
  -0.042026;0.461523;0.089653;,
  -0.047486;0.605109;0.068208;,
  -0.083731;0.650191;0.064113;,
  -0.095217;0.658132;0.048113;,
  -0.071861;0.618686;-0.007089;,
  -0.079480;0.609146;0.042880;,
  -0.088743;0.671053;-0.004327;,
  -0.054400;0.675385;-0.040070;,
  -0.048920;0.618874;-0.036813;,
  -0.134397;0.782909;0.007273;,
  -0.117145;0.732087;0.011159;,
  -0.184534;0.784469;0.014260;,
  -0.234561;0.725018;0.022630;,
  -0.239411;0.773369;0.022601;,
  -0.178103;0.724899;0.014268;,
  -0.123431;0.730267;0.071732;,
  -0.173570;0.725277;0.080183;,
  -0.178103;0.724899;0.014268;,
  -0.225469;0.725391;0.076597;,
  -0.234561;0.725018;0.022630;,
  -0.123024;0.738733;0.079254;,
  -0.179714;0.784993;0.080237;,
  -0.130559;0.782548;0.073104;,
  -0.230325;0.773588;0.076622;,
  -0.132499;0.790603;0.036141;,
  -0.264952;0.774860;0.016955;,
  -0.323494;0.721146;0.018181;,
  -0.322214;0.757821;0.017309;,
  -0.262927;0.717456;0.017970;,
  -0.363882;0.720380;0.021679;,
  -0.370825;0.745300;0.021227;,
  -0.262927;0.717456;0.017970;,
  -0.320283;0.730140;0.074597;,
  -0.323494;0.721146;0.018181;,
  -0.258577;0.718016;0.080584;,
  -0.363719;0.728152;0.060549;,
  -0.363882;0.720380;0.021679;,
  -0.319015;0.758272;0.073574;,
  -0.260571;0.775125;0.079758;,
  -0.370221;0.745720;0.059018;,
  -0.493237;0.689228;0.019866;,
  -0.458189;0.679360;0.063809;,
  -0.476429;0.691108;0.064464;,
  -0.474792;0.677304;0.018656;,
  -0.442877;0.692495;-0.005517;,
  -0.453172;0.704330;0.000349;,
  -0.444912;0.702100;-0.011818;,
  -0.451486;0.693529;0.001599;,
  -0.388932;0.704985;0.061957;,
  -0.424787;0.710841;0.013736;,
  -0.391121;0.702261;0.012360;,
  -0.426046;0.703480;0.065980;,
  -0.439605;0.718115;0.066213;,
  -0.400487;0.741011;0.062204;,
  -0.402247;0.739404;0.010278;,
  -0.437802;0.725743;0.015977;,
  -0.096798;0.794029;0.063809;,
  -0.101167;0.802802;0.035562;,
  -0.064699;0.790919;0.061753;,
  -0.065851;0.794825;0.037332;,
  -0.093798;0.692466;0.078810;,
  -0.038721;0.803487;0.043345;,
  -0.096959;0.789981;0.011055;,
  -0.079726;0.760977;0.003618;,
  -0.103839;0.762170;0.005761;,
  -0.068560;0.779957;0.011864;,
  -0.098348;0.734841;0.084890;,
  -0.100834;0.740275;0.082288;,
  -0.057778;0.722014;0.099984;,
  -0.000000;0.716092;0.102207;,
  -0.000000;0.774663;0.088931;,
  -0.076611;0.776256;0.088829;,
  -0.100834;0.740275;0.082288;,
  -0.087386;0.729750;0.024999;,
  -0.117145;0.732087;0.011159;,
  -0.102281;0.734252;0.070749;,
  -0.095937;0.695842;0.046672;,
  -0.089012;0.699619;0.012141;,
  -0.085701;0.741425;-0.002082;,
  -0.101288;0.695415;0.062838;,
  -0.391121;0.702261;0.012360;,
  -0.035203;0.831562;0.041937;,
  -0.026043;0.834377;0.063137;,
  0.000000;0.805501;0.075117;,
  0.000000;0.836861;0.071453;,
  -0.437802;0.725743;0.015977;,
  -0.493237;0.689228;0.019866;,
  -0.476429;0.691108;0.064464;,
  -0.423316;0.691062;-0.001837;,
  -0.430073;0.715054;-0.008888;,
  -0.423316;0.691062;-0.001837;,
  -0.435128;0.696666;0.010242;,
  -0.435619;0.721225;0.011779;,
  -0.435619;0.721225;0.011779;,
  -0.442877;0.692495;-0.005517;,
  -0.444912;0.702100;-0.011818;,
  -0.453172;0.704330;0.000349;,
  -0.131079;0.020918;-0.015197;,
  -0.100825;-0.000695;-0.059943;,
  -0.136639;-0.000707;-0.022433;,
  -0.099504;0.017884;-0.052706;,
  -0.081526;0.032578;0.096467;,
  -0.079943;-0.000725;0.058570;,
  -0.078571;0.024232;0.056038;,
  -0.085272;-0.000832;0.107098;,
  -0.089119;0.078864;0.079592;,
  -0.123066;0.035600;0.095936;,
  -0.112937;0.085184;0.079061;,
  -0.124838;-0.000748;0.061638;,
  -0.125988;0.034198;0.059166;,
  -0.120129;-0.000855;0.106831;,
  -0.102511;0.067275;0.028130;,
  -0.122452;0.069143;0.056695;,
  -0.072011;0.014851;-0.042253;,
  -0.065885;-0.000684;-0.049489;,
  -0.136639;-0.000707;-0.022433;,
  -0.065885;-0.000684;-0.049489;,
  -0.027090;0.361171;0.001884;,
  -0.055039;0.269115;0.021523;,
  -0.049140;0.199087;0.034154;,
  -0.065052;0.142448;0.042761;,
  -0.086037;0.060622;0.053505;,
  -0.086037;0.060622;0.053505;,
  -0.046110;0.836623;0.023209;,
  -0.028589;0.828033;0.004678;,
  -0.027269;0.827442;0.024610;,
  -0.037519;0.834756;0.003632;,
  -0.038411;0.853510;0.048380;,
  -0.030495;0.861477;0.069744;,
  -0.019681;0.975283;0.024080;,
  0.000000;0.979850;0.024549;,
  -0.033917;0.913074;-0.028607;,
  -0.030249;0.940576;-0.017977;,
  -0.016958;0.912584;-0.035308;,
  -0.043398;0.855235;0.002045;,
  -0.051436;0.863838;0.029366;,
  -0.044542;0.847107;0.033032;,
  -0.052560;0.897185;0.049628;,
  -0.053036;0.909079;0.028172;,
  -0.043654;0.946058;-0.001091;,
  -0.048803;0.906959;0.001338;,
  -0.052320;0.946185;0.025461;,
  -0.049953;0.899603;0.066051;,
  -0.039116;0.906044;0.087010;,
  0.000000;0.906044;0.098219;,
  -0.032856;0.953446;0.078877;,
  0.000000;0.954510;0.089235;,
  -0.049277;0.884276;0.000459;,
  -0.034842;0.881148;-0.023188;,
  -0.034041;0.846813;-0.012548;,
  -0.019502;0.823308;-0.026298;,
  -0.025758;0.959125;-0.007580;,
  -0.039361;0.964996;0.023611;,
  -0.048001;0.952375;0.059838;,
  -0.034467;0.970417;0.052545;,
  0.000000;0.977406;0.061871;,
  -0.017234;0.975369;0.059363;,
  0.000000;0.868727;0.083331;,
  -0.048001;0.952375;0.059838;,
  -0.034467;0.970417;0.052545;,
  -0.062428;0.892200;0.049225;,
  -0.056104;0.893704;0.036041;,
  -0.055809;0.866582;0.028964;,
  -0.059281;0.911823;0.042677;,
  -0.062428;0.892200;0.049225;,
  -0.055809;0.866582;0.028964;,
  -0.059281;0.911823;0.042677;,
  -0.053036;0.909079;0.028172;,
  -0.053542;0.885489;0.019418;,
  -0.051436;0.863838;0.029366;,
  -0.034554;0.903323;-0.021305;,
  -0.053542;0.885489;0.019418;,
  -0.038721;0.803487;0.043345;,
  -0.035203;0.831562;0.041937;,
  -0.065851;0.794825;0.037332;,
  -0.038411;0.853510;0.048380;,
  0.000000;0.501094;0.092463;,
  0.000000;0.466927;0.089423;,
  0.000000;0.448402;0.083997;,
  0.000000;0.451709;0.022708;,
  -0.017234;0.975369;0.059363;,
  0.000000;0.977406;0.061871;,
  -0.020119;0.855206;-0.028727;,
  -0.012582;0.878476;-0.033576;,
  -0.012774;0.868889;-0.034703;,
  -0.014875;0.902849;-0.026919;,
  -0.000000;0.604217;0.070220;,
  -0.065851;0.794825;0.037332;,
  -0.100825;-0.000695;-0.059943;,
  -0.019524;0.848631;-0.029100;,
  -0.011857;0.847248;-0.036215;,
  -0.011672;0.851696;-0.032177;,
  -0.011420;0.856062;-0.036599;,
  -0.102281;0.734252;0.070749;,
  -0.083273;0.727063;0.041825;,
  -0.087386;0.729750;0.024999;,
  -0.085701;0.741425;-0.002082;,
  -0.049953;0.899603;0.066051;,
  -0.034685;0.222132;-0.017129;,
  0.000000;0.146422;-0.014708;,
  -0.046181;0.145962;-0.008644;,
  0.000000;0.224223;-0.018719;,
  -0.037893;0.274259;-0.027803;,
  -0.000000;0.276047;-0.030278;,
  -0.021194;0.366026;-0.031066;,
  -0.000000;0.366748;-0.034068;,
  -0.011767;0.454412;-0.040185;,
  -0.000000;0.452389;-0.042791;,
  0.000000;0.498718;-0.041766;,
  -0.041023;0.506404;-0.029880;,
  0.000000;0.079921;-0.015184;,
  -0.051085;0.073619;-0.005167;,
  -0.062463;0.073656;0.115147;,
  -0.123549;0.157963;0.083320;,
  -0.112923;0.085184;0.079063;,
  -0.058789;0.148575;0.107783;,
  -0.120133;0.232389;0.085817;,
  -0.057488;0.216317;0.101367;,
  -0.050388;0.275716;0.097771;,
  -0.098048;0.280191;0.063060;,
  -0.112493;0.372246;0.069651;,
  -0.031768;0.366911;0.094877;,
  0.000000;0.466927;0.089423;,
  -0.042026;0.461523;0.089653;,
  -0.083273;0.727063;0.041825;,
  -0.059611;0.462639;-0.029589;,
  -0.074674;0.364204;-0.023492;,
  -0.082599;0.272149;-0.019732;,
  -0.088752;0.218872;0.008779;,
  -0.094301;0.145482;0.017386;,
  -0.102511;0.067275;0.028130;,
  0.089672;0.449499;0.066707;,
  0.112493;0.372246;0.069651;,
  0.042026;0.461523;0.089653;,
  0.098048;0.280191;0.063060;,
  0.120133;0.232389;0.085817;,
  0.123549;0.157963;0.083320;,
  0.112937;0.085184;0.079061;,
  -0.089672;0.449499;0.066705;;
  916;
  3;0,1,2;,
  3;1,0,3;,
  3;4,5,6;,
  3;5,4,7;,
  3;8,9,10;,
  3;9,8,11;,
  3;12,13,14;,
  3;13,12,15;,
  3;16,12,17;,
  3;12,16,15;,
  3;18,19,20;,
  3;19,18,16;,
  3;6,21,22;,
  3;21,6,5;,
  3;14,23,24;,
  3;23,14,13;,
  3;25,26,27;,
  3;26,25,28;,
  3;29,30,31;,
  3;30,29,32;,
  3;30,33,31;,
  3;33,30,34;,
  3;35,36,37;,
  3;36,35,38;,
  3;38,39,36;,
  3;39,38,40;,
  3;37,41,42;,
  3;41,37,36;,
  3;36,43,41;,
  3;43,36,39;,
  3;42,30,32;,
  3;30,42,41;,
  3;41,34,30;,
  3;34,41,43;,
  3;44,45,46;,
  3;45,44,47;,
  3;48,49,50;,
  3;49,48,51;,
  3;50,52,53;,
  3;52,50,49;,
  3;54,55,56;,
  3;55,54,57;,
  3;57,58,55;,
  3;58,57,59;,
  3;56,60,61;,
  3;60,56,55;,
  3;55,62,60;,
  3;62,55,58;,
  3;61,49,51;,
  3;49,61,60;,
  3;60,52,49;,
  3;52,60,62;,
  3;32,19,63;,
  3;19,32,29;,
  3;64,65,66;,
  3;65,64,20;,
  3;14,67,12;,
  3;67,14,68;,
  3;68,69,67;,
  3;69,68,70;,
  3;70,42,69;,
  3;42,70,37;,
  3;48,34,51;,
  3;34,48,33;,
  3;51,43,61;,
  3;43,51,34;,
  3;43,56,61;,
  3;56,43,39;,
  3;39,54,56;,
  3;54,39,40;,
  3;12,63,17;,
  3;63,12,67;,
  3;67,32,63;,
  3;32,67,69;,
  3;69,42,32;,
  3;71,72,25;,
  3;73,74,75;,
  3;74,73,76;,
  3;74,77,75;,
  3;77,74,78;,
  3;79,78,80;,
  3;78,79,77;,
  3;81,82,83;,
  3;82,84,85;,
  3;84,82,86;,
  3;87,88,89;,
  3;88,90,89;,
  3;90,88,91;,
  3;92,93,94;,
  3;92,89,93;,
  3;92,87,89;,
  3;89,95,93;,
  3;95,89,90;,
  3;96,93,82;,
  3;93,86,82;,
  3;86,93,95;,
  3;97,98,99;,
  3;98,97,100;,
  3;100,101,98;,
  3;101,100,102;,
  3;103,104,105;,
  3;104,103,106;,
  3;106,107,104;,
  3;107,106,108;,
  3;105,109,110;,
  3;109,105,104;,
  3;104,111,109;,
  3;111,104,107;,
  3;110,100,97;,
  3;100,110,109;,
  3;109,102,100;,
  3;102,109,111;,
  3;112,113,114;,
  3;113,112,115;,
  3;116,117,118;,
  3;117,116,119;,
  3;120,121,122;,
  3;121,120,123;,
  3;120,124,125;,
  3;124,120,122;,
  3;126,124,127;,
  3;124,126,125;,
  3;95,97,86;,
  3;97,95,110;,
  3;86,99,84;,
  3;99,86,97;,
  3;90,103,105;,
  3;103,90,91;,
  3;105,95,90;,
  3;95,105,110;,
  3;128,96,129;,
  3;96,128,94;,
  3;129,130,128;,
  3;130,129,131;,
  3;72,28,25;,
  3;28,72,132;,
  3;10,133,8;,
  3;134,135,136;,
  3;135,134,137;,
  3;81,137,134;,
  3;138,11,139;,
  3;138,9,11;,
  3;138,140,9;,
  3;141,11,142;,
  3;11,141,139;,
  3;128,130,143;,
  3;94,144,92;,
  3;94,143,144;,
  3;94,128,143;,
  3;145,87,146;,
  3;87,145,147;,
  3;75,148,73;,
  3;148,75,149;,
  3;150,147,145;,
  3;7,149,75;,
  3;148,151,73;,
  3;102,152,101;,
  3;152,102,126;,
  3;102,125,126;,
  3;125,102,111;,
  3;111,120,125;,
  3;120,111,107;,
  3;120,108,123;,
  3;108,120,107;,
  3;8,153,154;,
  3;153,8,133;,
  3;154,155,8;,
  3;155,154,156;,
  3;122,114,113;,
  3;114,122,121;,
  3;121,112,114;,
  3;112,121,157;,
  3;158,124,159;,
  3;124,158,127;,
  3;159,122,113;,
  3;122,159,124;,
  3;126,160,152;,
  3;160,126,161;,
  3;162,121,123;,
  3;121,162,163;,
  3;121,164,157;,
  3;164,121,163;,
  3;165,126,127;,
  3;126,165,161;,
  3;161,166,160;,
  3;166,161,167;,
  3;162,118,163;,
  3;118,162,116;,
  3;163,117,164;,
  3;117,163,118;,
  3;165,167,161;,
  3;167,165,168;,
  3;169,170,171;,
  3;170,169,172;,
  3;173,174,175;,
  3;174,173,176;,
  3;177,178,179;,
  3;178,177,173;,
  3;180,178,181;,
  3;178,180,182;,
  3;183,169,171;,
  3;169,183,184;,
  3;174,185,186;,
  3;185,174,176;,
  3;46,187,44;,
  3;187,46,188;,
  3;180,169,182;,
  3;169,180,172;,
  3;20,29,65;,
  3;19,29,20;,
  3;29,31,189;,
  3;31,190,189;,
  3;190,31,33;,
  3;33,191,190;,
  3;191,33,48;,
  3;191,50,192;,
  3;50,191,48;,
  3;192,53,193;,
  3;53,192,50;,
  3;194,171,185;,
  3;171,194,183;,
  3;171,186,185;,
  3;186,171,170;,
  3;185,176,194;,
  3;194,173,177;,
  3;173,194,176;,
  3;178,175,181;,
  3;175,178,173;,
  3;179,182,184;,
  3;182,179,178;,
  3;182,169,184;,
  3;16,17,19;,
  3;17,63,19;,
  3;65,195,66;,
  3;196,197,198;,
  3;197,196,199;,
  3;200,154,153;,
  3;154,200,201;,
  3;202,203,204;,
  3;205,206,207;,
  3;196,208,209;,
  3;208,196,198;,
  3;210,209,211;,
  3;209,210,196;,
  3;212,213,214;,
  3;213,212,215;,
  3;212,214,211;,
  3;201,216,217;,
  3;216,201,200;,
  3;218,219,220;,
  3;219,218,217;,
  3;210,199,196;,
  3;213,205,207;,
  3;221,222,223;,
  3;198,197,224;,
  3;224,225,226;,
  3;225,224,197;,
  3;227,213,207;,
  3;228,229,214;,
  3;229,228,230;,
  3;220,231,232;,
  3;213,228,214;,
  3;156,201,233;,
  3;201,156,154;,
  3;233,217,218;,
  3;217,233,201;,
  3;219,217,234;,
  3;235,219,234;,
  3;236,237,238;,
  3;237,236,239;,
  3;209,240,211;,
  3;240,209,241;,
  3;211,242,212;,
  3;242,211,240;,
  3;243,236,244;,
  3;236,243,239;,
  3;244,238,245;,
  3;238,244,236;,
  3;246,221,223;,
  3;221,246,215;,
  3;221,212,247;,
  3;212,221,215;,
  3;199,248,2;,
  3;248,199,249;,
  3;133,10,250;,
  3;249,210,251;,
  3;210,249,199;,
  3;210,211,251;,
  3;252,1,253;,
  3;1,252,2;,
  3;20,254,18;,
