xof 0303txt 0032
template ColorRGBA {
 <35ff44e0-6c7c-11cf-8f52-0040333594a3>
 FLOAT red;
 FLOAT green;
 FLOAT blue;
 FLOAT alpha;
}

template ColorRGB {
 <d3e16e81-7835-11cf-8f52-0040333594a3>
 FLOAT red;
 FLOAT green;
 FLOAT blue;
}

template Material {
 <3d82ab4d-62da-11cf-ab39-0020af71e433>
 ColorRGBA faceColor;
 FLOAT power;
 ColorRGB specularColor;
 ColorRGB emissiveColor;
 [...]
}

template TextureFilename {
 <a42790e1-7810-11cf-8f52-0040333594a3>
 STRING filename;
}

template Frame {
 <3d82ab46-62da-11cf-ab39-0020af71e433>
 [...]
}

template Matrix4x4 {
 <f6f23f45-7686-11cf-8f52-0040333594a3>
 array FLOAT matrix[16];
}

template FrameTransformMatrix {
 <f6f23f41-7686-11cf-8f52-0040333594a3>
 Matrix4x4 frameMatrix;
}

template Vector {
 <3d82ab5e-62da-11cf-ab39-0020af71e433>
 FLOAT x;
 FLOAT y;
 FLOAT z;
}

template MeshFace {
 <3d82ab5f-62da-11cf-ab39-0020af71e433>
 DWORD nFaceVertexIndices;
 array DWORD faceVertexIndices[nFaceVertexIndices];
}

template Mesh {
 <3d82ab44-62da-11cf-ab39-0020af71e433>
 DWORD nVertices;
 array Vector vertices[nVertices];
 DWORD nFaces;
 array MeshFace faces[nFaces];
 [...]
}

template MeshMaterialList {
 <f6f23f42-7686-11cf-8f52-0040333594a3>
 DWORD nMaterials;
 DWORD nFaceIndexes;
 array DWORD faceIndexes[nFaceIndexes];
 [Material <3d82ab4d-62da-11cf-ab39-0020af71e433>]
}

template VertexElement {
 <f752461c-1e23-48f6-b9f8-8350850f336f>
 DWORD Type;
 DWORD Method;
 DWORD Usage;
 DWORD UsageIndex;
}

template DeclData {
 <bf22e553-292c-4781-9fea-62bd554bdd93>
 DWORD nElements;
 array VertexElement Elements[nElements];
 DWORD nDWords;
 array DWORD data[nDWords];
}

template XSkinMeshHeader {
 <3cf169ce-ff7c-44ab-93c0-f78f62d172e2>
 WORD nMaxSkinWeightsPerVertex;
 WORD nMaxSkinWeightsPerFace;
 WORD nBones;
}

template SkinWeights {
 <6f0d123b-bad2-4167-a0d0-80224f25fabb>
 STRING transformNodeName;
 DWORD nWeights;
 array DWORD vertexIndices[nWeights];
 array FLOAT weights[nWeights];
 Matrix4x4 matrixOffset;
}

template AnimTicksPerSecond {
 <9e415a43-7ba6-4a73-8743-b73d47e88476>
 DWORD AnimTicksPerSecond;
}

template Animation {
 <3d82ab4f-62da-11cf-ab39-0020af71e433>
 [...]
}

template AnimationSet {
 <3d82ab50-62da-11cf-ab39-0020af71e433>
 [Animation <3d82ab4f-62da-11cf-ab39-0020af71e433>]
}

template FloatKeys {
 <10dd46a9-775b-11cf-8f52-0040333594a3>
 DWORD nValues;
 array FLOAT values[nValues];
}

template TimedFloatKeys {
 <f406b180-7b3b-11cf-8f52-0040333594a3>
 DWORD time;
 FloatKeys tfkeys;
}

template AnimationKey {
 <10dd46a8-775b-11cf-8f52-0040333594a3>
 DWORD keyType;
 DWORD nKeys;
 array TimedFloatKeys keys[nKeys];
}


Material _03_-_Default {
 1.000000;1.000000;1.000000;1.000000;;
 9.999999;
 0.000000;0.000000;0.000000;;
 0.000000;0.000000;0.000000;;

 TextureFilename {
  "MaleBody_full.png";
 }
}

Frame Dummy01 {
 

 FrameTransformMatrix {
  1.000000,0.000000,0.000000,0.000000,0.000000,-0.000000,-1.000000,0.000000,0.000000,1.000000,-0.000000,0.000000,0.000000,0.000000,0.000000,1.000000;;
 }

 Frame Bip01 {
  

  FrameTransformMatrix {
   0.203208,-0.029350,0.978696,0.000000,0.026258,-0.999028,-0.035412,0.000000,0.978783,0.032895,-0.202240,0.000000,-0.005633,-0.152345,0.056075,1.000000;;
  }

  Frame Bip01_Pelvis {
   

   FrameTransformMatrix {
    -0.167480,0.984690,-0.048326,0.000000,-0.064562,0.037959,0.997192,0.000000,0.983759,0.170129,0.057216,0.000000,0.000000,0.000000,0.000000,1.000000;;
   }

   Frame Bip01_Spine {
    

    FrameTransformMatrix {
     0.984600,-0.132643,0.113876,0.000000,0.122804,0.988388,0.089486,0.000000,-0.124423,-0.074123,0.989457,0.000000,0.050853,0.001966,0.008700,1.000000;;
    }

    Frame Bip01_Spine1 {
     

     FrameTransformMatrix {
      0.979309,-0.197212,-0.045395,0.000000,0.201763,0.968839,0.143678,0.000000,0.015645,-0.149864,0.988583,0.000000,0.106479,0.000013,-0.000084,1.000000;;
     }

     Frame Bip01_Neck {
      

      FrameTransformMatrix {
       0.991186,0.000000,0.132476,0.000000,-0.000000,1.000000,-0.000000,0.000000,-0.132476,-0.000000,0.991186,0.000000,0.130508,0.000000,0.004625,1.000000;;
      }

      Frame Bip01_Head {
       

       FrameTransformMatrix {
        0.922099,0.201276,-0.330485,0.000000,0.030005,0.814308,0.579657,0.000000,0.385788,-0.544417,0.744834,0.000000,0.033674,0.000000,0.000000,1.000000;;
       }

       Frame Bip01_HeadNub {
        

        FrameTransformMatrix {
         1.000000,-0.000000,0.000000,0.000000,-0.000000,1.000000,-0.000000,0.000000,0.000000,0.000000,1.000000,0.000000,0.169824,0.000000,0.000000,1.000000;;
        }
       }
      }

      Frame Bip01_L_Clavicle {
       

       FrameTransformMatrix {
        0.038270,0.997146,0.065073,0.000000,0.990385,-0.029186,-0.135227,0.000000,-0.132942,0.069622,-0.988675,0.000000,-0.024429,0.015715,-0.001402,1.000000;;
       }

       Frame Bip01_L_UpperArm {
        

        FrameTransformMatrix {
         0.784209,-0.424883,0.452207,0.000000,0.586022,0.267608,-0.764830,0.000000,0.203949,0.864789,0.458851,0.000000,0.087086,-0.000000,0.000000,1.000000;;
        }

        Frame Bip01_L_Forearm {
         

         FrameTransformMatrix {
          -0.823371,0.000000,-0.567503,0.000000,0.000000,1.000000,0.000000,0.000000,0.567503,0.000000,-0.823371,0.000000,0.137062,-0.000000,0.000000,1.000000;;
         }

         Frame Bip01_L_Hand {
          

          FrameTransformMatrix {
           0.991182,-0.069903,0.112572,0.000000,-0.124882,-0.208703,0.969973,0.000000,-0.044310,-0.975478,-0.215592,0.000000,0.137062,-0.000000,-0.000000,1.000000;;
          }

          Frame Bip01_L_Finger0 {
           

           FrameTransformMatrix {
            0.829256,-0.514255,0.218807,0.000000,0.558537,0.749101,-0.356210,0.000000,0.019274,0.417601,0.908427,0.000000,0.057681,-0.023605,-0.000272,1.000000;;
           }

           Frame Bip01_L_Finger0Nub {
            

            FrameTransformMatrix {
             1.000000,0.000000,0.000000,0.000000,-0.000000,1.000000,0.000000,0.000000,0.000000,-0.000000,1.000000,0.000000,0.029435,0.000000,0.000000,1.000000;;
            }
           }
          }

          Frame Bip01_L_Finger1 {
           

           FrameTransformMatrix {
            0.989590,-0.000115,0.143914,0.000000,-0.000000,1.000000,0.000796,0.000000,-0.143914,-0.000788,0.989590,0.000000,0.084102,0.000000,0.000000,1.000000;;
           }

           Frame Bip01_L_Finger1Nub {
            

            FrameTransformMatrix {
             1.000000,-0.000000,0.000000,0.000000,-0.000000,1.000000,-0.000000,0.000000,-0.000000,0.000000,1.000000,0.000000,0.047988,0.000000,0.000000,1.000000;;
            }
           }
          }
         }
        }
       }
      }

      Frame Bip01_R_Clavicle {
       

       FrameTransformMatrix {
        -0.046058,-0.938378,-0.342528,0.000000,-0.991081,0.000000,0.133265,0.000000,-0.125053,0.345610,-0.930008,0.000000,-0.024429,-0.015714,-0.001401,1.000000;;
       }

       Frame Bip01_R_UpperArm {
        

        FrameTransformMatrix {
         0.987533,-0.050601,-0.149058,0.000000,0.115073,0.878192,0.464259,0.000000,0.107410,-0.475624,0.873066,0.000000,0.087086,0.000000,0.000000,1.000000;;
        }

        Frame Bip01_R_Forearm {
         

         FrameTransformMatrix {
          0.984739,-0.000000,-0.174038,0.000000,-0.000000,1.000000,0.000000,0.000000,0.174038,0.000000,0.984739,0.000000,0.137062,0.000000,0.000000,1.000000;;
         }

         Frame Bip01_R_Hand {
          

          FrameTransformMatrix {
           0.998593,0.051362,0.013178,0.000000,-0.007602,0.384627,-0.923041,0.000000,-0.052478,0.921642,0.384476,0.000000,0.137062,0.000000,-0.000000,1.000000;;
          }

          Frame Bip01_R_Finger0 {
           

           FrameTransformMatrix {
            0.829256,0.514255,0.218807,0.000000,-0.558537,0.749101,0.356210,0.000000,0.019274,-0.417601,0.908427,0.000000,0.057681,0.023605,-0.000272,1.000000;;
           }

           Frame Bip01_R_Finger0Nub {
            

            FrameTransformMatrix {
             -1.000000,0.000000,0.000000,0.000000,0.000000,1.000000,0.000000,0.000000,0.000000,0.000000,-1.000000,0.000000,0.029435,0.000000,0.000000,1.000000;;
            }
           }
          }

          Frame Bip01_R_Finger1 {
           

           FrameTransformMatrix {
            0.989590,0.000115,0.143914,0.000000,-0.000000,1.000000,-0.000796,0.000000,-0.143914,0.000788,0.989590,0.000000,0.084102,0.000000,-0.000000,1.000000;;
           }

           Frame Bip01_R_Finger1Nub {
            

            FrameTransformMatrix {
             -1.000000,-0.000000,-0.000000,0.000000,0.000000,1.000000,-0.000000,0.000000,-0.000000,0.000000,-1.000000,0.000000,0.047988,0.000000,0.000000,1.000000;;
            }
           }
          }
         }
        }
       }
      }
     }

     Frame Bip01_BackPack {
      

      FrameTransformMatrix {
       0.180560,0.080500,-0.980264,0.000000,0.047560,0.994765,0.090451,0.000000,0.982414,-0.062954,0.175786,0.000000,0.063697,0.000003,-0.088856,1.000000;;
      }

      Frame Bip01_BackPackNub {
       

       FrameTransformMatrix {
        0.000796,0.000003,1.000000,0.000000,0.000000,-1.000000,0.000003,0.000000,1.000000,-0.000000,-0.000796,0.000000,0.053240,-0.000000,0.000000,1.000000;;
       }
      }
     }
    }

    Frame Bip01_L_Thigh {
     

     FrameTransformMatrix {
      -0.983019,-0.140827,0.117652,0.000000,0.099816,-0.948339,-0.301149,0.000000,0.153984,-0.284291,0.946292,0.000000,-0.058126,0.045617,-0.006229,1.000000;;
     }

     Frame Bip01_L_Calf {
      

      FrameTransformMatrix {
       0.954032,0.000000,-0.299705,0.000000,0.000000,1.000000,-0.000000,0.000000,0.299705,0.000000,0.954032,0.000000,0.237500,-0.000000,0.000000,1.000000;;
      }

      Frame Bip01_L_Foot {
       

       FrameTransformMatrix {
        0.986803,-0.136277,-0.087460,0.000000,0.117153,0.973707,-0.195370,0.000000,0.111784,0.182545,0.976822,0.000000,0.206841,0.000000,0.000000,1.000000;;
       }

       Frame Bip01_L_Toe0 {
        

        FrameTransformMatrix {
         -0.772974,-0.000047,0.634438,0.000000,-0.000036,1.000000,0.000029,0.000000,-0.634438,-0.000000,-0.772974,0.000000,0.065373,0.000000,0.066450,1.000000;;
        }

        Frame Bip01_L_Toe0Nub {
         

         FrameTransformMatrix {
          -1.000000,0.000000,-0.000000,0.000000,-0.000000,1.000000,0.000000,0.000000,-0.000000,-0.000000,-1.000000,0.000000,0.006735,0.000000,0.000000,1.000000;;
         }
        }
       }
      }
     }
    }

    Frame Bip01_R_Thigh {
     

     FrameTransformMatrix {
      -0.957183,-0.282191,-0.064573,0.000000,0.278652,-0.837700,-0.469694,0.000000,0.078450,-0.467576,0.880465,0.000000,-0.043475,-0.063551,0.001958,1.000000;;
     }

     Frame Bip01_R_Calf {
      

      FrameTransformMatrix {
       0.985298,-0.000000,-0.170845,0.000000,0.000000,1.000000,0.000000,0.000000,0.170845,0.000000,0.985298,0.000000,0.237500,0.000000,-0.000000,1.000000;;
      }

      Frame Bip01_R_Foot {
       

       FrameTransformMatrix {
        0.998028,0.014592,-0.061050,0.000000,-0.032099,0.954457,-0.296616,0.000000,0.053941,0.297991,0.953043,0.000000,0.206841,-0.000000,0.000000,1.000000;;
       }

       Frame Bip01_R_Toe0 {
        

        FrameTransformMatrix {
         0.071576,-0.656826,0.750637,0.000000,0.137189,0.751898,0.644848,0.000000,-0.987956,0.056823,0.143927,0.000000,0.065373,0.000000,0.066450,1.000000;;
        }

        Frame Bip01_R_Toe0Nub {
         

         FrameTransformMatrix {
          1.000000,0.000000,-0.000000,0.000000,-0.000000,1.000000,-0.000000,0.000000,0.000000,0.000000,1.000000,0.000000,0.006735,-0.000000,-0.000000,1.000000;;
         }
        }
       }
      }
     }
    }
   }

   Frame Bip01_DressFront {
    

    FrameTransformMatrix {
     -0.951447,-0.086510,-0.295405,0.000000,-0.084016,0.996240,-0.021149,0.000000,0.296124,0.004697,-0.955138,0.000000,-0.044045,0.001399,0.061081,1.000000;;
    }

    Frame Bip01_DressFront02 {
     

     FrameTransformMatrix {
      0.946169,0.038599,0.321363,0.000000,-0.067092,0.994688,0.078063,0.000000,-0.316643,-0.095421,0.943733,0.000000,0.183366,0.000013,-0.000124,1.000000;;
     }

     Frame Bip01_DressFrontNub {
      

      FrameTransformMatrix {
       0.000796,0.000003,1.000000,0.000000,0.000000,-1.000000,0.000003,0.000000,1.000000,-0.000000,-0.000796,0.000000,0.165302,0.000000,0.000000,1.000000;;
      }
     }
    }
   }

   Frame Bip01_DressBack {
    

    FrameTransformMatrix {
     -0.989676,0.003662,-0.143274,0.000000,0.005314,0.999924,-0.011154,0.000000,0.143222,-0.011800,-0.989620,0.000000,-0.047753,0.000002,-0.078281,1.000000;;
    }

    Frame Bip01_DressBack02 {
     

     FrameTransformMatrix {
      0.992730,0.000000,0.120362,0.000000,-0.000000,1.000000,0.000000,0.000000,-0.120362,-0.000000,0.992730,0.000000,0.176172,0.000000,-0.000108,1.000000;;
     }

     Frame Bip01_DressBackNub {
      

      FrameTransformMatrix {
       0.000796,0.000003,1.000000,0.000000,0.000000,-1.000000,0.000003,0.000000,1.000000,-0.000000,-0.000796,0.000000,0.136508,-0.000000,0.000000,1.000000;;
      }
     }
    }
   }
  }

  Frame Bip01_Prop1 {
   

   FrameTransformMatrix {
    0.431763,-0.053240,-0.900415,0.000000,0.720419,-0.580323,0.379766,0.000000,-0.542750,-0.812645,-0.212206,0.000000,-0.129091,0.117905,-0.385541,1.000000;;
   }
  }

  Frame Bip01_Prop2 {
   

   FrameTransformMatrix {
    0.337755,-0.805625,-0.486714,0.000000,-0.797902,-0.519364,0.305964,0.000000,-0.499274,0.285009,-0.818227,0.000000,0.037708,0.226317,0.062474,1.000000;;
   }
  }
 }
}

Frame Translation_Data {
 

 FrameTransformMatrix {
  1.000000,0.000000,0.000000,0.000000,0.000000,-0.000000,-1.000000,0.000000,0.000000,1.000000,-0.000000,0.000000,0.000000,0.000000,0.000000,1.000000;;
 }
}

Frame Body {
 

 FrameTransformMatrix {
  1.000000,0.000000,0.000000,0.000000,0.000000,1.000000,0.000000,0.000000,0.000000,0.000000,1.000000,0.000000,0.000000,0.000000,0.000000,1.000000;;
 }

 Mesh Body {
  617;
  0.003362;0.069905;0.441646;,
  -0.023534;0.073260;0.417468;,
  -0.039175;0.054734;0.441285;,
  0.021489;0.074523;0.427027;,
  0.034624;0.073667;0.409192;,
  0.023168;0.098958;0.365163;,
  -0.005005;0.092726;0.393046;,
  0.054874;0.064480;0.375101;,
  -0.046309;0.015556;0.456158;,
  0.005866;-0.007774;0.451179;,
  -0.006520;0.024931;0.458883;,
  -0.023588;-0.013903;0.440826;,
  0.061908;-0.011970;0.193402;,
  0.019188;-0.018126;0.200016;,
  0.015999;-0.023091;0.183859;,
  0.056938;-0.006081;0.207460;,
  0.065600;0.048227;0.218084;,
  0.074124;0.028902;0.186345;,
  0.046686;0.085176;0.218273;,
  0.068073;0.065951;0.169025;,
  0.044467;0.083495;0.161777;,
  -0.026921;0.111612;0.348679;,
  -0.043870;0.097890;0.380871;,
  -0.022036;-0.006816;0.196630;,
  -0.024214;-0.010879;0.179582;,
  0.022402;-0.021978;0.311182;,
  -0.036826;-0.028586;0.334435;,
  -0.027913;-0.019132;0.299022;,
  0.016620;-0.029751;0.353907;,
  0.047790;0.089720;0.120052;,
  0.091877;0.085250;0.016731;,
  0.050830;0.108437;0.022474;,
  0.083509;0.055280;0.113132;,
  0.051459;0.127025;-0.072314;,
  0.085289;0.086711;-0.076978;,
  -0.001476;0.062965;0.114939;,
  0.021837;0.004932;0.003451;,
  -0.007863;0.001630;0.078566;,
  0.006490;0.078211;0.016333;,
  0.036436;0.042195;-0.080200;,
  0.028631;0.083656;-0.079292;,
  0.099925;0.021766;0.006717;,
  0.079295;0.000113;0.084740;,
  0.076787;0.046914;-0.076468;,
  0.104955;0.045196;-0.344392;,
  0.080158;-0.009506;-0.339403;,
  0.061974;0.034085;-0.351751;,
  0.112811;0.001588;-0.334330;,
  0.057654;0.100724;-0.131397;,
  0.091997;0.068076;-0.204178;,
  0.059691;0.093296;-0.205096;,
  0.092122;0.075731;-0.129859;,
  0.087038;0.059262;-0.281922;,
  0.062995;0.083398;-0.286068;,
  0.019917;0.071315;-0.149158;,
  0.034955;0.023596;-0.195560;,
  0.026759;0.019297;-0.130345;,
  0.033242;0.064900;-0.206748;,
  0.058004;0.031622;-0.271064;,
  0.053270;0.052082;-0.293214;,
  0.096623;0.030864;-0.195256;,
  0.097970;0.027481;-0.120799;,
  0.080910;0.036745;-0.264604;,
  0.080262;0.027848;0.157052;,
  0.008446;0.107103;0.156450;,
  -0.001476;0.062965;0.114939;,
  0.006714;0.100388;0.119870;,
  0.068075;-0.022983;0.141198;,
  0.013668;-0.032123;0.135016;,
  0.073496;-0.007625;0.095417;,
  0.024269;-0.023033;0.093767;,
  0.026882;-0.012888;0.261176;,
  0.054993;-0.008476;0.319460;,
  0.066531;0.006368;0.329090;,
  0.061519;0.057002;0.278655;,
  0.065439;0.059828;0.337306;,
  0.061467;0.006539;0.270890;,
  0.037250;0.099881;0.331310;,
  0.044897;0.090002;0.274569;,
  -0.011944;0.113161;0.319809;,
  -0.000326;0.103505;0.261708;,
  0.074638;0.064581;0.428026;,
  0.122106;0.046925;0.428012;,
  0.042322;0.029661;0.402889;,
  0.140665;-0.025978;0.414998;,
  0.097659;0.004751;0.393174;,
  0.162344;0.009266;0.440112;,
  0.042964;-0.010312;0.448863;,
  0.097659;0.004751;0.393174;,
  0.088301;-0.033699;0.446084;,
  0.153147;-0.044200;0.420160;,
  0.140665;-0.025978;0.414998;,
  0.044594;-0.008506;0.459931;,
  0.112515;0.008628;0.481096;,
  0.065717;0.025433;0.480337;,
  0.174966;-0.009002;0.444913;,
  0.072941;0.053281;0.455696;,
  0.136856;0.018995;0.457152;,
  0.076491;0.025745;0.405924;,
  0.106699;-0.021316;0.429477;,
  0.096992;0.049600;0.424847;,
  0.055966;0.056237;0.386946;,
  0.066754;0.077068;0.395563;,
  0.106699;-0.021316;0.429477;,
  0.119125;0.031023;0.368130;,
  0.149902;-0.024077;0.385216;,
  0.076491;0.025745;0.405924;,
  0.084058;0.059867;0.359575;,
  0.055966;0.056237;0.386946;,
  0.134779;0.049101;0.383037;,
  0.179609;0.016099;0.412851;,
  0.091090;0.077532;0.366722;,
  -0.022717;0.148539;0.327968;,
  0.006561;0.107549;0.301148;,
  -0.024853;0.127022;0.332013;,
  0.008364;0.128886;0.297592;,
  -0.012738;0.112758;0.370527;,
  -0.004971;0.126802;0.365741;,
  -0.011819;0.119319;0.361476;,
  -0.009523;0.120650;0.378495;,
  0.053189;0.064820;0.339314;,
  0.018356;0.104937;0.367992;,
  0.039005;0.093935;0.320687;,
  0.024860;0.072743;0.379400;,
  0.044680;0.113061;0.320375;,
  0.075874;0.093983;0.347459;,
  0.047373;0.102521;0.390084;,
  0.025483;0.123452;0.366294;,
  0.020847;0.021977;0.472541;,
  0.023093;0.051227;0.478316;,
  -0.006520;0.024931;0.458883;,
  -0.006456;0.047270;0.457718;,
  0.051363;-0.016361;0.370332;,
  -0.034169;0.041402;0.456061;,
  0.026115;0.073820;0.460351;,
  0.021489;0.074523;0.427027;,
  0.003362;0.069905;0.441646;,
  0.041112;0.068907;0.430759;,
  0.038026;-0.012472;0.422378;,
  0.004760;-0.027177;0.393320;,
  0.038874;-0.008994;0.428247;,
  -0.047573;-0.026549;0.368039;,
  -0.065747;-0.005034;0.421083;,
  0.005866;-0.007774;0.451179;,
  0.038874;-0.008994;0.428247;,
  0.036994;0.046258;0.403338;,
  0.043558;0.001204;0.421121;,
  0.042322;0.029661;0.402889;,
  0.056552;0.015509;0.371424;,
  0.053384;0.050635;0.369961;,
  0.034624;0.073667;0.409192;,
  0.059632;-0.000980;0.374011;,
  0.024860;0.072743;0.379400;,
  -0.045204;0.045170;0.478604;,
  -0.048508;0.023542;0.475060;,
  -0.074339;0.012783;0.447580;,
  -0.069842;0.010230;0.467890;,
  0.025483;0.123452;0.366294;,
  -0.022717;0.148539;0.327968;,
  0.008364;0.128886;0.297592;,
  -0.003979;0.095306;0.374643;,
  0.007818;0.115062;0.386538;,
  -0.003979;0.095306;0.374643;,
  0.001634;0.106240;0.361768;,
  0.020804;0.119830;0.369086;,
  0.020804;0.119830;0.369086;,
  -0.012738;0.112758;0.370527;,
  -0.009523;0.120650;0.378495;,
  -0.004971;0.126802;0.365741;,
  0.085370;0.122771;-0.341149;,
  0.049434;0.151051;-0.377115;,
  0.046204;0.147340;-0.357747;,
  0.093227;0.127235;-0.362811;,
  0.066650;0.005433;-0.310461;,
  0.061974;0.034085;-0.351751;,
  0.080158;-0.009506;-0.339403;,
  0.054690;0.040648;-0.328621;,
  0.058004;0.031622;-0.271064;,
  0.104858;0.019418;-0.301541;,
  0.080910;0.036745;-0.264604;,
  0.104955;0.045196;-0.344392;,
  0.112811;0.001588;-0.334330;,
  0.097929;0.054339;-0.311291;,
  0.062995;0.083398;-0.286068;,
  0.087038;0.059262;-0.281922;,
  0.023876;0.128477;-0.362214;,
  0.019467;0.130434;-0.379762;,
  0.093227;0.127235;-0.362811;,
  0.019467;0.130434;-0.379762;,
  0.006490;0.078211;0.016333;,
  0.028631;0.083656;-0.079292;,
  0.019917;0.071315;-0.149158;,
  0.033242;0.064900;-0.206748;,
  0.053270;0.052082;-0.293214;,
  0.053270;0.052082;-0.293214;,
  -0.005733;0.055047;0.097664;,
  -0.045821;0.077010;0.487945;,
  -0.069214;0.085005;0.477314;,
  -0.063683;0.088793;0.486320;,
  -0.055537;0.060107;0.474944;,
  -0.040168;0.048175;0.498652;,
  -0.035492;0.024644;0.501294;,
  -0.088094;0.025978;0.612583;,
  -0.118989;0.039386;0.605630;,
  -0.104349;0.014026;0.611433;,
  -0.097265;0.092393;0.564072;,
  -0.114666;0.088998;0.559784;,
  -0.098376;0.074651;0.587878;,
  -0.063051;0.087800;0.507653;,
  -0.042230;0.067697;0.514541;,
  -0.043065;0.065492;0.496229;,
  -0.034864;0.043162;0.543995;,
  -0.048657;0.057631;0.558223;,
  -0.078753;0.066630;0.594624;,
  -0.056553;0.049705;0.593713;,
  -0.067147;0.077645;0.558497;,
  -0.027899;0.027879;0.543458;,
  -0.025565;0.003537;0.543893;,
  -0.050557;-0.026144;0.531637;,
  -0.042630;-0.005632;0.588356;,
  -0.063247;-0.031604;0.578953;,
  -0.063749;0.084559;0.537139;,
  -0.077646;0.096872;0.498930;,
  -0.088449;0.096882;0.533223;,
  -0.093580;0.106491;0.474301;,
  -0.101838;0.088895;0.461310;,
  -0.114378;0.104707;0.467610;,
  -0.098892;0.059011;0.602960;,
  -0.070951;0.039432;0.608285;,
  -0.041233;0.018020;0.593978;,
  -0.059101;0.012044;0.608361;,
  -0.069801;-0.003851;0.607436;,
  -0.082525;-0.015497;0.604289;,
  -0.053316;-0.004315;0.498019;,
  -0.041233;0.018020;0.593978;,
  -0.059101;0.012044;0.608361;,
  -0.037859;0.070601;0.518935;,
  -0.032567;0.050555;0.561778;,
  -0.021691;0.053080;0.543643;,
  -0.039282;0.056924;0.543413;,
  -0.021691;0.053080;0.543643;,
  -0.037859;0.070601;0.518935;,
  -0.032567;0.050555;0.561778;,
  -0.048657;0.057631;0.558223;,
  -0.049616;0.071165;0.537027;,
  -0.042230;0.067697;0.514541;,
  -0.091043;0.089388;0.554019;,
  -0.049616;0.071165;0.537027;,
  -0.034169;0.041402;0.456061;,
  -0.045204;0.045170;0.478604;,
  -0.006456;0.047270;0.457718;,
  -0.040168;0.048175;0.498652;,
  -0.061217;0.076357;0.423780;,
  -0.052858;0.084570;0.402707;,
  0.005844;0.100018;0.215411;,
  -0.026636;-0.020220;0.132343;,
  -0.023948;-0.010888;0.099444;,
  -0.010902;-0.014897;0.083116;,
  -0.081530;0.077832;0.456749;,
  -0.005733;0.055047;0.097664;,
  -0.069801;-0.003851;0.607436;,
  -0.082525;-0.015497;0.604289;,
  -0.099434;0.100407;0.505163;,
  -0.111891;0.094245;0.525867;,
  -0.110895;0.097773;0.516935;,
  -0.125209;0.052132;0.599400;,
  -0.130648;0.069662;0.581779;,
  -0.110009;0.083676;0.548853;,
  -0.018892;-0.006768;0.251632;,
  -0.006456;0.047270;0.457718;,
  0.049434;0.151051;-0.377115;,
  -0.109139;0.104192;0.496267;,
  -0.099105;0.102120;0.498785;,
  -0.107658;0.099663;0.499931;,
  -0.123995;0.095271;0.513577;,
  -0.130353;0.099704;0.523609;,
  -0.111080;0.101958;0.504590;,
  -0.117372;0.093812;0.497100;,
  -0.120109;0.100634;0.492046;,
  -0.132068;0.085603;0.555496;,
  -0.128840;0.085738;0.545852;,
  0.043558;0.001204;0.421121;,
  -0.122456;0.098823;0.502327;,
  0.031220;0.028925;0.402895;,
  0.036994;0.046258;0.403338;,
  0.034624;0.073667;0.409192;,
  -0.027899;0.027879;0.543458;,
  0.057654;0.100724;-0.131397;,
  0.011815;0.065227;-0.186513;,
  0.006532;0.088373;-0.114302;,
  0.059691;0.093296;-0.205096;,
  0.051459;0.127025;-0.072314;,
  0.012919;0.110773;-0.064737;,
  0.050830;0.108437;0.022474;,
  0.004298;0.103214;0.027928;,
  0.047790;0.089720;0.120053;,
  0.004509;0.101870;0.116016;,
  0.044467;0.083495;0.161777;,
  0.008583;0.049178;-0.255971;,
  0.062995;0.083398;-0.286068;,
  0.039369;-0.005093;-0.203942;,
  -0.019971;-0.023049;-0.287191;,
  0.044869;-0.009754;-0.273809;,
  -0.018300;-0.016230;-0.214014;,
  -0.014912;-0.000600;-0.147381;,
  0.032664;0.005924;-0.131052;,
  -0.014940;0.001979;-0.087916;,
  0.032674;0.011529;-0.083455;,
  0.022399;-0.009889;0.001465;,
  -0.014221;-0.005394;0.002876;,
  -0.023581;-0.010050;0.071865;,
  0.031220;0.028925;0.402895;,
  -0.127795;0.063261;0.391208;,
  -0.085824;0.077491;0.394409;,
  -0.130584;0.069908;0.368915;,
  -0.091714;0.058303;0.421837;,
  -0.124899;0.083838;0.349669;,
  -0.078713;0.109108;0.332619;,
  -0.116127;0.081516;0.320478;,
  -0.081601;0.097929;0.364692;,
  -0.100657;0.019248;0.436040;,
  -0.135851;-0.002680;0.396935;,
  -0.111304;-0.007945;0.408356;,
  -0.123333;0.017163;0.412113;,
  -0.098775;0.032405;0.192864;,
  -0.063634;0.003615;0.197371;,
  -0.090836;0.032710;0.202740;,
  -0.065021;-0.000717;0.183588;,
  -0.071953;0.084335;0.213690;,
  -0.088240;0.073742;0.185802;,
  -0.037150;0.107183;0.215595;,
  -0.066716;0.101687;0.168368;,
  -0.034618;0.105336;0.161512;,
  -0.022036;-0.006816;0.196630;,
  -0.024214;-0.010879;0.179582;,
  -0.076775;-0.008166;0.285795;,
  -0.036826;-0.028586;0.334435;,
  -0.090888;-0.019040;0.319566;,
  -0.027913;-0.019132;0.299022;,
  -0.071305;0.114052;0.115820;,
  -0.121397;0.075960;0.016565;,
  -0.097707;0.072281;0.113765;,
  -0.093565;0.114441;0.016853;,
  -0.104368;0.119594;-0.076483;,
  -0.118772;0.068573;-0.077164;,
  -0.024360;0.105893;0.108999;,
  -0.024722;0.030451;0.005803;,
  -0.040874;0.104549;0.010285;,
  -0.031200;0.008075;0.078488;,
  -0.056102;0.047533;-0.082037;,
  -0.066046;0.088741;-0.083337;,
  -0.102600;0.014056;0.013416;,
  -0.085806;0.021387;0.089137;,
  -0.094601;0.035636;-0.075655;,
  -0.124135;0.021069;-0.348104;,
  -0.065600;0.006897;-0.350321;,
  -0.093853;-0.012582;-0.344205;,
  -0.089746;0.048895;-0.356354;,
  -0.103010;0.092708;-0.132856;,
  -0.126360;0.049370;-0.204404;,
  -0.124301;0.055917;-0.130007;,
  -0.107088;0.085493;-0.206492;,
  -0.122154;0.041425;-0.282968;,
  -0.115561;0.074901;-0.286395;,
  -0.057986;0.081140;-0.153916;,
  -0.055786;0.031666;-0.200862;,
  -0.071636;0.070205;-0.210743;,
  -0.041966;0.030686;-0.136466;,
  -0.082551;0.034177;-0.275254;,
  -0.092621;0.061177;-0.295797;,
  -0.114975;0.013411;-0.196463;,
  -0.109581;0.009365;-0.122223;,
  -0.104028;0.025616;-0.267448;,
  -0.093867;0.075936;0.156470;,
  -0.024360;0.105893;0.108999;,
  -0.109394;0.026028;0.140605;,
  -0.067352;-0.009748;0.134745;,
  -0.091431;0.024472;0.097955;,
  -0.051831;0.002359;0.095551;,
  -0.064262;0.003341;0.243812;,
  -0.104525;0.013740;0.278628;,
  -0.114869;0.031631;0.282657;,
  -0.076409;0.081562;0.252379;,
  -0.091085;0.033703;0.241828;,
  -0.103627;0.083373;0.294029;,
  -0.066389;0.114315;0.304781;,
  -0.048998;0.106721;0.256682;,
  -0.182184;0.054260;0.368728;,
  -0.154045;0.032936;0.328118;,
  -0.231713;0.047707;0.360433;,
  -0.267599;0.018378;0.297132;,
  -0.283365;0.035376;0.339840;,
  -0.211772;0.026816;0.307936;,
  -0.164260;-0.024471;0.345779;,
  -0.212395;-0.034697;0.332044;,
  -0.211772;0.026816;0.307936;,
  -0.262186;-0.031733;0.318427;,
  -0.267599;0.018378;0.297132;,
  -0.166376;-0.028530;0.356146;,
  -0.232096;-0.013810;0.384764;,
  -0.183304;-0.007444;0.391968;,
  -0.277920;-0.014839;0.361013;,
  -0.184272;0.029966;0.386097;,
  -0.308670;0.040219;0.333192;,
  -0.353476;0.017813;0.271514;,
  -0.360518;0.031699;0.304756;,
  -0.293713;0.018961;0.281960;,
  -0.392666;0.009810;0.262092;,
  -0.404791;0.021735;0.283340;,
  -0.293713;0.018961;0.281960;,
  -0.355072;-0.031570;0.300371;,
  -0.353476;0.017813;0.271514;,
  -0.292607;-0.039141;0.305600;,
  -0.398529;-0.020721;0.285692;,
  -0.392666;0.009810;0.262092;,
  -0.360178;-0.020577;0.325810;,
  -0.307480;-0.018169;0.356640;,
  -0.406626;-0.012968;0.297791;,
  -0.515660;0.013139;0.211164;,
  -0.494493;-0.033416;0.236489;,
  -0.512273;-0.022570;0.242605;,
  -0.497524;0.002552;0.204617;,
  -0.460189;0.023275;0.207813;,
  -0.471838;0.028577;0.218613;,
  -0.460434;0.034467;0.211098;,
  -0.470477;0.020475;0.211293;,
  -0.427822;-0.030819;0.268187;,
  -0.448505;0.016573;0.237020;,
  -0.415764;0.004936;0.235808;,
  -0.464527;-0.026767;0.262519;,
  -0.477727;-0.014795;0.271494;,
  -0.439304;-0.005812;0.294153;,
  -0.426182;0.032292;0.261319;,
  -0.461758;0.027097;0.247513;,
  -0.149936;0.001282;0.405151;,
  -0.163244;0.028056;0.404956;,
  -0.123333;0.017163;0.412113;,
  -0.128266;0.039464;0.410611;,
  -0.125585;0.001267;0.313809;,
  -0.106647;0.046325;0.429232;,
  -0.158845;0.050914;0.388810;,
  -0.130584;0.069908;0.368915;,
  -0.152770;0.049529;0.358896;,
  -0.127795;0.063261;0.391208;,
  -0.143807;-0.003943;0.350574;,
  -0.147590;-0.000917;0.354609;,
  -0.103390;-0.019831;0.353286;,
  -0.047573;-0.026549;0.368039;,
  -0.065747;-0.005034;0.421083;,
  -0.135851;-0.002680;0.396935;,
  -0.147590;-0.000917;0.354609;,
  -0.125288;0.051109;0.341461;,
  -0.154045;0.032936;0.328118;,
  -0.143812;0.006398;0.347390;,
  -0.124431;0.033540;0.313613;,
  -0.114536;0.067364;0.316323;,
  -0.124899;0.083838;0.349669;,
  -0.131445;0.018056;0.312975;,
  -0.415764;0.004936;0.235808;,
  -0.106904;0.030930;0.456434;,
  -0.094154;0.013008;0.458658;,
  -0.074339;0.012783;0.447580;,
  -0.069842;0.010230;0.467890;,
  -0.461758;0.027097;0.247513;,
  -0.515660;0.013139;0.211164;,
  -0.512273;-0.022570;0.242605;,
  -0.442474;0.015410;0.212563;,
  -0.447166;0.037244;0.225687;,
  -0.442474;0.015410;0.212563;,
  -0.457289;0.012477;0.221982;,
  -0.458428;0.026911;0.241884;,
  -0.458428;0.026911;0.241884;,
  -0.460189;0.023275;0.207813;,
  -0.460434;0.034467;0.211098;,
  -0.471838;0.028577;0.218613;,
  -0.172443;0.083359;-0.334028;,
  -0.176055;0.132273;-0.365317;,
  -0.182931;0.081921;-0.354976;,
  -0.169231;0.130739;-0.346598;,
  -0.066086;0.023898;-0.319434;,
  -0.089746;0.048895;-0.356354;,
  -0.088089;0.056446;-0.332450;,
  -0.065600;0.006897;-0.350321;,
  -0.082551;0.034177;-0.275254;,
  -0.099632;0.001434;-0.309184;,
  -0.104028;0.025616;-0.267448;,
  -0.124135;0.021069;-0.348104;,
  -0.123659;0.029043;-0.313975;,
  -0.093853;-0.012582;-0.344205;,
  -0.115561;0.074901;-0.286395;,
  -0.122154;0.041425;-0.282968;,
  -0.141192;0.137297;-0.353311;,
  -0.141764;0.143617;-0.370368;,
  -0.182931;0.081921;-0.354976;,
  -0.141764;0.143617;-0.370368;,
  -0.040874;0.104549;0.010285;,
  -0.066046;0.088741;-0.083337;,
  -0.057986;0.081140;-0.153916;,
  -0.071636;0.070205;-0.210743;,
  -0.092621;0.061177;-0.295797;,
  -0.092621;0.061177;-0.295797;,
  -0.119927;0.028396;0.462461;,
  -0.115161;0.054864;0.461514;,
  -0.103332;0.049077;0.457769;,
  -0.123982;0.049237;0.465584;,
  -0.101901;0.007678;0.477423;,
  -0.084502;-0.007506;0.484441;,
  -0.119724;0.005229;0.601706;,
  -0.104349;0.014026;0.611433;,
  -0.151775;0.056635;0.545327;,
  -0.146991;0.042759;0.571160;,
  -0.141921;0.071119;0.550411;,
  -0.132799;0.042045;0.483668;,
  -0.124896;0.013468;0.486114;,
  -0.114651;0.018531;0.471612;,
  -0.119337;-0.012253;0.514947;,
  -0.133895;0.001715;0.528911;,
  -0.148912;0.020606;0.570497;,
  -0.145582;0.026191;0.531525;,
  -0.140640;-0.005455;0.564798;,
  -0.108181;-0.024786;0.515851;,
  -0.088431;-0.037704;0.522274;,
  -0.050557;-0.026144;0.531637;,
  -0.095436;-0.040273;0.570197;,
  -0.063247;-0.031604;0.578953;,
  -0.142945;0.032606;0.509905;,
  -0.144446;0.060148;0.513967;,
  -0.132357;0.060982;0.480116;,
  -0.124923;0.085930;0.463523;,
  -0.140289;0.031854;0.588724;,
  -0.134211;-0.002067;0.586531;,
  -0.118379;-0.032588;0.567449;,
  -0.114495;-0.024295;0.589312;,
  -0.082525;-0.015497;0.604289;,
  -0.097498;-0.022020;0.597911;,
  -0.053316;-0.004315;0.498019;,
  -0.118379;-0.032588;0.567449;,
  -0.114495;-0.024295;0.589312;,
  -0.130582;0.009775;0.487049;,
  -0.134169;-0.016096;0.526839;,
  -0.129451;-0.002226;0.512406;,
  -0.131424;-0.018905;0.505908;,
  -0.131424;-0.018905;0.505908;,
  -0.130582;0.009775;0.487049;,
  -0.134169;-0.016096;0.526839;,
  -0.133895;0.001715;0.528911;,
  -0.135668;0.014716;0.507435;,
  -0.124896;0.013468;0.486114;,
  -0.146577;0.052957;0.534922;,
  -0.135668;0.014716;0.507435;,
  -0.106647;0.046325;0.429232;,
  -0.106904;0.030930;0.456434;,
  -0.128266;0.039464;0.410611;,
  -0.101901;0.007678;0.477423;,
  -0.026636;-0.020220;0.132343;,
  -0.023948;-0.010888;0.099444;,
  -0.010902;-0.014897;0.083116;,
  -0.005733;0.055047;0.097664;,
  -0.097498;-0.022020;0.597911;,
  -0.082525;-0.015497;0.604289;,
  -0.131769;0.079195;0.494044;,
  -0.132112;0.080979;0.518913;,
  -0.131425;0.084305;0.509876;,
  -0.133915;0.067993;0.540633;,
  -0.018892;-0.006768;0.251632;,
  -0.128266;0.039464;0.410611;,
  -0.176055;0.132273;-0.365317;,
  -0.130483;0.081536;0.487995;,
  -0.128195;0.091691;0.489714;,
  -0.126418;0.087357;0.493480;,
  -0.129434;0.089918;0.498279;,
  -0.143812;0.006398;0.347390;,
  -0.121785;0.034208;0.342718;,
  -0.125288;0.051109;0.341461;,
  -0.124899;0.083838;0.349669;,
  -0.108181;-0.024786;0.515851;,
  -0.056750;0.106739;-0.116159;,
  -0.032539;0.071603;-0.183194;,
  -0.073449;0.087376;-0.188087;,
  -0.024252;0.091953;-0.109902;,
  -0.056849;0.125863;-0.067673;,
  -0.016692;0.112098;-0.060464;,
  -0.034889;0.124356;0.023494;,
  -0.008346;0.112231;0.027258;,
  -0.020624;0.128534;0.111391;,
  -0.000232;0.117538;0.112335;,
  0.008446;0.107103;0.156450;,
  -0.034618;0.105336;0.161513;,
  -0.039118;0.057768;-0.246733;,
  -0.083585;0.073063;-0.257205;,
  -0.052515;0.002929;-0.283441;,
  -0.114975;0.013411;-0.196463;,
  -0.104015;0.025620;-0.267449;,
  -0.049499;0.008697;-0.208368;,
  -0.109581;0.009365;-0.122223;,
  -0.045467;0.013947;-0.139339;,
  -0.039026;0.017066;-0.083385;,
  -0.094601;0.035636;-0.075655;,
  -0.102600;0.014056;0.013416;,
  -0.018307;0.014230;0.004328;,
  -0.023948;-0.010888;0.099444;,
  -0.051831;0.002359;0.095551;,
  -0.121785;0.034208;0.342718;,
  -0.071305;0.114052;0.115821;,
  -0.093565;0.114441;0.016853;,
  -0.104368;0.119594;-0.076483;,
  -0.103010;0.092708;-0.132856;,
  -0.107088;0.085493;-0.206492;,
  -0.115561;0.074901;-0.286395;,
  0.099925;0.021766;0.006717;,
  0.024269;-0.023033;0.093767;,
  0.079295;0.000113;0.084740;,
  0.076787;0.046914;-0.076468;,
  0.097970;0.027481;-0.120799;,
  0.096623;0.030864;-0.195256;,
  0.080910;0.036745;-0.264604;,
  -0.085805;0.021387;0.089137;;
  916;
  3;0,1,2;,
  3;1,0,3;,
  3;4,5,6;,
  3;5,4,7;,
  3;8,9,10;,
  3;9,8,11;,
  3;12,13,14;,
  3;13,12,15;,
  3;16,12,17;,
  3;12,16,15;,
  3;18,19,20;,
  3;19,18,16;,
  3;6,21,22;,
  3;21,6,5;,
  3;14,23,24;,
  3;23,14,13;,
  3;25,26,27;,
  3;26,25,28;,
  3;29,30,31;,
  3;30,29,32;,
  3;30,33,31;,
  3;33,30,34;,
  3;35,36,37;,
  3;36,35,38;,
  3;38,39,36;,
  3;39,38,40;,
  3;37,41,42;,
  3;41,37,36;,
  3;36,43,41;,
  3;43,36,39;,
  3;42,30,32;,
  3;30,42,41;,
  3;41,34,30;,
  3;34,41,43;,
  3;44,45,46;,
  3;45,44,47;,
  3;48,49,50;,
  3;49,48,51;,
  3;50,52,53;,
  3;52,50,49;,
  3;54,55,56;,
  3;55,54,57;,
  3;57,58,55;,
  3;58,57,59;,
  3;56,60,61;,
  3;60,56,55;,
  3;55,62,60;,
  3;62,55,58;,
  3;61,49,51;,
  3;49,61,60;,
  3;60,52,49;,
  3;52,60,62;,
  3;32,19,63;,
  3;19,32,29;,
  3;64,65,66;,
  3;65,64,20;,
  3;14,67,12;,
  3;67,14,68;,
  3;68,69,67;,
  3;69,68,70;,
  3;70,42,69;,
  3;42,70,37;,
  3;48,34,51;,
  3;34,48,33;,
  3;51,43,61;,
  3;43,51,34;,
  3;43,56,61;,
  3;56,43,39;,
  3;39,54,56;,
  3;54,39,40;,
  3;12,63,17;,
  3;63,12,67;,
  3;67,32,63;,
  3;32,67,69;,
  3;69,42,32;,
  3;71,72,25;,
  3;73,74,75;,
  3;74,73,76;,
  3;74,77,75;,
  3;77,74,78;,
  3;79,78,80;,
  3;78,79,77;,
  3;81,82,83;,
  3;82,84,85;,
  3;84,82,86;,
  3;87,88,89;,
  3;88,90,89;,
  3;90,88,91;,
  3;92,93,94;,
  3;92,89,93;,
  3;92,87,89;,
  3;89,95,93;,
  3;95,89,90;,
  3;96,93,82;,
  3;93,86,82;,
  3;86,93,95;,
  3;97,98,99;,
  3;98,97,100;,
  3;100,101,98;,
  3;101,100,102;,
  3;103,104,105;,
  3;104,103,106;,
  3;106,107,104;,
  3;107,106,108;,
  3;105,109,110;,
  3;109,105,104;,
  3;104,111,109;,
  3;111,104,107;,
  3;110,100,97;,
  3;100,110,109;,
  3;109,102,100;,
  3;102,109,111;,
  3;112,113,114;,
  3;113,112,115;,
  3;116,117,118;,
  3;117,116,119;,
  3;120,121,122;,
  3;121,120,123;,
  3;120,124,125;,
  3;124,120,122;,
  3;126,124,127;,
  3;124,126,125;,
  3;95,97,86;,
  3;97,95,110;,
  3;86,99,84;,
  3;99,86,97;,
  3;90,103,105;,
  3;103,90,91;,
  3;105,95,90;,
  3;95,105,110;,
  3;128,96,129;,
  3;96,128,94;,
  3;129,130,128;,
  3;130,129,131;,
  3;72,28,25;,
  3;28,72,132;,
  3;10,133,8;,
  3;134,135,136;,
  3;135,134,137;,
  3;81,137,134;,
  3;138,11,139;,
  3;138,9,11;,
  3;138,140,9;,
  3;141,11,142;,
  3;11,141,139;,
  3;128,130,143;,
  3;94,144,92;,
  3;94,143,144;,
  3;94,128,143;,
  3;145,87,146;,
  3;87,145,147;,
  3;75,148,73;,
  3;148,75,149;,
  3;150,147,145;,
  3;7,149,75;,
  3;148,151,73;,
  3;102,152,101;,
  3;152,102,126;,
  3;102,125,126;,
  3;125,102,111;,
  3;111,120,125;,
  3;120,111,107;,
  3;120,108,123;,
  3;108,120,107;,
  3;8,153,154;,
  3;153,8,133;,
  3;154,155,8;,
  3;155,154,156;,
  3;122,114,113;,
  3;114,122,121;,
  3;121,112,114;,
  3;112,121,157;,
  3;158,124,159;,
  3;124,158,127;,
  3;159,122,113;,
  3;122,159,124;,
  3;126,160,152;,
  3;160,126,161;,
  3;162,121,123;,
  3;121,162,163;,
  3;121,164,157;,
  3;164,121,163;,
  3;165,126,127;,
  3;126,165,161;,
  3;161,166,160;,
  3;166,161,167;,
  3;162,118,163;,
  3;118,162,116;,
  3;163,117,164;,
  3;117,163,118;,
  3;165,167,161;,
  3;167,165,168;,
  3;169,170,171;,
  3;170,169,172;,
  3;173,174,175;,
  3;174,173,176;,
  3;177,178,179;,
  3;178,177,173;,
  3;180,178,181;,
  3;178,180,182;,
  3;183,169,171;,
  3;169,183,184;,
  3;174,185,186;,
  3;185,174,176;,
  3;46,187,44;,
  3;187,46,188;,
  3;180,169,182;,
  3;169,180,172;,
  3;20,29,65;,
  3;19,29,20;,
  3;29,31,189;,
  3;31,190,189;,
  3;190,31,33;,
  3;33,191,190;,
  3;191,33,48;,
  3;191,50,192;,
  3;50,191,48;,
  3;192,53,193;,
  3;53,192,50;,
  3;194,171,185;,
  3;171,194,183;,
  3;171,186,185;,
  3;186,171,170;,
  3;185,176,194;,
  3;194,173,177;,
  3;173,194,176;,
  3;178,175,181;,
  3;175,178,173;,
  3;179,182,184;,
  3;182,179,178;,
  3;182,169,184;,
  3;16,17,19;,
  3;17,63,19;,
  3;65,195,66;,
  3;196,197,198;,
  3;197,196,199;,
  3;200,154,153;,
  3;154,200,201;,
  3;202,203,204;,
  3;205,206,207;,
  3;196,208,209;,
  3;208,196,198;,
  3;210,209,211;,
  3;209,210,196;,
  3;212,213,214;,
  3;213,212,215;,
  3;212,214,211;,
  3;201,216,217;,
  3;216,201,200;,
  3;218,219,220;,
  3;219,218,217;,
  3;210,199,196;,
  3;213,205,207;,
  3;221,222,223;,
  3;198,197,224;,
  3;224,225,226;,
  3;225,224,197;,
  3;227,213,207;,
  3;228,229,214;,
  3;229,228,230;,
  3;220,231,232;,
  3;213,228,214;,
  3;156,201,233;,
  3;201,156,154;,
  3;233,217,218;,
  3;217,233,201;,
  3;219,217,234;,
  3;235,219,234;,
  3;236,237,238;,
  3;237,236,239;,
  3;209,240,211;,
  3;240,209,241;,
  3;211,242,212;,
  3;242,211,240;,
  3;243,239,244;,
  3;239,243,237;,
  3;244,236,245;,
  3;236,244,239;,
  3;246,221,223;,
  3;221,246,215;,
  3;221,212,247;,
  3;212,221,215;,
  3;199,248,2;,
  3;248,199,249;,
  3;133,10,250;,
