xof 0303txt 0032
template ColorRGBA {
 <35ff44e0-6c7c-11cf-8f52-0040333594a3>
 FLOAT red;
 FLOAT green;
 FLOAT blue;
 FLOAT alpha;
}

template ColorRGB {
 <d3e16e81-7835-11cf-8f52-0040333594a3>
 FLOAT red;
 FLOAT green;
 FLOAT blue;
}

template Material {
 <3d82ab4d-62da-11cf-ab39-0020af71e433>
 ColorRGBA faceColor;
 FLOAT power;
 ColorRGB specularColor;
 ColorRGB emissiveColor;
 [...]
}

template TextureFilename {
 <a42790e1-7810-11cf-8f52-0040333594a3>
 STRING filename;
}

template Frame {
 <3d82ab46-62da-11cf-ab39-0020af71e433>
 [...]
}

template Matrix4x4 {
 <f6f23f45-7686-11cf-8f52-0040333594a3>
 array FLOAT matrix[16];
}

template FrameTransformMatrix {
 <f6f23f41-7686-11cf-8f52-0040333594a3>
 Matrix4x4 frameMatrix;
}

template Vector {
 <3d82ab5e-62da-11cf-ab39-0020af71e433>
 FLOAT x;
 FLOAT y;
 FLOAT z;
}

template MeshFace {
 <3d82ab5f-62da-11cf-ab39-0020af71e433>
 DWORD nFaceVertexIndices;
 array DWORD faceVertexIndices[nFaceVertexIndices];
}

template Mesh {
 <3d82ab44-62da-11cf-ab39-0020af71e433>
 DWORD nVertices;
 array Vector vertices[nVertices];
 DWORD nFaces;
 array MeshFace faces[nFaces];
 [...]
}

template MeshMaterialList {
 <f6f23f42-7686-11cf-8f52-0040333594a3>
 DWORD nMaterials;
 DWORD nFaceIndexes;
 array DWORD faceIndexes[nFaceIndexes];
 [Material <3d82ab4d-62da-11cf-ab39-0020af71e433>]
}

template VertexElement {
 <f752461c-1e23-48f6-b9f8-8350850f336f>
 DWORD Type;
 DWORD Method;
 DWORD Usage;
 DWORD UsageIndex;
}

template DeclData {
 <bf22e553-292c-4781-9fea-62bd554bdd93>
 DWORD nElements;
 array VertexElement Elements[nElements];
 DWORD nDWords;
 array DWORD data[nDWords];
}

template XSkinMeshHeader {
 <3cf169ce-ff7c-44ab-93c0-f78f62d172e2>
 WORD nMaxSkinWeightsPerVertex;
 WORD nMaxSkinWeightsPerFace;
 WORD nBones;
}

template SkinWeights {
 <6f0d123b-bad2-4167-a0d0-80224f25fabb>
 STRING transformNodeName;
 DWORD nWeights;
 array DWORD vertexIndices[nWeights];
 array FLOAT weights[nWeights];
 Matrix4x4 matrixOffset;
}

template AnimTicksPerSecond {
 <9e415a43-7ba6-4a73-8743-b73d47e88476>
 DWORD AnimTicksPerSecond;
}

template Animation {
 <3d82ab4f-62da-11cf-ab39-0020af71e433>
 [...]
}

template AnimationSet {
 <3d82ab50-62da-11cf-ab39-0020af71e433>
 [Animation <3d82ab4f-62da-11cf-ab39-0020af71e433>]
}

template FloatKeys {
 <10dd46a9-775b-11cf-8f52-0040333594a3>
 DWORD nValues;
 array FLOAT values[nValues];
}

template TimedFloatKeys {
 <f406b180-7b3b-11cf-8f52-0040333594a3>
 DWORD time;
 FloatKeys tfkeys;
}

template AnimationKey {
 <10dd46a8-775b-11cf-8f52-0040333594a3>
 DWORD keyType;
 DWORD nKeys;
 array TimedFloatKeys keys[nKeys];
}


Material _03_-_Default {
 1.000000;1.000000;1.000000;1.000000;;
 9.999999;
 0.000000;0.000000;0.000000;;
 0.000000;0.000000;0.000000;;

 TextureFilename {
  "MaleBody_full.png";
 }
}

Frame Dummy01 {
 

 FrameTransformMatrix {
  1.000000,0.000000,0.000000,0.000000,0.000000,-0.000000,-1.000000,0.000000,0.000000,1.000000,-0.000000,0.000000,0.000000,0.000000,0.000000,1.000000;;
 }

 Frame Bip01 {
  

  FrameTransformMatrix {
   0.484444,0.819615,-0.305852,0.000000,0.122471,0.282633,0.951378,0.000000,0.866207,-0.498347,0.036540,0.000000,0.000000,-0.050407,0.508544,1.000000;;
  }

  Frame Bip01_Pelvis {
   

   FrameTransformMatrix {
    -0.000000,1.000000,-0.000001,0.000000,0.087154,0.000001,0.996195,0.000000,0.996195,-0.000000,-0.087154,0.000000,0.000000,0.000000,0.000000,1.000000;;
   }

   Frame Bip01_Spine {
    

    FrameTransformMatrix {
     0.998192,-0.005238,-0.059886,0.000000,-0.000001,0.996195,-0.087152,0.000000,0.060114,0.086994,0.994393,0.000000,0.051628,-0.000007,-0.000084,1.000000;;
    }

    Frame Bip01_Spine1 {
     

     FrameTransformMatrix {
      0.944325,-0.155507,0.289944,0.000000,0.115540,0.981865,0.150304,0.000000,-0.308059,-0.108436,0.945167,0.000000,0.106506,0.000009,-0.000080,1.000000;;
     }

     Frame Bip01_Neck {
      

      FrameTransformMatrix {
       1.000000,-0.000342,-0.000077,0.000000,0.000341,0.903366,0.428870,0.000000,-0.000077,-0.428870,0.903366,0.000000,0.130504,0.000012,0.004628,1.000000;;
      }

      Frame Bip01_Head {
       

       FrameTransformMatrix {
        0.716965,-0.041548,0.695869,0.000000,0.155695,0.982551,-0.101751,0.000000,-0.679500,0.181295,0.710924,0.000000,0.033674,0.000000,0.000000,1.000000;;
       }

       Frame Bip01_HeadNub {
        

        FrameTransformMatrix {
         1.000000,0.000000,0.000000,0.000000,0.000000,1.000000,0.000000,0.000000,-0.000000,0.000000,1.000000,0.000000,0.169824,0.000000,0.000000,1.000000;;
        }
       }
      }

      Frame Bip01_L_Clavicle {
       

       FrameTransformMatrix {
        -0.000342,0.903365,-0.428872,0.000000,1.000000,0.000000,-0.000796,0.000000,-0.000719,-0.428873,-0.903365,0.000000,-0.024030,0.012193,-0.010913,1.000000;;
       }

       Frame Bip01_L_UpperArm {
        

        FrameTransformMatrix {
         0.255479,-0.912319,-0.320008,0.000000,0.628607,0.408225,-0.661971,0.000000,0.734564,-0.032039,0.677783,0.000000,0.087086,0.000000,-0.000000,1.000000;;
        }

        Frame Bip01_L_Forearm {
         

         FrameTransformMatrix {
          0.823668,0.000000,-0.567072,0.000000,-0.000000,1.000000,0.000000,0.000000,0.567072,-0.000000,0.823668,0.000000,0.137062,0.000000,0.000000,1.000000;;
         }

         Frame Bip01_L_Hand {
          

          FrameTransformMatrix {
           0.971486,-0.212704,0.104747,0.000000,-0.102153,0.023181,0.994499,0.000000,-0.213962,-0.976842,0.000792,0.000000,0.137062,0.000000,-0.000000,1.000000;;
          }

          Frame Bip01_L_Finger0 {
           

           FrameTransformMatrix {
            0.556874,-0.020367,0.830347,0.000000,0.558537,0.749101,-0.356210,0.000000,-0.614759,0.662144,0.428531,0.000000,0.057681,-0.023605,-0.000272,1.000000;;
           }

           Frame Bip01_L_Finger0Nub {
            

            FrameTransformMatrix {
             1.000000,0.000000,0.000000,0.000000,0.000000,1.000000,0.000000,0.000000,0.000000,0.000000,1.000000,0.000000,0.029435,0.000000,0.000000,1.000000;;
            }
           }
          }

          Frame Bip01_L_Finger1 {
           

           FrameTransformMatrix {
            -0.342274,-0.000748,0.939600,0.000000,0.000000,1.000000,0.000796,0.000000,-0.939600,0.000273,-0.342274,0.000000,0.084102,0.000000,-0.000000,1.000000;;
           }

           Frame Bip01_L_Finger1Nub {
            

            FrameTransformMatrix {
             1.000000,-0.000000,-0.000000,0.000000,-0.000000,1.000000,0.000000,0.000000,0.000000,0.000000,1.000000,0.000000,0.047988,-0.000000,0.000000,1.000000;;
            }
           }
          }
         }
        }
       }
      }

      Frame Bip01_R_Clavicle {
       

       FrameTransformMatrix {
        0.000341,-0.903365,0.428872,0.000000,-1.000000,0.000000,0.000796,0.000000,-0.000719,-0.428873,-0.903365,0.000000,-0.024019,-0.016199,0.002566,1.000000;;
       }

       Frame Bip01_R_UpperArm {
        

        FrameTransformMatrix {
         0.313047,0.948166,-0.054615,0.000000,-0.871946,0.309724,0.379185,0.000000,0.376446,-0.071082,0.923708,0.000000,0.087086,0.000000,0.000000,1.000000;;
        }

        Frame Bip01_R_Forearm {
         

         FrameTransformMatrix {
          0.811989,0.000000,-0.583672,0.000000,0.000000,1.000000,-0.000000,0.000000,0.583672,-0.000000,0.811989,0.000000,0.137062,0.000000,0.000000,1.000000;;
         }

         Frame Bip01_R_Hand {
          

          FrameTransformMatrix {
           0.876605,0.385158,-0.288474,0.000000,-0.438815,0.393779,-0.807700,0.000000,-0.197497,0.834621,0.514202,0.000000,0.137062,0.000000,0.000000,1.000000;;
          }

          Frame Bip01_R_Finger0 {
           

           FrameTransformMatrix {
            0.556874,0.020367,0.830347,0.000000,-0.558537,0.749101,0.356210,0.000000,-0.614759,-0.662144,0.428531,0.000000,0.057681,0.023605,-0.000272,1.000000;;
           }

           Frame Bip01_R_Finger0Nub {
            

            FrameTransformMatrix {
             -1.000000,-0.000000,0.000000,0.000000,0.000000,1.000000,-0.000000,0.000000,0.000000,0.000000,-1.000000,0.000000,0.029435,0.000000,0.000000,1.000000;;
            }
           }
          }

          Frame Bip01_R_Finger1 {
           

           FrameTransformMatrix {
            -0.342274,0.000748,0.939600,0.000000,-0.000000,1.000000,-0.000796,0.000000,-0.939600,-0.000273,-0.342274,0.000000,0.084102,0.000000,0.000000,1.000000;;
           }

           Frame Bip01_R_Finger1Nub {
            

            FrameTransformMatrix {
             -1.000000,0.000000,0.000000,0.000000,-0.000000,1.000000,-0.000000,0.000000,0.000000,0.000000,-1.000000,0.000000,0.047988,0.000000,0.000000,1.000000;;
            }
           }
          }
         }
        }
       }
      }
     }

     Frame Bip01_BackPack {
      

      FrameTransformMatrix {
       0.035097,-0.075887,-0.996499,0.000000,0.053819,0.995809,-0.073939,0.000000,0.997934,-0.051036,0.039034,0.000000,0.051182,0.000002,-0.091273,1.000000;;
      }

      Frame Bip01_BackPackNub {
       

       FrameTransformMatrix {
        0.000796,0.000003,1.000000,0.000000,-0.000000,-1.000000,0.000003,0.000000,1.000000,0.000000,-0.000796,0.000000,0.053240,-0.000000,0.000000,1.000000;;
       }
      }
     }
    }

    Frame Bip01_L_Thigh {
     

     FrameTransformMatrix {
      -0.902808,0.079400,0.422651,0.000000,-0.142452,-0.982537,-0.119704,0.000000,0.405765,-0.168278,0.898353,0.000000,-0.051829,0.055015,0.001785,1.000000;;
     }

     Frame Bip01_L_Calf {
      

      FrameTransformMatrix {
       0.966167,0.000000,-0.257918,0.000000,0.000000,1.000000,0.000000,0.000000,0.257918,0.000000,0.966167,0.000000,0.237500,0.000000,-0.000000,1.000000;;
      }

      Frame Bip01_L_Foot {
       

       FrameTransformMatrix {
        0.985966,0.146703,0.079685,0.000000,-0.158654,0.971934,0.173702,0.000000,-0.051966,-0.183907,0.981569,0.000000,0.206841,0.000000,0.000000,1.000000;;
       }

       Frame Bip01_L_Toe0 {
        

        FrameTransformMatrix {
         -0.000001,0.000000,1.000000,0.000000,0.000000,1.000000,-0.000000,0.000000,-1.000000,0.000000,-0.000001,0.000000,0.065373,0.000000,0.066450,1.000000;;
        }

        Frame Bip01_L_Toe0Nub {
         

         FrameTransformMatrix {
          -1.000000,0.000000,-0.000000,0.000000,0.000000,1.000000,-0.000000,0.000000,0.000000,0.000000,-1.000000,0.000000,0.006735,0.000000,-0.000000,1.000000;;
         }
        }
       }
      }
     }
    }

    Frame Bip01_R_Thigh {
     

     FrameTransformMatrix {
      -0.876988,-0.110058,0.467739,0.000000,0.076487,-0.992979,-0.090238,0.000000,0.474386,-0.043362,0.879248,0.000000,-0.051251,-0.055015,-0.007823,1.000000;;
     }

     Frame Bip01_R_Calf {
      

      FrameTransformMatrix {
       0.929269,-0.000000,-0.369403,0.000000,-0.000000,1.000000,0.000000,0.000000,0.369403,0.000000,0.929269,0.000000,0.237500,-0.000000,-0.000000,1.000000;;
      }

      Frame Bip01_R_Foot {
       

       FrameTransformMatrix {
        0.995429,-0.067372,0.067696,0.000000,0.006388,0.754184,0.656632,0.000000,-0.095294,-0.653198,0.751167,0.000000,0.206841,0.000000,0.000000,1.000000;;
       }

       Frame Bip01_R_Toe0 {
        

        FrameTransformMatrix {
         -0.087158,-0.000001,0.996195,0.000000,0.000001,1.000000,0.000001,0.000000,-0.996195,0.000001,-0.087158,0.000000,0.065373,0.000000,0.066450,1.000000;;
        }

        Frame Bip01_R_Toe0Nub {
         

         FrameTransformMatrix {
          1.000000,0.000000,0.000000,0.000000,-0.000000,1.000000,0.000000,0.000000,0.000000,-0.000000,1.000000,0.000000,0.006735,0.000000,0.000000,1.000000;;
         }
        }
       }
      }
     }
    }
   }

   Frame Bip01_DressFront {
    

    FrameTransformMatrix {
     -0.830864,-0.008445,0.556411,0.000000,-0.032673,0.998900,-0.033627,0.000000,-0.555515,-0.046119,-0.830227,0.000000,-0.043921,0.001406,0.061063,1.000000;;
    }

    Frame Bip01_DressFront02 {
     

     FrameTransformMatrix {
      0.946511,0.081243,0.312276,0.000000,-0.077173,0.996694,-0.025393,0.000000,-0.313307,-0.000065,0.949652,0.000000,0.183366,0.000000,-0.000125,1.000000;;
     }

     Frame Bip01_DressFrontNub {
      

      FrameTransformMatrix {
       0.000796,0.000003,1.000000,0.000000,0.000000,-1.000000,0.000003,0.000000,1.000000,0.000000,-0.000796,0.000000,0.165302,0.000000,-0.000000,1.000000;;
      }
     }
    }
   }

   Frame Bip01_DressBack {
    

    FrameTransformMatrix {
     -0.830379,0.045218,0.555361,0.000000,-0.011734,0.995061,-0.098565,0.000000,-0.557076,-0.088363,-0.825748,0.000000,-0.047654,0.000012,-0.078304,1.000000;;
    }

    Frame Bip01_DressBack02 {
     

     FrameTransformMatrix {
      0.961427,0.000001,0.275061,0.000000,-0.000001,1.000000,-0.000000,0.000000,-0.275061,-0.000000,0.961427,0.000000,0.176189,0.000000,-0.000105,1.000000;;
     }

     Frame Bip01_DressBackNub {
      

      FrameTransformMatrix {
       0.000796,0.000003,1.000000,0.000000,0.000000,-1.000000,0.000003,0.000000,1.000000,-0.000000,-0.000796,0.000000,0.136508,-0.000000,-0.000000,1.000000;;
      }
     }
    }
   }
  }

  Frame Bip01_Prop1 {
   

   FrameTransformMatrix {
    0.422404,-0.045727,-0.905253,0.000000,0.725946,-0.580963,0.368083,0.000000,-0.542750,-0.812645,-0.212206,0.000000,0.024908,-0.011984,-0.136265,1.000000;;
   }
  }

  Frame Bip01_Prop2 {
   

   FrameTransformMatrix {
    -0.073895,0.286878,0.955113,0.000000,0.997075,0.040017,0.065122,0.000000,-0.019538,0.957131,-0.288996,0.000000,0.109229,0.024051,0.111682,1.000000;;
   }
  }
 }
}

Frame Translation_Data {
 

 FrameTransformMatrix {
  1.000000,0.000000,0.000000,0.000000,0.000000,-0.000000,-1.000000,0.000000,0.000000,1.000000,-0.000000,0.000000,0.000000,-0.000000,0.000000,1.000000;;
 }
}

Frame Body {
 

 FrameTransformMatrix {
  1.000000,0.000000,0.000000,0.000000,0.000000,1.000000,0.000000,0.000000,0.000000,0.000000,1.000000,0.000000,0.000000,0.000000,0.000000,1.000000;;
 }

 Mesh Body {
  617;
  0.100632;0.748630;-0.048539;,
  0.067470;0.732792;-0.056049;,
  0.059261;0.765365;-0.060133;,
  0.110671;0.730544;-0.037342;,
  0.113287;0.715356;-0.026364;,
  0.090534;0.671833;-0.030746;,
  0.078073;0.698360;-0.051504;,
  0.112665;0.690911;0.006679;,
  0.049838;0.800930;-0.039896;,
  0.085410;0.799788;0.007703;,
  0.087492;0.791781;-0.023362;,
  0.053516;0.801816;0.000377;,
  0.065756;0.568220;0.105111;,
  0.021250;0.580450;0.102052;,
  0.017866;0.570835;0.109813;,
  0.061130;0.576957;0.097230;,
  0.080239;0.561452;0.046735;,
  0.081126;0.541207;0.075050;,
  0.067789;0.547801;0.009386;,
  0.076657;0.511161;0.050124;,
  0.053907;0.497600;0.032376;,
  0.043624;0.662507;-0.056409;,
  0.040906;0.694045;-0.068397;,
  -0.017463;0.577742;0.083671;,
  -0.020603;0.566291;0.092960;,
  0.035192;0.684622;0.087317;,
  -0.009720;0.724933;0.055957;,
  -0.013310;0.683140;0.068478;,
  0.044514;0.730087;0.072821;,
  0.070224;0.472351;0.034486;,
  0.119629;0.377474;0.061463;,
  0.093564;0.379427;0.021812;,
  0.089699;0.472123;0.080743;,
  0.109720;0.285764;0.009981;,
  0.121557;0.283510;0.061503;,
  0.019365;0.467179;0.033959;,
  0.021708;0.358539;0.101286;,
  -0.023729;0.470250;0.130301;,
  0.040895;0.369573;0.028612;,
  0.058167;0.275512;0.078905;,
  0.070202;0.276276;0.038372;,
  0.098278;0.368594;0.121966;,
  0.064488;0.452867;0.134065;,
  0.095736;0.282778;0.093054;,
  0.125772;0.006964;0.097750;,
  0.068146;0.007519;0.115386;,
  0.089300;0.006944;0.071392;,
  0.097864;0.007493;0.133604;,
  0.108403;0.227468;0.036773;,
  0.130637;0.156667;0.081889;,
  0.113561;0.153975;0.044716;,
  0.127440;0.230967;0.074725;,
  0.128330;0.076873;0.090032;,
  0.122148;0.075268;0.055884;,
  0.063221;0.205538;0.045833;,
  0.059090;0.158835;0.095413;,
  0.043919;0.222932;0.095144;,
  0.077370;0.149070;0.057934;,
  0.088448;0.085449;0.097076;,
  0.097608;0.068214;0.069587;,
  0.117005;0.164570;0.117066;,
  0.109861;0.238704;0.120283;,
  0.110068;0.092223;0.106563;,
  0.081011;0.515401;0.090245;,
  0.020673;0.486228;0.006892;,
  0.019365;0.467179;0.033959;,
  0.010748;0.457719;0.028684;,
  0.059813;0.527144;0.139197;,
  0.004587;0.532801;0.138964;,
  0.057378;0.471250;0.141431;,
  0.005737;0.478145;0.143615;,
  0.028875;0.632597;0.094462;,
  0.071095;0.679342;0.086638;,
  0.088968;0.678885;0.075831;,
  0.084823;0.615202;0.041415;,
  0.105967;0.663198;0.028267;,
  0.068771;0.627555;0.087470;,
  0.089970;0.646569;-0.014506;,
  0.077286;0.601988;0.007917;,
  0.045711;0.645053;-0.043346;,
  0.035603;0.593591;-0.016603;,
  0.133882;0.725280;-0.038863;,
  0.154061;0.681386;-0.023665;,
  0.086065;0.732376;-0.015223;,
  0.121546;0.631479;0.020747;,
  0.100655;0.675474;0.002846;,
  0.164954;0.635807;-0.000643;,
  0.110290;0.745564;0.039101;,
  0.100655;0.675474;0.002846;,
  0.125399;0.700831;0.058616;,
  0.142237;0.647450;0.067712;,
  0.121546;0.631479;0.020747;,
  0.120409;0.750035;0.041561;,
  0.178863;0.707058;0.032034;,
  0.158179;0.749819;0.017316;,
  0.185551;0.651683;0.046457;,
  0.151235;0.737805;-0.017931;,
  0.166402;0.616976;-0.010031;,
  0.126217;0.550277;0.005787;,
  0.115488;0.609218;0.015424;,
  0.158334;0.557779;-0.010325;,
  0.131971;0.510193;0.003731;,
  0.154804;0.507599;-0.008156;,
  0.115488;0.609218;0.015424;,
  0.158584;0.550988;0.052965;,
  0.143073;0.609655;0.072167;,
  0.126217;0.550277;0.005787;,
  0.155922;0.508935;0.035291;,
  0.131971;0.510193;0.003731;,
  0.183031;0.557050;0.040328;,
  0.193756;0.617443;0.046938;,
  0.171683;0.505611;0.025605;,
  0.094678;0.437480;0.018209;,
  0.148255;0.448522;0.034465;,
  0.109237;0.448834;0.006250;,
  0.133557;0.437311;0.045840;,
  0.100401;0.441372;0.003308;,
  0.109208;0.427246;0.001480;,
  0.105410;0.433582;0.009635;,
  0.099227;0.434980;-0.006381;,
  0.138972;0.480140;0.042907;,
  0.127383;0.449262;-0.007664;,
  0.143901;0.443115;0.042082;,
  0.115055;0.481012;-0.000674;,
  0.158680;0.432234;0.034252;,
  0.172561;0.474836;0.026320;,
  0.148564;0.476481;-0.019762;,
  0.143215;0.438821;-0.013733;,
  0.112941;0.797430;-0.014481;,
  0.127361;0.784821;-0.037447;,
  0.087492;0.791781;-0.023362;,
  0.092410;0.776498;-0.042820;,
  0.085201;0.729243;0.071093;,
  0.066765;0.783187;-0.054497;,
  0.129057;0.758676;-0.046283;,
  0.110671;0.730544;-0.037342;,
  0.100632;0.748630;-0.048539;,
  0.122603;0.740550;-0.031574;,
  0.099489;0.769985;0.040194;,
  0.053416;0.766196;0.044738;,
  0.103774;0.771937;0.035741;,
  -0.002254;0.757080;0.030735;,
  0.011252;0.790102;-0.017577;,
  0.085410;0.799788;0.007703;,
  0.103774;0.771937;0.035741;,
  0.105025;0.725249;0.000018;,
  0.106270;0.760465;0.032295;,
  0.086065;0.732376;-0.015223;,
  0.099050;0.712688;0.047684;,
  0.105467;0.694148;0.019010;,
  0.113287;0.715356;-0.026364;,
  0.098187;0.722600;0.061104;,
  0.115055;0.481012;-0.000674;,
  0.068942;0.805965;-0.078223;,
  0.060267;0.820981;-0.066374;,
  0.021349;0.802137;-0.046529;,
  0.034606;0.828767;-0.061986;,
  0.143215;0.438821;-0.013733;,
  0.094678;0.437480;0.018209;,
  0.133557;0.437311;0.045840;,
  0.106482;0.459729;-0.001616;,
  0.110696;0.442729;-0.020700;,
  0.106482;0.459729;-0.001616;,
  0.117349;0.447321;0.005074;,
  0.130359;0.436144;-0.012578;,
  0.130359;0.436144;-0.012578;,
  0.100401;0.441372;0.003308;,
  0.099227;0.434980;-0.006381;,
  0.109208;0.427246;0.001480;,
  0.171881;0.027547;0.035604;,
  0.169723;0.005306;-0.018112;,
  0.164912;0.023986;-0.012892;,
  0.180267;0.005823;0.032664;,
  0.070840;0.040777;0.103986;,
  0.089300;0.006944;0.071392;,
  0.068146;0.007519;0.115386;,
  0.089662;0.031863;0.068220;,
  0.088448;0.085449;0.097076;,
  0.106392;0.043791;0.125480;,
  0.110068;0.092223;0.106563;,
  0.125772;0.006964;0.097750;,
  0.097864;0.007493;0.133604;,
  0.128316;0.041872;0.095845;,
  0.122148;0.075268;0.055884;,
  0.128330;0.076873;0.090032;,
  0.136030;0.021099;-0.018534;,
  0.134545;0.005465;-0.027730;,
  0.180267;0.005823;0.032664;,
  0.134545;0.005465;-0.027730;,
  0.040895;0.369573;0.028612;,
  0.070202;0.276276;0.038372;,
  0.063221;0.205538;0.045833;,
  0.077370;0.149070;0.057934;,
  0.097608;0.068214;0.069587;,
  0.097608;0.068214;0.069587;,
  -0.011331;0.461355;0.075621;,
  0.079319;0.795098;-0.095225;,
  0.063062;0.774108;-0.090831;,
  0.071776;0.775176;-0.097829;,
  0.060617;0.793268;-0.086400;,
  0.069767;0.823054;-0.105486;,
  0.060519;0.845208;-0.107977;,
  0.047718;0.827006;-0.229050;,
  0.029635;0.797767;-0.229922;,
  0.027882;0.827420;-0.232889;,
  0.066839;0.762077;-0.181436;,
  0.050261;0.754500;-0.182125;,
  0.061629;0.778642;-0.205544;,
  0.076957;0.778778;-0.118241;,
  0.083316;0.807764;-0.120336;,
  0.076879;0.807003;-0.103047;,
  0.082197;0.835319;-0.147964;,
  0.083282;0.817318;-0.164602;,
  0.073974;0.797073;-0.207208;,
  0.081314;0.823359;-0.201267;,
  0.080455;0.790541;-0.168783;,
  0.078697;0.851677;-0.146364;,
  0.066611;0.872914;-0.147397;,
  0.027019;0.881580;-0.143779;,
  0.058992;0.875798;-0.195208;,
  0.025650;0.884242;-0.192980;,
  0.081818;0.784389;-0.146970;,
  0.068650;0.762110;-0.113280;,
  0.068689;0.759891;-0.149166;,
  0.055691;0.742425;-0.093342;,
  0.035920;0.750626;-0.083937;,
  0.036800;0.731335;-0.092543;,
  0.055943;0.792833;-0.220992;,
  0.067769;0.825248;-0.219655;,
  0.075084;0.857928;-0.199044;,
  0.061260;0.854322;-0.217958;,
  0.043539;0.861126;-0.220730;,
  0.026139;0.863063;-0.221690;,
  0.029144;0.858370;-0.111053;,
  0.075084;0.857928;-0.199044;,
  0.061260;0.854322;-0.217958;,
  0.089478;0.808372;-0.123250;,
  0.092629;0.832614;-0.164088;,
  0.098090;0.834647;-0.143605;,
  0.086532;0.821518;-0.147883;,
  0.098090;0.834647;-0.143605;,
  0.089478;0.808372;-0.123250;,
  0.092629;0.832614;-0.164088;,
  0.083282;0.817318;-0.164602;,
  0.085098;0.803313;-0.143771;,
  0.083316;0.807764;-0.120336;,
  0.067481;0.766909;-0.170254;,
  0.085098;0.803313;-0.143771;,
  0.066765;0.783187;-0.054497;,
  0.068942;0.805965;-0.078223;,
  0.092410;0.776498;-0.042820;,
  0.069767;0.823054;-0.105486;,
  0.038302;0.744089;-0.079089;,
  0.039046;0.720848;-0.072021;,
  0.030107;0.543960;-0.012254;,
  -0.033681;0.529814;0.121648;,
  -0.036628;0.496372;0.128690;,
  -0.026935;0.453486;0.119157;,
  0.032533;0.772195;-0.091278;,
  -0.011331;0.461355;0.075621;,
  0.043539;0.861126;-0.220730;,
  0.026139;0.863063;-0.221690;,
  0.055235;0.747592;-0.124914;,
  0.047082;0.747925;-0.148477;,
  0.047687;0.744591;-0.139436;,
  0.030588;0.783131;-0.224939;,
  0.032093;0.763734;-0.208541;,
  0.048132;0.760237;-0.170634;,
  -0.014311;0.630071;0.075130;,
  0.092410;0.776498;-0.042820;,
  0.169723;0.005306;-0.018112;,
  0.047654;0.737991;-0.118750;,
  0.054905;0.745653;-0.118601;,
  0.047105;0.742943;-0.122112;,
  0.035205;0.738828;-0.139827;,
  0.035274;0.732752;-0.150953;,
  0.046908;0.739663;-0.127392;,
  0.035466;0.741893;-0.122276;,
  0.036013;0.734198;-0.117796;,
  0.033682;0.746924;-0.182815;,
  0.033898;0.747543;-0.172666;,
  0.106270;0.760465;0.032295;,
  0.035675;0.735519;-0.128409;,
  0.095394;0.735966;0.011418;,
  0.105025;0.725249;0.000018;,
  0.113287;0.715356;-0.026364;,
  0.078697;0.851677;-0.146364;,
  0.108403;0.227468;0.036773;,
  0.079210;0.148540;0.012482;,
  0.066091;0.224114;-0.001454;,
  0.113561;0.153975;0.044716;,
  0.109720;0.285764;0.009981;,
  0.068380;0.279093;-0.011093;,
  0.093564;0.379427;0.021812;,
  0.042673;0.368866;0.000803;,
  0.070224;0.472351;0.034486;,
  0.028197;0.456070;0.010138;,
  0.053907;0.497600;0.032376;,
  0.085588;0.076206;0.017212;,
  0.122148;0.075268;0.055884;,
  0.051605;0.154994;0.121543;,
  -0.010464;0.102614;0.110209;,
  0.060752;0.085645;0.128164;,
  -0.010840;0.176018;0.105654;,
  -0.006622;0.242537;0.093372;,
  0.043136;0.222231;0.109742;,
  -0.008307;0.308702;0.091935;,
  0.041049;0.271485;0.104599;,
  0.015531;0.356700;0.114792;,
  -0.021445;0.385172;0.110035;,
  -0.035751;0.469278;0.128955;,
  0.095394;0.735966;0.011418;,
  -0.027591;0.733483;-0.094739;,
  0.005238;0.725442;-0.078470;,
  -0.038425;0.712935;-0.091059;,
  0.006645;0.759706;-0.078227;,
  -0.044160;0.696140;-0.083953;,
  -0.008827;0.661661;-0.070970;,
  -0.054106;0.673838;-0.060835;,
  0.001548;0.689321;-0.079075;,
  -0.004655;0.795355;-0.058192;,
  -0.061540;0.782798;-0.045118;,
  -0.034119;0.791466;-0.031196;,
  -0.041897;0.776768;-0.069979;,
  -0.085129;0.566596;0.034261;,
  -0.055768;0.579154;0.064315;,
  -0.076287;0.574644;0.029898;,
  -0.058213;0.570016;0.074090;,
  -0.047675;0.559299;-0.015940;,
  -0.071338;0.539566;0.003459;,
  -0.010172;0.546489;-0.028814;,
  -0.049093;0.509931;-0.008715;,
  -0.020356;0.496800;-0.002494;,
  -0.017463;0.577742;0.083671;,
  -0.020603;0.566291;0.092960;,
  -0.058577;0.676971;0.043837;,
  -0.009720;0.724933;0.055957;,
  -0.060334;0.719353;0.030375;,
  -0.013310;0.683140;0.068478;,
  -0.031450;0.474103;-0.015202;,
  -0.073381;0.374947;-0.036884;,
  -0.078353;0.469190;0.001027;,
  -0.027035;0.382219;-0.044278;,
  -0.019037;0.287335;-0.067336;,
  -0.064421;0.281577;-0.041253;,
  0.004394;0.471962;0.021386;,
  -0.034654;0.357103;0.061679;,
  0.004464;0.374426;-0.001099;,
  -0.045643;0.470014;0.120012;,
  -0.033504;0.277121;0.016961;,
  -0.012164;0.279179;-0.019158;,
  -0.102366;0.361103;0.019361;,
  -0.099511;0.447464;0.054621;,
  -0.069882;0.280974;-0.001101;,
  -0.079374;0.006311;-0.018901;,
  -0.105363;0.010326;0.035325;,
  -0.118966;0.008552;0.003280;,
  -0.058724;0.008429;0.021025;,
  -0.034106;0.226949;-0.044572;,
  -0.078082;0.154756;-0.024651;,
  -0.074976;0.228968;-0.032713;,
  -0.039164;0.153364;-0.037462;,
  -0.075928;0.075691;-0.016169;,
  -0.044205;0.074447;-0.024915;,
  -0.008675;0.209413;-0.003950;,
  -0.039345;0.163712;0.036388;,
  -0.023876;0.151972;-0.001783;,
  -0.032524;0.228942;0.042489;,
  -0.065689;0.087555;0.020129;,
  -0.055078;0.069092;0.009492;,
  -0.094928;0.164189;0.008709;,
  -0.096701;0.238689;0.010622;,
  -0.082856;0.092571;0.005206;,
  -0.082500;0.513641;0.013466;,
  0.004394;0.471962;0.021386;,
  -0.106835;0.525350;0.060946;,
  -0.071492;0.531982;0.103240;,
  -0.103258;0.467241;0.064831;,
  -0.072024;0.475979;0.105371;,
  -0.055526;0.627486;0.051969;,
  -0.079726;0.667036;0.016704;,
  -0.082543;0.664891;-0.003698;,
  -0.042901;0.607468;-0.022889;,
  -0.072495;0.619002;0.016349;,
  -0.053882;0.650155;-0.045854;,
  -0.008019;0.638573;-0.059943;,
  -0.009663;0.596723;-0.035859;,
  -0.073127;0.698796;-0.104859;,
  -0.034498;0.710423;-0.069247;,
  -0.097712;0.656983;-0.090291;,
  -0.080925;0.615034;-0.031529;,
  -0.115831;0.615104;-0.065323;,
  -0.054845;0.656293;-0.048436;,
  -0.073679;0.730536;-0.027150;,
  -0.094740;0.688639;-0.006872;,
  -0.054845;0.656293;-0.048436;,
  -0.114547;0.636436;0.004374;,
  -0.080925;0.615034;-0.031529;,
  -0.083989;0.735043;-0.028502;,
  -0.137637;0.689629;-0.048856;,
  -0.112734;0.730402;-0.062658;,
  -0.149405;0.636428;-0.029250;,
  -0.095741;0.713701;-0.092106;,
  -0.114353;0.595479;-0.072264;,
  -0.080971;0.532796;-0.036624;,
  -0.106717;0.537044;-0.062441;,
  -0.073504;0.592833;-0.031957;,
  -0.088525;0.494953;-0.031566;,
  -0.103925;0.488138;-0.052565;,
  -0.073504;0.592833;-0.031957;,
  -0.126055;0.538184;-0.001807;,
  -0.080971;0.532796;-0.036624;,
  -0.116921;0.599344;0.013374;,
  -0.121397;0.489930;-0.014113;,
  -0.088525;0.494953;-0.031566;,
  -0.145539;0.541719;-0.021856;,
  -0.157615;0.602058;-0.026657;,
  -0.130444;0.488521;-0.026323;,
  -0.044593;0.441516;0.007917;,
  -0.094592;0.429559;-0.016859;,
  -0.086535;0.419930;0.000848;,
  -0.052276;0.451522;-0.010104;,
  -0.041272;0.448593;-0.006534;,
  -0.039455;0.434125;-0.014770;,
  -0.031778;0.446749;-0.013059;,
  -0.044740;0.437945;-0.005907;,
  -0.108108;0.457287;-0.002520;,
  -0.056111;0.451488;-0.032650;,
  -0.066820;0.480757;-0.017239;,
  -0.093773;0.423340;-0.008681;,
  -0.093802;0.412119;-0.025179;,
  -0.117856;0.448549;-0.038017;,
  -0.075384;0.473621;-0.054434;,
  -0.058084;0.439713;-0.048586;,
  -0.068337;0.776046;-0.079757;,
  -0.062118;0.762456;-0.105662;,
  -0.041897;0.776768;-0.069979;,
  -0.030794;0.761945;-0.087210;,
  -0.087370;0.711576;0.001231;,
  -0.005967;0.776007;-0.078510;,
  -0.053171;0.736851;-0.111884;,
  -0.038425;0.712935;-0.091059;,
  -0.055855;0.716598;-0.098208;,
  -0.027591;0.733483;-0.094739;,
  -0.084720;0.748961;-0.026530;,
  -0.085462;0.750462;-0.032632;,
  -0.054635;0.753435;0.005809;,
  -0.002254;0.757080;0.030735;,
  0.011252;0.790102;-0.017577;,
  -0.061540;0.782798;-0.045118;,
  -0.085462;0.750462;-0.032632;,
  -0.056210;0.705874;-0.058787;,
  -0.034498;0.710423;-0.069247;,
  -0.083219;0.738553;-0.036482;,
  -0.077457;0.694618;-0.023771;,
  -0.058299;0.677382;-0.047287;,
  -0.044160;0.696140;-0.083953;,
  -0.088163;0.703522;-0.014337;,
  -0.066820;0.480757;-0.017239;,
  -0.001060;0.809212;-0.076403;,
  0.008479;0.823383;-0.065027;,
  0.021349;0.802137;-0.046529;,
  0.034606;0.828767;-0.061986;,
  -0.058084;0.439713;-0.048586;,
  -0.044593;0.441516;0.007917;,
  -0.086535;0.419930;0.000848;,
  -0.050806;0.464799;-0.013218;,
  -0.034360;0.455326;-0.030846;,
  -0.050806;0.464799;-0.013218;,
  -0.056209;0.448193;-0.016656;,
  -0.049087;0.440749;-0.039008;,
  -0.049087;0.440749;-0.039008;,
  -0.041272;0.448593;-0.006534;,
  -0.031778;0.446749;-0.013059;,
  -0.039455;0.434125;-0.014770;,
  -0.010863;0.024022;-0.056378;,
  0.041707;0.001876;-0.044947;,
  -0.006933;0.001832;-0.062941;,
  0.036022;0.020816;-0.042072;,
  -0.093349;0.043347;0.032408;,
  -0.058724;0.008429;0.021025;,
  -0.055278;0.033278;0.019675;,
  -0.105363;0.010326;0.035325;,
  -0.065689;0.087555;0.020129;,
  -0.109294;0.044266;-0.006061;,
  -0.082856;0.092571;0.005206;,
  -0.079374;0.006311;-0.018901;,
  -0.076755;0.041002;-0.023180;,
  -0.118966;0.008552;0.003280;,
  -0.044205;0.074447;-0.024915;,
  -0.075928;0.075691;-0.016169;,
  0.037284;0.019649;-0.012553;,
  0.045997;0.004118;-0.008800;,
  -0.006933;0.001832;-0.062941;,
  0.045997;0.004118;-0.008800;,
  0.004464;0.374426;-0.001099;,
  -0.012164;0.279179;-0.019158;,
  -0.008675;0.209413;-0.003950;,
  -0.023876;0.151972;-0.001783;,
  -0.055078;0.069092;0.009492;,
  -0.055078;0.069092;0.009492;,
  -0.012725;0.789882;-0.092947;,
  0.005994;0.770875;-0.089418;,
  0.006391;0.795783;-0.084990;,
  -0.003119;0.770933;-0.095975;,
  -0.006908;0.818709;-0.103588;,
  -0.000354;0.841758;-0.106470;,
  0.008432;0.824780;-0.228078;,
  0.027882;0.827420;-0.232889;,
  -0.000865;0.758241;-0.179760;,
  0.001247;0.775220;-0.204050;,
  0.016409;0.752582;-0.181287;,
  -0.009674;0.773869;-0.116097;,
  -0.019360;0.801947;-0.117794;,
  -0.012034;0.801965;-0.100846;,
  -0.022723;0.829374;-0.145366;,
  -0.022588;0.811319;-0.161981;,
  -0.013167;0.792136;-0.205051;,
  -0.016966;0.785021;-0.166371;,
  -0.023126;0.817442;-0.198682;,
  -0.021018;0.846027;-0.143896;,
  -0.011472;0.868490;-0.145464;,
  0.027019;0.881580;-0.143779;,
  -0.006595;0.872082;-0.193584;,
  0.025650;0.884242;-0.192980;,
  -0.016548;0.778815;-0.144535;,
  -0.000862;0.755950;-0.147445;,
  0.000696;0.758260;-0.111598;,
  0.016762;0.740219;-0.092378;,
  0.004525;0.789919;-0.219719;,
  -0.010804;0.820796;-0.217710;,
  -0.020736;0.852499;-0.196672;,
  -0.007543;0.850423;-0.216255;,
  0.026139;0.863063;-0.221690;,
  0.009138;0.859177;-0.219879;,
  0.029144;0.858370;-0.111053;,
  -0.020736;0.852499;-0.196672;,
  -0.007543;0.850423;-0.216255;,
  -0.025688;0.801847;-0.120400;,
  -0.033566;0.825464;-0.160964;,
  -0.025463;0.815172;-0.145110;,
  -0.038204;0.826925;-0.140231;,
  -0.038204;0.826925;-0.140231;,
  -0.025688;0.801847;-0.120400;,
  -0.033566;0.825464;-0.160964;,
  -0.022588;0.811319;-0.161981;,
  -0.021782;0.797257;-0.141125;,
  -0.019360;0.801947;-0.117794;,
  -0.001495;0.763001;-0.168546;,
  -0.021782;0.797257;-0.141125;,
  -0.005967;0.776007;-0.078510;,
  -0.001060;0.809212;-0.076403;,
  -0.030794;0.761945;-0.087210;,
  -0.006908;0.818709;-0.103588;,
  -0.033681;0.529814;0.121648;,
  -0.036628;0.496372;0.128690;,
  -0.026935;0.453486;0.119157;,
  -0.011331;0.461355;0.075621;,
  0.009138;0.859177;-0.219879;,
  0.026139;0.863063;-0.221690;,
  0.015074;0.745317;-0.123920;,
  0.021965;0.746501;-0.147855;,
  0.022187;0.743146;-0.138805;,
  0.018440;0.758554;-0.169899;,
  -0.014311;0.630071;0.075130;,
  -0.030794;0.761945;-0.087210;,
  0.041707;0.001876;-0.044947;,
  0.015932;0.743445;-0.117636;,
  0.023985;0.736650;-0.118165;,
  0.023805;0.741623;-0.121535;,
  0.024111;0.738372;-0.126827;,
  -0.083219;0.738553;-0.036482;,
  -0.057472;0.717512;-0.045009;,
  -0.056210;0.705874;-0.058787;,
  -0.044160;0.696140;-0.083953;,
  -0.021018;0.846027;-0.143896;,
  0.014387;0.223178;-0.036496;,
  0.041094;0.145854;-0.013431;,
  0.004789;0.146398;-0.032227;,
  0.038245;0.223548;-0.018084;,
  0.014748;0.283429;-0.048525;,
  0.039855;0.279024;-0.027628;,
  0.015779;0.373419;-0.019394;,
  0.028882;0.364520;-0.007559;,
  0.013762;0.460565;-0.000016;,
  0.020485;0.448726;0.007739;,
  0.020673;0.486228;0.006892;,
  -0.020356;0.496800;-0.002494;,
  0.045227;0.079499;-0.012964;,
  0.003092;0.073877;-0.029572;,
  -0.051303;0.085914;0.067093;,
  -0.094928;0.164189;0.008709;,
  -0.082847;0.092571;0.005215;,
  -0.048430;0.160937;0.060559;,
  -0.096701;0.238689;0.010622;,
  -0.046479;0.226149;0.052395;,
  -0.042085;0.273980;0.050338;,
  -0.069882;0.280974;-0.001101;,
  -0.102366;0.361103;0.019361;,
  -0.041106;0.352847;0.077386;,
  -0.036628;0.496372;0.128690;,
  -0.072024;0.475979;0.105371;,
  -0.057472;0.717512;-0.045009;,
  -0.031450;0.474104;-0.015202;,
  -0.027035;0.382219;-0.044278;,
  -0.019037;0.287335;-0.067336;,
  -0.034106;0.226949;-0.044572;,
  -0.039164;0.153364;-0.037462;,
  -0.044205;0.074447;-0.024915;,
  0.098278;0.368594;0.121966;,
  0.005737;0.478145;0.143615;,
  0.064488;0.452867;0.134065;,
  0.095736;0.282778;0.093054;,
  0.109861;0.238704;0.120283;,
  0.117005;0.164570;0.117066;,
  0.110068;0.092223;0.106563;,
  -0.099511;0.447464;0.054621;;
  916;
  3;0,1,2;,
  3;1,0,3;,
  3;4,5,6;,
  3;5,4,7;,
  3;8,9,10;,
  3;9,8,11;,
  3;12,13,14;,
  3;13,12,15;,
  3;16,12,17;,
  3;12,16,15;,
  3;18,19,20;,
  3;19,18,16;,
  3;6,21,22;,
  3;21,6,5;,
  3;14,23,24;,
  3;23,14,13;,
  3;25,26,27;,
  3;26,25,28;,
  3;29,30,31;,
  3;30,29,32;,
  3;30,33,31;,
  3;33,30,34;,
  3;35,36,37;,
  3;36,35,38;,
  3;38,39,36;,
  3;39,38,40;,
  3;37,41,42;,
  3;41,37,36;,
  3;36,43,41;,
  3;43,36,39;,
  3;42,30,32;,
  3;30,42,41;,
  3;41,34,30;,
  3;34,41,43;,
  3;44,45,46;,
  3;45,44,47;,
  3;48,49,50;,
  3;49,48,51;,
  3;50,52,53;,
  3;52,50,49;,
  3;54,55,56;,
  3;55,54,57;,
  3;57,58,55;,
  3;58,57,59;,
  3;56,60,61;,
  3;60,56,55;,
  3;55,62,60;,
  3;62,55,58;,
  3;61,49,51;,
  3;49,61,60;,
  3;60,52,49;,
  3;52,60,62;,
  3;32,19,63;,
  3;19,32,29;,
  3;64,65,66;,
  3;65,64,20;,
  3;14,67,12;,
  3;67,14,68;,
  3;68,69,67;,
  3;69,68,70;,
  3;70,42,69;,
  3;42,70,37;,
  3;48,34,51;,
  3;34,48,33;,
  3;51,43,61;,
  3;43,51,34;,
  3;43,56,61;,
  3;56,43,39;,
  3;39,54,56;,
  3;54,39,40;,
  3;12,63,17;,
  3;63,12,67;,
  3;67,32,63;,
  3;32,67,69;,
  3;69,42,32;,
  3;71,72,25;,
  3;73,74,75;,
  3;74,73,76;,
  3;74,77,75;,
  3;77,74,78;,
  3;79,78,80;,
  3;78,79,77;,
  3;81,82,83;,
  3;82,84,85;,
  3;84,82,86;,
  3;87,88,89;,
  3;88,90,89;,
  3;90,88,91;,
  3;92,93,94;,
  3;92,89,93;,
  3;92,87,89;,
  3;89,95,93;,
  3;95,89,90;,
  3;96,93,82;,
  3;93,86,82;,
  3;86,93,95;,
  3;97,98,99;,
  3;98,97,100;,
  3;100,101,98;,
  3;101,100,102;,
  3;103,104,105;,
  3;104,103,106;,
  3;106,107,104;,
  3;107,106,108;,
  3;105,109,110;,
  3;109,105,104;,
  3;104,111,109;,
  3;111,104,107;,
  3;110,100,97;,
  3;100,110,109;,
  3;109,102,100;,
  3;102,109,111;,
  3;112,113,114;,
  3;113,112,115;,
  3;116,117,118;,
  3;117,116,119;,
  3;120,121,122;,
  3;121,120,123;,
  3;120,124,125;,
  3;124,120,122;,
  3;126,124,127;,
  3;124,126,125;,
  3;95,97,86;,
  3;97,95,110;,
  3;86,99,84;,
  3;99,86,97;,
  3;90,103,105;,
  3;103,90,91;,
  3;105,95,90;,
  3;95,105,110;,
  3;128,96,129;,
  3;96,128,94;,
  3;129,130,128;,
  3;130,129,131;,
  3;72,28,25;,
  3;28,72,132;,
  3;10,133,8;,
  3;134,135,136;,
  3;135,134,137;,
  3;81,137,134;,
  3;138,11,139;,
  3;138,9,11;,
  3;138,140,9;,
  3;141,11,142;,
  3;11,141,139;,
  3;128,130,143;,
  3;94,144,92;,
  3;94,143,144;,
  3;94,128,143;,
  3;145,87,146;,
  3;87,145,147;,
  3;75,148,73;,
  3;148,75,149;,
  3;150,147,145;,
  3;7,149,75;,
  3;148,151,73;,
  3;102,152,101;,
  3;152,102,126;,
  3;102,125,126;,
  3;125,102,111;,
  3;111,120,125;,
  3;120,111,107;,
  3;120,108,123;,
  3;108,120,107;,
  3;8,153,154;,
  3;153,8,133;,
  3;154,155,8;,
  3;155,154,156;,
  3;122,114,113;,
  3;114,122,121;,
  3;121,112,114;,
  3;112,121,157;,
  3;158,124,159;,
  3;124,158,127;,
  3;159,122,113;,
  3;122,159,124;,
  3;126,160,152;,
  3;160,126,161;,
  3;162,121,123;,
  3;121,162,163;,
  3;121,164,157;,
  3;164,121,163;,
  3;165,126,127;,
  3;126,165,161;,
  3;161,166,160;,
  3;166,161,167;,
  3;162,118,163;,
  3;118,162,116;,
  3;163,117,164;,
  3;117,163,118;,
  3;165,167,161;,
  3;167,165,168;,
  3;169,170,171;,
  3;170,169,172;,
  3;173,174,175;,
  3;174,173,176;,
  3;177,178,179;,
  3;178,177,173;,
  3;180,178,181;,
  3;178,180,182;,
  3;183,169,171;,
  3;169,183,184;,
  3;174,185,186;,
  3;185,174,176;,
  3;46,187,44;,
  3;187,46,188;,
  3;180,169,182;,
  3;169,180,172;,
  3;20,29,65;,
  3;19,29,20;,
  3;29,31,189;,
  3;31,190,189;,
  3;190,31,33;,
  3;33,191,190;,
  3;191,33,48;,
  3;191,50,192;,
  3;50,191,48;,
  3;192,53,193;,
  3;53,192,50;,
  3;194,171,185;,
  3;171,194,183;,
  3;171,186,185;,
  3;186,171,170;,
  3;185,176,194;,
  3;194,173,177;,
  3;173,194,176;,
  3;178,175,181;,
  3;175,178,173;,
  3;179,182,184;,
  3;182,179,178;,
  3;182,169,184;,
  3;16,17,19;,
  3;17,63,19;,
  3;65,195,66;,
  3;196,197,198;,
  3;197,196,199;,
  3;200,154,153;,
  3;154,200,201;,
  3;202,203,204;,
  3;205,206,207;,
  3;196,208,209;,
  3;208,196,198;,
  3;210,209,211;,
  3;209,210,196;,
  3;212,213,214;,
  3;213,212,215;,
  3;212,214,211;,
  3;201,216,217;,
  3;216,201,200;,
  3;218,219,220;,
  3;219,218,217;,
  3;210,199,196;,
  3;213,205,207;,
  3;221,222,223;,
  3;198,197,224;,
  3;224,225,226;,
  3;225,224,197;,
  3;227,213,207;,
  3;228,229,214;,
  3;229,228,230;,
  3;220,231,232;,
  3;213,228,214;,
  3;156,201,233;,
  3;201,156,154;,
  3;233,217,218;,
  3;217,233,201;,
  3;219,217,234;,
  3;235,219,234;,
  3;236,237,238;,
  3;237,236,239;,
  3;209,240,211;,
  3;240,209,241;,
  3;211,242,212;,
  3;242,211,240;,
  3;243,239,244;,
  3;239,243,237;,
  3;244,236,245;,
  3;236,244,239;,
  3;246,221,223;,
  3;221,246,215;,
  3;221,212,247;,
  3;212,221,215;,
  3;199,248,2;,
  3;248,199,249;,
  3;133,10,250;,
  3;249,210,251;,
  3;210,249,199;,
  3;210,211,251;,
