xof 0303txt 0032
template ColorRGBA {
 <35ff44e0-6c7c-11cf-8f52-0040333594a3>
 FLOAT red;
 FLOAT green;
 FLOAT blue;
 FLOAT alpha;
}

template ColorRGB {
 <d3e16e81-7835-11cf-8f52-0040333594a3>
 FLOAT red;
 FLOAT green;
 FLOAT blue;
}

template Material {
 <3d82ab4d-62da-11cf-ab39-0020af71e433>
 ColorRGBA faceColor;
 FLOAT power;
 ColorRGB specularColor;
 ColorRGB emissiveColor;
 [...]
}

template TextureFilename {
 <a42790e1-7810-11cf-8f52-0040333594a3>
 STRING filename;
}

template Frame {
 <3d82ab46-62da-11cf-ab39-0020af71e433>
 [...]
}

template Matrix4x4 {
 <f6f23f45-7686-11cf-8f52-0040333594a3>
 array FLOAT matrix[16];
}

template FrameTransformMatrix {
 <f6f23f41-7686-11cf-8f52-0040333594a3>
 Matrix4x4 frameMatrix;
}

template Vector {
 <3d82ab5e-62da-11cf-ab39-0020af71e433>
 FLOAT x;
 FLOAT y;
 FLOAT z;
}

template MeshFace {
 <3d82ab5f-62da-11cf-ab39-0020af71e433>
 DWORD nFaceVertexIndices;
 array DWORD faceVertexIndices[nFaceVertexIndices];
}

template Mesh {
 <3d82ab44-62da-11cf-ab39-0020af71e433>
 DWORD nVertices;
 array Vector vertices[nVertices];
 DWORD nFaces;
 array MeshFace faces[nFaces];
 [...]
}

template MeshNormals {
 <f6f23f43-7686-11cf-8f52-0040333594a3>
 DWORD nNormals;
 array Vector normals[nNormals];
 DWORD nFaceNormals;
 array MeshFace faceNormals[nFaceNormals];
}

template MeshMaterialList {
 <f6f23f42-7686-11cf-8f52-0040333594a3>
 DWORD nMaterials;
 DWORD nFaceIndexes;
 array DWORD faceIndexes[nFaceIndexes];
 [Material <3d82ab4d-62da-11cf-ab39-0020af71e433>]
}

template Coords2d {
 <f6f23f44-7686-11cf-8f52-0040333594a3>
 FLOAT u;
 FLOAT v;
}

template MeshTextureCoords {
 <f6f23f40-7686-11cf-8f52-0040333594a3>
 DWORD nTextureCoords;
 array Coords2d textureCoords[nTextureCoords];
}

template XSkinMeshHeader {
 <3cf169ce-ff7c-44ab-93c0-f78f62d172e2>
 WORD nMaxSkinWeightsPerVertex;
 WORD nMaxSkinWeightsPerFace;
 WORD nBones;
}

template SkinWeights {
 <6f0d123b-bad2-4167-a0d0-80224f25fabb>
 STRING transformNodeName;
 DWORD nWeights;
 array DWORD vertexIndices[nWeights];
 array FLOAT weights[nWeights];
 Matrix4x4 matrixOffset;
}

template AnimTicksPerSecond {
 <9e415a43-7ba6-4a73-8743-b73d47e88476>
 DWORD AnimTicksPerSecond;
}

template Animation {
 <3d82ab4f-62da-11cf-ab39-0020af71e433>
 [...]
}

template AnimationSet {
 <3d82ab50-62da-11cf-ab39-0020af71e433>
 [Animation <3d82ab4f-62da-11cf-ab39-0020af71e433>]
}

template FloatKeys {
 <10dd46a9-775b-11cf-8f52-0040333594a3>
 DWORD nValues;
 array FLOAT values[nValues];
}

template TimedFloatKeys {
 <f406b180-7b3b-11cf-8f52-0040333594a3>
 DWORD time;
 FloatKeys tfkeys;
}

template AnimationKey {
 <10dd46a8-775b-11cf-8f52-0040333594a3>
 DWORD keyType;
 DWORD nKeys;
 array TimedFloatKeys keys[nKeys];
}


Material _13_-_Defaultaaaaa {
 1.000000;1.000000;1.000000;1.000000;;
 9.999999;
 0.000000;0.000000;0.000000;;
 0.000000;0.000000;0.000000;;

 TextureFilename {
  "SuitJacket.png";
 }
}

Frame Dummy01 {
 

 FrameTransformMatrix {
  1.000000,0.000000,0.000000,0.000000,0.000000,-0.000000,-1.000000,0.000000,0.000000,1.000000,-0.000000,0.000000,0.000000,0.000000,0.000000,1.000000;;
 }

 Frame Bip01 {
  

  FrameTransformMatrix {
   -0.087155,0.982405,-0.165183,0.000000,-0.000001,0.165814,0.986157,0.000000,0.996195,0.085949,-0.014450,0.000000,-0.010000,-0.012284,0.490453,1.000000;;
  }

  Frame Bip01_Pelvis {
   

   FrameTransformMatrix {
    0.000000,1.000000,-0.000001,0.000000,-0.000001,0.000001,1.000000,0.000000,1.000000,0.000000,0.000001,0.000000,0.000000,0.000000,0.000000,1.000000;;
   }

   Frame Bip01_Spine {
    

    FrameTransformMatrix {
     0.984686,0.000002,-0.174337,0.000000,-0.000001,1.000000,0.000004,0.000000,0.174337,-0.000004,0.984686,0.000000,0.051619,0.000000,-0.000083,1.000000;;
    }

    Frame Bip01_Spine1 {
     

     FrameTransformMatrix {
      0.997819,0.052687,0.039774,0.000000,-0.044862,0.983198,-0.176942,0.000000,-0.048428,0.174771,0.983417,0.000000,0.106484,-0.000015,-0.000083,1.000000;;
     }

     Frame Bip01_Neck {
      

      FrameTransformMatrix {
       0.966067,-0.020835,0.257451,0.000000,0.025191,0.999590,-0.013632,0.000000,-0.257061,0.019655,0.966195,0.000000,0.130511,-0.000001,0.004626,1.000000;;
      }

      Frame Bip01_Head {
       

       FrameTransformMatrix {
        0.989321,-0.051753,-0.136255,0.000000,0.064251,0.993958,0.088989,0.000000,0.130826,-0.096793,0.986669,0.000000,0.033674,-0.000000,-0.000000,1.000000;;
       }
      }

      Frame Bip01_L_Clavicle {
       

       FrameTransformMatrix {
        -0.205975,0.976135,0.068811,0.000000,0.943873,0.216738,-0.249254,0.000000,-0.258220,0.013609,-0.965990,0.000000,-0.024734,0.015166,0.002017,1.000000;;
       }

       Frame Bip01_L_UpperArm {
        

        FrameTransformMatrix {
         0.385871,-0.777669,0.496320,0.000000,0.922466,0.332598,-0.196046,0.000000,-0.012616,0.533487,0.845714,0.000000,0.087086,-0.000000,0.000000,1.000000;;
        }

        Frame Bip01_L_Forearm {
         

         FrameTransformMatrix {
          0.943939,0.000000,-0.330119,0.000000,0.000000,1.000000,-0.000000,0.000000,0.330119,-0.000000,0.943939,0.000000,0.137062,-0.000000,0.000000,1.000000;;
         }

         Frame Bip01_L_Hand {
          

          FrameTransformMatrix {
           1.000000,-0.000000,0.000000,0.000000,0.000000,0.000796,1.000000,0.000000,0.000000,-1.000000,0.000796,0.000000,0.137062,0.000000,0.000000,1.000000;;
          }

          Frame Bip01_L_Finger0 {
           

           FrameTransformMatrix {
            0.690342,-0.181727,0.700288,0.000000,0.558537,0.749101,-0.356210,0.000000,-0.459853,0.637043,0.618637,0.000000,0.057681,-0.023605,-0.000272,1.000000;;
           }
          }

          Frame Bip01_L_Finger1 {
           

           FrameTransformMatrix {
            0.728079,-0.000546,0.685493,0.000000,0.000000,1.000000,0.000796,0.000000,-0.685493,-0.000580,0.728079,0.000000,0.084102,0.000000,0.000000,1.000000;;
           }
          }
         }
        }
       }
      }

      Frame Bip01_R_Clavicle {
       

       FrameTransformMatrix {
        -0.028509,-0.999573,-0.006461,0.000000,-0.965665,0.025871,0.258498,0.000000,-0.258220,0.013609,-0.965990,0.000000,-0.024080,-0.016250,0.001399,1.000000;;
       }

       Frame Bip01_R_UpperArm {
        

        FrameTransformMatrix {
         0.221390,0.975047,0.016433,0.000000,-0.974986,0.221654,-0.016512,0.000000,-0.019742,-0.012366,0.999729,0.000000,0.087086,0.000000,0.000000,1.000000;;
        }

        Frame Bip01_R_Forearm {
         

         FrameTransformMatrix {
          0.915660,-0.000000,-0.401954,0.000000,-0.000000,1.000000,-0.000000,0.000000,0.401954,-0.000000,0.915660,0.000000,0.137062,0.000000,0.000000,1.000000;;
         }

         Frame Bip01_R_Hand {
          

          FrameTransformMatrix {
           0.975195,-0.000000,-0.221346,0.000000,-0.221346,0.000796,-0.975195,0.000000,0.000176,1.000000,0.000777,0.000000,0.137062,-0.000000,0.000000,1.000000;;
          }

          Frame Bip01_R_Finger0 {
           

           FrameTransformMatrix {
            0.417774,-0.116941,0.900994,0.000000,-0.558537,0.749101,0.356210,0.000000,-0.716591,-0.652054,0.247639,0.000000,0.057681,0.023605,-0.000272,1.000000;;
           }
          }

          Frame Bip01_R_Finger1 {
           

           FrameTransformMatrix {
            0.352436,0.000745,0.935835,0.000000,0.000000,1.000000,-0.000796,0.000000,-0.935836,0.000281,0.352436,0.000000,0.084102,0.000000,0.000000,1.000000;;
           }
          }
         }
        }
       }
      }
     }

     Frame Bip01_BackPack {
      

      FrameTransformMatrix {
       0.180560,0.080500,-0.980264,0.000000,0.047560,0.994764,0.090451,0.000000,0.982413,-0.062954,0.175786,0.000000,0.063697,0.000003,-0.088856,1.000000;;
      }
     }
    }

    Frame Bip01_L_Thigh {
     

     FrameTransformMatrix {
      -0.888504,0.030427,0.457858,0.000000,-0.032107,-0.999476,0.004114,0.000000,0.457744,-0.011045,0.889016,0.000000,-0.050843,0.055225,-0.008917,1.000000;;
     }

     Frame Bip01_L_Calf {
      

      FrameTransformMatrix {
       0.942235,-0.000000,-0.334952,0.000000,-0.000000,1.000000,-0.000000,0.000000,0.334952,-0.000000,0.942235,0.000000,0.237500,0.000000,-0.000000,1.000000;;
      }

      Frame Bip01_L_Foot {
       

       FrameTransformMatrix {
        0.924325,-0.026487,0.380687,0.000000,-0.068962,0.969570,0.234901,0.000000,-0.375325,-0.243378,0.894371,0.000000,0.206841,-0.000000,0.000000,1.000000;;
       }

       Frame Bip01_L_Toe0 {
        

        FrameTransformMatrix {
         0.000000,0.000000,1.000000,0.000000,0.000000,1.000000,-0.000000,0.000000,-1.000000,0.000000,0.000000,0.000000,0.065373,0.000000,0.066450,1.000000;;
        }
       }
      }
     }
    }

    Frame Bip01_R_Thigh {
     

     FrameTransformMatrix {
      -0.996965,0.030321,-0.071704,0.000000,-0.029454,-0.999480,-0.013113,0.000000,-0.072065,-0.010961,0.997340,0.000000,-0.050843,-0.055225,-0.008917,1.000000;;
     }

     Frame Bip01_R_Calf {
      

      FrameTransformMatrix {
       0.730239,0.000000,-0.683192,0.000000,0.000000,1.000000,0.000000,0.000000,0.683192,0.000000,0.730239,0.000000,0.237500,0.000000,0.000000,1.000000;;
      }

      Frame Bip01_R_Foot {
       

       FrameTransformMatrix {
        0.991957,0.087165,-0.091782,0.000000,-0.093276,0.993546,-0.064539,0.000000,0.085565,0.072581,0.993685,0.000000,0.206841,-0.000000,0.000000,1.000000;;
       }

       Frame Bip01_R_Toe0 {
        

        FrameTransformMatrix {
         0.000000,0.000000,1.000000,0.000000,0.000000,1.000000,-0.000000,0.000000,-1.000000,0.000000,0.000000,0.000000,0.065373,0.000000,0.066450,1.000000;;
        }
       }
      }
     }
    }
   }

   Frame Bip01_DressFront {
    

    FrameTransformMatrix {
     -0.880185,-0.088339,0.466338,0.000000,0.121847,0.907542,0.401896,0.000000,-0.458725,0.410564,-0.788041,0.000000,-0.043935,0.001339,0.061057,1.000000;;
    }

    Frame Bip01_DressFront02 {
     

     FrameTransformMatrix {
      0.912593,0.000001,0.408870,0.000000,-0.000001,1.000000,-0.000000,0.000000,-0.408870,-0.000000,0.912593,0.000000,0.183378,-0.000000,-0.000120,1.000000;;
     }
    }
   }

   Frame Bip01_DressBack {
    

    FrameTransformMatrix {
     -0.886023,0.038029,0.462080,0.000000,0.191625,0.937561,0.290274,0.000000,-0.422190,0.345735,-0.837988,0.000000,-0.047673,-0.000048,-0.078302,1.000000;;
    }

    Frame Bip01_DressBack02 {
     

     FrameTransformMatrix {
      0.936852,0.174932,-0.302833,0.000000,-0.166408,0.984581,0.053939,0.000000,0.307600,-0.000139,0.951516,0.000000,0.176125,0.000000,-0.000103,1.000000;;
     }
    }
   }
  }

  Frame Bip01_Prop1 {
   

   FrameTransformMatrix {
    -0.233929,-0.108090,0.966227,0.000000,0.687222,0.684611,0.242967,0.000000,-0.687752,0.720849,-0.085868,0.000000,0.076452,-0.048658,-0.145664,1.000000;;
   }
  }

  Frame Bip01_Prop2 {
   

   FrameTransformMatrix {
    -0.163643,-0.967062,0.194966,0.000000,0.985576,-0.168906,-0.010564,0.000000,0.043147,0.190425,0.980753,0.000000,-0.138405,-0.102098,0.114818,1.000000;;
   }
  }
 }
}

Frame Translation_Data {
 

 FrameTransformMatrix {
  -0.000000,0.000000,-1.000000,0.000000,-1.000000,-0.000000,0.000000,0.000000,-0.000000,1.000000,0.000000,0.000000,0.000000,-0.000000,0.000000,1.000000;;
 }
}

Frame Bob_SuitJacket {
 

 FrameTransformMatrix {
  1.000000,0.000000,0.000000,0.000000,0.000000,1.000000,0.000000,0.000000,0.000000,0.000000,1.000000,0.000000,0.000000,0.000000,0.000000,1.000000;;
 }

 Mesh Bob_SuitJacket {
  286;
  0.067199;0.782549;0.006974;,
  0.036752;0.772305;-0.009281;,
  0.042244;0.795561;0.019952;,
  0.079890;0.762958;-0.001724;,
  0.091964;0.742222;-0.009496;,
  0.058617;0.711828;-0.043699;,
  0.043586;0.745530;-0.028906;,
  0.099925;0.706375;-0.005339;,
  0.036578;0.807973;0.082775;,
  0.081441;0.778929;0.097928;,
  0.065500;0.803073;0.063869;,
  0.049163;0.779946;0.106254;,
  0.111209;0.553529;0.062529;,
  0.065628;0.561476;0.100631;,
  0.066592;0.549524;0.100883;,
  0.109691;0.563973;0.062246;,
  0.107863;0.566538;-0.018660;,
  0.110378;0.536877;-0.009236;,
  0.062292;0.561461;-0.056722;,
  0.090658;0.515999;-0.033302;,
  0.052535;0.506034;-0.055247;,
  -0.000001;0.561549;0.103583;,
  -0.000001;0.548362;0.104591;,
  0.066775;0.650556;0.100818;,
  -0.000001;0.681976;0.109748;,
  -0.000001;0.648576;0.105862;,
  0.069187;0.684716;0.105253;,
  0.119947;0.463250;0.000735;,
  0.113041;0.511765;-0.001798;,
  0.084008;0.462405;-0.040321;,
  -0.001557;0.499247;-0.063236;,
  0.052118;0.459839;-0.057450;,
  0.025677;0.458911;-0.064310;,
  0.052535;0.506034;-0.055247;,
  0.114542;0.505251;0.064870;,
  0.063458;0.503584;0.104165;,
  0.119492;0.462522;0.065317;,
  0.066634;0.462257;0.107001;,
  0.066813;0.604954;0.098757;,
  0.095284;0.649541;0.074696;,
  0.109097;0.657881;0.050514;,
  0.105280;0.618793;-0.014593;,
  0.101582;0.671405;-0.009102;,
  0.106827;0.609290;0.064483;,
  0.061496;0.676100;-0.050181;,
  0.066215;0.618865;-0.054615;,
  0.134853;0.792611;0.002634;,
  0.185388;0.790208;0.010223;,
  0.117527;0.727913;0.007296;,
  0.234412;0.715459;0.012418;,
  0.177868;0.720860;0.010253;,
  0.240149;0.783388;0.012466;,
  0.122140;0.725173;0.075618;,
  0.177868;0.720860;0.010253;,
  0.172795;0.721357;0.084247;,
  0.225175;0.715870;0.086838;,
  0.234412;0.715459;0.012418;,
  0.126148;0.737089;0.085409;,
  0.179939;0.790759;0.084331;,
  0.130003;0.792735;0.079025;,
  0.230973;0.783418;0.086957;,
  0.133355;0.802657;0.035994;,
  0.265709;0.778814;0.012920;,
  0.323018;0.710985;0.014236;,
  0.262810;0.713329;0.014039;,
  0.322925;0.768664;0.013293;,
  0.363120;0.706000;0.011586;,
  0.371424;0.758136;0.010721;,
  0.262810;0.713329;0.014039;,
  0.320511;0.712734;0.078692;,
  0.258747;0.714015;0.084641;,
  0.323018;0.710985;0.014236;,
  0.363891;0.712260;0.076629;,
  0.363120;0.706000;0.011586;,
  0.320094;0.769319;0.077463;,
  0.261599;0.779094;0.083718;,
  0.371291;0.759115;0.074037;,
  0.096504;0.799232;0.066121;,
  0.101665;0.808454;0.035020;,
  0.065500;0.803073;0.063869;,
  0.065881;0.807781;0.036404;,
  0.102003;0.691220;0.086034;,
  0.048784;0.807652;0.039825;,
  0.096034;0.793538;0.006698;,
  0.079890;0.762958;-0.001724;,
  0.067199;0.782549;0.006974;,
  0.104263;0.762163;0.000077;,
  0.101306;0.734805;0.089762;,
  0.061263;0.722048;0.110726;,
  0.104281;0.738967;0.087419;,
  -0.000001;0.716395;0.113201;,
  -0.000001;0.776462;0.107587;,
  0.081441;0.778929;0.097928;,
  0.104281;0.738967;0.087419;,
  0.105685;0.725368;0.023693;,
  0.111253;0.729243;0.072834;,
  0.117527;0.727913;0.007296;,
  0.105552;0.695339;0.046270;,
  0.098533;0.699151;0.010489;,
  0.091964;0.742222;-0.009496;,
  0.111267;0.694518;0.065432;,
  0.065881;0.807781;0.036404;,
  0.000003;0.560340;-0.061667;,
  -0.000010;0.503549;0.108443;,
  -0.000041;0.461831;0.111889;,
  -0.000001;0.603585;0.102722;,
  0.048784;0.807652;0.039825;,
  0.065881;0.807781;0.036404;,
  0.111253;0.729243;0.072834;,
  0.000000;0.807498;0.090236;,
  0.108492;0.725329;0.041183;,
  0.105685;0.725368;0.023693;,
  0.091964;0.742222;-0.009496;,
  0.000004;0.614738;-0.061788;,
  0.108492;0.725329;0.041183;,
  -0.067199;0.782549;0.006974;,
  -0.036752;0.772305;-0.009281;,
  -0.079890;0.762958;-0.001724;,
  -0.042244;0.795561;0.019952;,
  -0.091965;0.742222;-0.009496;,
  -0.058618;0.711828;-0.043699;,
  -0.099926;0.706375;-0.005339;,
  -0.043587;0.745530;-0.028906;,
  -0.036277;0.808085;0.082871;,
  -0.081606;0.778600;0.098051;,
  -0.049164;0.779946;0.106254;,
  -0.065604;0.803534;0.063693;,
  -0.110596;0.553530;0.062529;,
  -0.065629;0.561476;0.100631;,
  -0.109077;0.563973;0.062246;,
  -0.066593;0.549524;0.100883;,
  -0.107864;0.566538;-0.018660;,
  -0.111609;0.536879;-0.009236;,
  -0.062293;0.561462;-0.056722;,
  -0.090678;0.516002;-0.033302;,
  -0.052589;0.506028;-0.055235;,
  -0.000001;0.561549;0.103583;,
  -0.000001;0.548362;0.104591;,
  -0.066776;0.650556;0.100818;,
  -0.000001;0.681976;0.109748;,
  -0.069188;0.684716;0.105253;,
  -0.000001;0.648576;0.105862;,
  -0.120029;0.463257;0.000737;,
  -0.084091;0.462407;-0.040320;,
  -0.113061;0.511771;-0.001798;,
  -0.001557;0.499247;-0.063236;,
  -0.051620;0.459942;-0.057652;,
  -0.017161;0.457499;-0.064034;,
  -0.114561;0.505255;0.064870;,
  -0.063478;0.503586;0.104165;,
  -0.119575;0.462528;0.065316;,
  -0.066718;0.462260;0.107001;,
  -0.066814;0.604954;0.098757;,
  -0.095285;0.649541;0.074696;,
  -0.109098;0.657881;0.050514;,
  -0.105281;0.618793;-0.014593;,
  -0.106828;0.609289;0.064483;,
  -0.101584;0.671405;-0.009102;,
  -0.061497;0.676100;-0.050181;,
  -0.066216;0.618865;-0.054615;,
  -0.134853;0.792611;0.002634;,
  -0.117527;0.727913;0.007296;,
  -0.185388;0.790208;0.010223;,
  -0.234412;0.715459;0.012418;,
  -0.240149;0.783388;0.012466;,
  -0.177868;0.720860;0.010253;,
  -0.122140;0.725173;0.075618;,
  -0.172795;0.721357;0.084247;,
  -0.177868;0.720860;0.010253;,
  -0.225175;0.715870;0.086838;,
  -0.234412;0.715459;0.012418;,
  -0.126148;0.737089;0.085409;,
  -0.179939;0.790759;0.084331;,
  -0.130003;0.792735;0.079025;,
  -0.230973;0.783418;0.086957;,
  -0.133355;0.802657;0.035994;,
  -0.265709;0.778814;0.012920;,
  -0.323018;0.710986;0.014236;,
  -0.322924;0.768664;0.013293;,
  -0.262810;0.713329;0.014039;,
  -0.363127;0.706110;0.011475;,
  -0.371424;0.758136;0.010721;,
  -0.262810;0.713329;0.014039;,
  -0.320362;0.712788;0.078749;,
  -0.323018;0.710986;0.014236;,
  -0.258747;0.714015;0.084641;,
  -0.363539;0.708263;0.076398;,
  -0.363127;0.706110;0.011475;,
  -0.320094;0.769319;0.077463;,
  -0.261599;0.779094;0.083718;,
  -0.371288;0.759093;0.074061;,
  -0.097001;0.799156;0.066293;,
  -0.101665;0.808454;0.035020;,
  -0.065604;0.803534;0.063693;,
  -0.065781;0.807612;0.035681;,
  -0.102004;0.691220;0.086034;,
  -0.048468;0.807780;0.039414;,
  -0.096034;0.793538;0.006698;,
  -0.079890;0.762958;-0.001724;,
  -0.104263;0.762163;0.000077;,
  -0.067199;0.782549;0.006974;,
  -0.101306;0.734805;0.089762;,
  -0.104281;0.738967;0.087419;,
  -0.061264;0.722048;0.110726;,
  -0.000001;0.716395;0.113201;,
  -0.000001;0.776462;0.107587;,
  -0.081606;0.778600;0.098051;,
  -0.104281;0.738967;0.087419;,
  -0.105685;0.725368;0.023693;,
  -0.117527;0.727913;0.007296;,
  -0.111253;0.729243;0.072834;,
  -0.105554;0.695339;0.046270;,
  -0.098534;0.699151;0.010489;,
  -0.091965;0.742222;-0.009496;,
  -0.111268;0.694518;0.065432;,
  -0.065781;0.807612;0.035681;,
  -0.000010;0.503549;0.108443;,
  -0.000041;0.461831;0.111889;,
  -0.000001;0.603585;0.102722;,
  -0.048468;0.807780;0.039414;,
  -0.065781;0.807612;0.035681;,
  -0.111253;0.729243;0.072834;,
  0.000000;0.807498;0.090236;,
  -0.108492;0.725329;0.041183;,
  -0.105685;0.725368;0.023693;,
  -0.091965;0.742222;-0.009496;,
  -0.108492;0.725329;0.041183;,
  -0.033823;0.746009;-0.029434;,
  -0.030068;0.711976;-0.047311;,
  -0.023501;0.676127;-0.053494;,
  0.020569;0.676131;-0.053879;,
  0.028416;0.711985;-0.047556;,
  0.033128;0.746038;-0.029466;,
  -0.371288;0.759093;0.074061;,
  -0.363127;0.706110;0.011475;,
  -0.363539;0.708263;0.076398;,
  -0.371424;0.758136;0.010721;,
  0.371424;0.758136;0.010721;,
  0.363891;0.712260;0.076629;,
  0.363120;0.706000;0.011586;,
  0.371291;0.759115;0.074037;,
  -0.084091;0.462407;-0.040320;,
  -0.119575;0.462528;0.065316;,
  -0.120029;0.463257;0.000737;,
  -0.066718;0.462260;0.107001;,
  -0.051620;0.459942;-0.057652;,
  -0.000041;0.461831;0.111889;,
  -0.017161;0.457499;-0.064034;,
  0.119492;0.462522;0.065317;,
  0.084008;0.462405;-0.040321;,
  0.119947;0.463250;0.000735;,
  0.066634;0.462257;0.107001;,
  0.052118;0.459839;-0.057450;,
  -0.000041;0.461831;0.111889;,
  0.025677;0.458911;-0.064310;,
  -0.001557;0.499247;-0.063236;,
  -0.000041;0.461831;0.111889;,
  -0.017161;0.457499;-0.064034;,
  -0.000041;0.461831;0.111889;,
  -0.001557;0.499247;-0.063236;,
  0.025677;0.458911;-0.064310;,
  -0.023501;0.676127;-0.053494;,
  -0.000001;0.674260;0.031672;,
  0.000004;0.614738;-0.061788;,
  -0.036277;0.808085;0.082871;,
  0.000000;0.716666;0.033247;,
  -0.048468;0.807780;0.039414;,
  -0.030068;0.711976;-0.047311;,
  0.000000;0.716666;0.033247;,
  -0.033823;0.746009;-0.029434;,
  -0.036752;0.772305;-0.009281;,
  -0.042244;0.795561;0.019952;,
  -0.048468;0.807780;0.039414;,
  0.000000;0.807498;0.090236;,
  0.000000;0.716666;0.033247;,
  0.036578;0.807973;0.082775;,
  0.000000;0.716666;0.033247;,
  0.000000;0.807498;0.090236;,
  0.048784;0.807652;0.039825;,
  0.000000;0.716666;0.033247;,
  0.042244;0.795561;0.019952;,
  0.048784;0.807652;0.039825;,
  0.036752;0.772305;-0.009281;,
  0.028416;0.711985;-0.047556;,
  0.033128;0.746038;-0.029466;,
  0.020569;0.676131;-0.053879;;
  366;
  3;0,1,2;,
  3;1,0,3;,
  3;4,5,6;,
  3;5,4,7;,
  3;8,9,10;,
  3;9,8,11;,
  3;12,13,14;,
  3;13,12,15;,
  3;16,12,17;,
  3;12,16,15;,
  3;18,19,20;,
  3;19,18,16;,
  3;14,21,22;,
  3;21,14,13;,
  3;23,24,25;,
  3;24,23,26;,
  3;27,19,28;,
  3;19,27,29;,
  3;30,31,32;,
  3;31,30,33;,
  3;14,34,12;,
  3;34,14,35;,
  3;35,36,34;,
  3;36,35,37;,
  3;12,28,17;,
  3;28,12,34;,
  3;34,27,28;,
  3;27,34,36;,
  3;38,39,23;,
  3;40,41,42;,
  3;41,40,43;,
  3;41,44,42;,
  3;44,41,45;,
  3;46,47,48;,
  3;47,49,50;,
  3;49,47,51;,
  3;52,53,54;,
  3;53,55,54;,
  3;55,53,56;,
  3;57,58,59;,
  3;57,54,58;,
  3;57,52,54;,
  3;54,60,58;,
  3;60,54,55;,
  3;61,58,47;,
  3;58,51,47;,
  3;51,58,60;,
  3;62,63,64;,
  3;63,62,65;,
  3;65,66,63;,
  3;66,65,67;,
  3;68,69,70;,
  3;69,68,71;,
  3;71,72,69;,
  3;72,71,73;,
  3;70,74,75;,
  3;74,70,69;,
  3;69,76,74;,
  3;76,69,72;,
  3;75,65,62;,
  3;65,75,74;,
  3;74,67,65;,
  3;67,74,76;,
  3;60,62,51;,
  3;62,60,75;,
  3;51,64,49;,
  3;64,51,62;,
  3;55,68,70;,
  3;68,55,56;,
  3;70,60,55;,
  3;60,70,75;,
  3;77,61,78;,
  3;61,77,59;,
  3;78,79,77;,
  3;79,78,80;,
  3;39,26,23;,
  3;26,39,81;,
  3;10,82,8;,
  3;83,84,85;,
  3;84,83,86;,
  3;46,86,83;,
  3;87,11,88;,
  3;87,9,11;,
  3;87,89,9;,
  3;90,11,91;,
  3;11,90,88;,
  3;77,79,92;,
  3;59,93,57;,
  3;59,92,93;,
  3;59,77,92;,
  3;94,52,95;,
  3;52,94,96;,
  3;42,97,40;,
  3;97,42,98;,
  3;99,96,94;,
  3;7,98,42;,
  3;97,100,40;,
  3;20,29,31;,
  3;19,29,20;,
  3;16,17,19;,
  3;17,28,19;,
  3;82,10,101;,
  3;20,102,18;,
  3;102,20,30;,
  3;22,35,14;,
  3;35,22,103;,
  3;35,104,37;,
  3;104,35,103;,
  3;53,52,96;,
  3;48,47,50;,
  3;45,16,18;,
  3;16,45,41;,
  3;41,15,16;,
  3;15,41,43;,
  3;15,38,13;,
  3;38,15,43;,
  3;13,105,21;,
  3;105,13,38;,
  3;106,107,2;,
  3;2,107,0;,
  3;85,78,83;,
  3;78,85,80;,
  3;83,61,46;,
  3;61,83,78;,
  3;61,47,46;,
  3;58,61,59;,
  3;43,40,39;,
  3;87,108,89;,
  3;40,81,39;,
  3;81,40,100;,
  3;39,38,43;,
  3;109,11,8;,
  3;26,90,24;,
  3;90,26,88;,
  3;88,81,87;,
  3;81,88,26;,
  3;81,108,87;,
  3;108,81,100;,
  3;108,97,110;,
  3;97,108,100;,
  3;110,98,111;,
  3;98,110,97;,
  3;7,111,98;,
  3;111,7,4;,
  3;44,7,42;,
  3;7,44,5;,
  3;6,3,4;,
  3;3,6,1;,
  3;112,86,48;,
  3;86,112,84;,
  3;86,46,48;,
  3;57,95,52;,
  3;95,57,93;,
  3;25,38,23;,
  3;38,25,105;,
  3;109,91,11;,
  3;18,113,45;,
  3;113,18,102;,
  3;94,95,114;,
  3;115,116,117;,
  3;116,115,118;,
  3;119,120,121;,
  3;120,119,122;,
  3;123,124,125;,
  3;124,123,126;,
  3;127,128,129;,
  3;128,127,130;,
  3;131,127,129;,
  3;127,131,132;,
  3;133,134,131;,
  3;134,133,135;,
  3;130,136,128;,
  3;136,130,137;,
  3;138,139,140;,
  3;139,138,141;,
  3;142,134,143;,
  3;134,142,144;,
  3;145,146,135;,
  3;146,145,147;,
  3;130,148,149;,
  3;148,130,127;,
  3;149,150,151;,
  3;150,149,148;,
  3;127,144,148;,
  3;144,127,132;,
  3;148,142,150;,
  3;142,148,144;,
  3;152,138,153;,
  3;154,155,156;,
  3;155,154,157;,
  3;155,158,159;,
  3;158,155,157;,
  3;160,161,162;,
  3;162,163,164;,
  3;163,162,165;,
  3;166,167,168;,
  3;168,169,170;,
  3;169,168,167;,
  3;171,167,166;,
  3;171,172,167;,
  3;171,173,172;,
  3;167,174,169;,
  3;174,167,172;,
  3;175,162,172;,
  3;172,164,174;,
  3;164,172,162;,
  3;176,177,178;,
  3;177,176,179;,
  3;178,180,181;,
  3;180,178,177;,
  3;182,183,184;,
  3;183,182,185;,
  3;184,186,187;,
  3;186,184,183;,
  3;185,188,183;,
  3;188,185,189;,
  3;183,190,186;,
  3;190,183,188;,
  3;189,178,188;,
  3;178,189,176;,
  3;188,181,190;,
  3;181,188,178;,
  3;174,176,189;,
  3;176,174,164;,
  3;164,179,176;,
  3;179,164,163;,
  3;169,182,170;,
  3;182,169,185;,
  3;185,174,189;,
  3;174,185,169;,
  3;191,175,173;,
  3;175,191,192;,
  3;192,193,194;,
  3;193,192,191;,
  3;153,140,195;,
  3;140,153,138;,
  3;126,123,196;,
  3;197,198,199;,
  3;198,197,200;,
  3;160,197,199;,
  3;201,124,202;,
  3;201,125,124;,
  3;201,203,125;,
  3;204,125,203;,
  3;125,204,205;,
  3;191,206,193;,
  3;173,206,191;,
  3;173,207,206;,
  3;173,171,207;,
  3;208,166,209;,
  3;166,208,210;,
  3;157,211,212;,
  3;211,157,154;,
  3;213,208,209;,
  3;121,157,212;,
  3;211,154,214;,
  3;135,146,143;,
  3;134,135,143;,
  3;131,134,132;,
  3;132,134,144;,
  3;196,215,126;,
  3;135,102,145;,
  3;102,135,133;,
  3;137,149,216;,
  3;149,137,130;,
  3;149,217,216;,
  3;217,149,151;,
  3;168,209,166;,
  3;161,165,162;,
  3;159,131,155;,
  3;131,159,133;,
  3;155,129,156;,
  3;129,155,131;,
  3;129,152,156;,
  3;152,129,128;,
  3;128,218,152;,
  3;218,128,136;,
  3;219,118,220;,
  3;118,115,220;,
  3;200,192,194;,
  3;192,200,197;,
  3;197,175,192;,
  3;175,197,160;,
  3;175,160,162;,
  3;172,173,175;,
  3;156,153,154;,
  3;201,202,221;,
  3;154,195,214;,
  3;195,154,153;,
  3;153,156,152;,
  3;222,123,125;,
  3;140,204,203;,
  3;204,140,139;,
  3;203,195,140;,
  3;195,203,201;,
  3;195,221,214;,
  3;221,195,201;,
  3;221,211,214;,
  3;211,221,223;,
  3;223,212,211;,
  3;212,223,224;,
  3;121,224,119;,
  3;224,121,212;,
  3;158,121,120;,
  3;121,158,157;,
  3;122,117,116;,
  3;117,122,119;,
  3;225,199,198;,
  3;199,225,161;,
  3;199,161,160;,
  3;171,210,207;,
  3;210,171,166;,
  3;141,152,218;,
  3;152,141,138;,
  3;222,125,205;,
  3;113,133,159;,
  3;133,113,102;,
  3;208,226,210;,
  3;116,227,122;,
  3;122,228,120;,
  3;228,122,227;,
  3;120,229,158;,
  3;229,120,228;,
  3;229,159,158;,
  3;159,229,113;,
  3;45,230,44;,
  3;230,45,113;,
  3;44,231,5;,
  3;231,44,230;,
  3;231,6,5;,
  3;6,231,232;,
  3;232,1,6;,
  3;233,234,235;,
  3;234,233,236;,
  3;237,238,239;,
  3;238,237,240;,
  3;241,242,243;,
  3;241,244,242;,
  3;245,244,241;,
  3;245,246,244;,
  3;247,246,245;,
  3;248,249,250;,
  3;251,249,248;,
  3;251,252,249;,
  3;253,252,251;,
  3;254,252,253;,
  3;255,256,257;,
  3;258,259,260;,
  3;261,262,263;,
  3;264,265,266;,
  3;267,262,261;,
  3;267,268,262;,
  3;268,267,269;,
  3;270,268,269;,
  3;271,268,270;,
  3;272,268,271;,
  3;273,274,264;,
  3;275,276,277;,
  3;278,279,275;,
  3;280,268,281;,
  3;282,268,280;,
  3;283,268,284;,
  3;268,283,262;,
  3;268,282,284;,
  3;262,285,263;,
  3;262,283,285;;

  MeshNormals {
   286;
   0.037273;0.653377;-0.756114;,
   0.214790;0.620183;-0.754479;,
   0.064737;0.755217;-0.652270;,
   0.194676;0.435625;-0.878824;,
   0.522946;0.208746;-0.826410;,
   0.393305;0.267744;-0.879559;,
   0.244252;0.491000;-0.836218;,
   0.893026;0.131261;-0.430435;,
   0.226953;0.798439;0.557662;,
   0.298498;0.426512;0.853807;,
   0.152230;0.933833;0.323701;,
   0.212509;0.423894;0.880428;,
   0.909894;0.086739;0.405672;,
   0.360460;0.048718;0.931502;,
   0.378936;0.069326;0.922822;,
   0.912923;0.069954;0.402092;,
   0.893672;0.022213;-0.448170;,
   0.949336;-0.007886;-0.314163;,
   0.386773;-0.005102;-0.922161;,
   0.674889;-0.019815;-0.737653;,
   0.249290;-0.033951;-0.967834;,
   0.000000;0.041626;0.999133;,
   0.000005;0.064306;0.997930;,
   0.367516;-0.119962;0.922248;,
   -0.000000;-0.120938;0.992660;,
   -0.000000;-0.090634;0.995884;,
   0.337138;-0.136819;0.931461;,
   0.945796;0.086963;-0.312900;,
   0.949852;0.047750;-0.309031;,
   0.186963;-0.014495;-0.982260;,
   -0.006154;0.030327;-0.999521;,
   0.317890;0.066329;-0.945805;,
   0.172201;0.090509;-0.980895;,
   0.172201;0.090509;-0.980895;,
   0.894702;0.097006;0.436003;,
   0.346218;0.076951;0.934993;,
   0.895344;0.121995;0.428342;,
   0.197019;-0.128549;0.971936;,
   0.385109;-0.009358;0.922824;,
   0.762806;-0.088459;0.640548;,
   0.993033;-0.007097;0.117627;,
   0.911390;0.058279;-0.407398;,
   0.908867;0.101777;-0.404477;,
   0.908467;0.031129;0.416795;,
   0.424524;0.137805;-0.894868;,
   0.430539;0.068297;-0.899984;,
   0.106596;0.541418;-0.833969;,
   0.160253;0.686984;-0.708782;,
   -0.022970;-0.737405;-0.675060;,
   -0.030165;-0.708231;-0.705336;,
   -0.039283;-0.706532;-0.706590;,
   0.131491;0.707377;-0.694498;,
   -0.112530;-0.873617;0.473424;,
   -0.039283;-0.706532;-0.706590;,
   -0.096397;-0.689394;0.717944;,
   -0.046267;-0.697990;0.714611;,
   -0.030165;-0.708231;-0.705336;,
   -0.000750;-0.141337;0.989961;,
   0.059898;0.684269;0.726766;,
   0.091746;0.636255;0.766004;,
   0.108862;0.678775;0.726232;,
   0.117153;0.991856;-0.049973;,
   0.132158;0.694995;-0.706764;,
   -0.054836;-0.723303;-0.688350;,
   -0.019216;-0.724614;-0.688887;,
   0.117980;0.700507;-0.703825;,
   -0.088666;-0.706054;-0.702585;,
   0.094618;0.663911;-0.741802;,
   -0.019216;-0.724614;-0.688887;,
   0.025612;-0.692081;0.721365;,
   0.032003;-0.702473;0.710990;,
   -0.054836;-0.723303;-0.688350;,
   0.002791;-0.648784;0.760967;,
   -0.088666;-0.706054;-0.702585;,
   0.188078;0.706440;0.682326;,
   0.178220;0.695318;0.696255;,
   0.184871;0.709573;0.679947;,
   0.122565;0.841326;0.526450;,
   0.027385;0.992511;-0.119048;,
   0.152230;0.933833;0.323701;,
   -0.031217;0.975825;-0.216313;,
   0.741997;-0.144473;0.654651;,
   0.009085;0.986167;-0.165508;,
   -0.064807;0.639328;-0.766198;,
   0.194676;0.435625;-0.878824;,
   0.037273;0.653377;-0.756114;,
   0.171544;0.111965;-0.978794;,
   0.606531;-0.037409;0.794180;,
   0.242940;-0.004412;0.970031;,
   0.398954;-0.078453;0.913609;,
   -0.000000;-0.020457;0.999791;,
   0.000000;0.284862;0.958568;,
   0.298498;0.426512;0.853807;,
   0.398954;-0.078453;0.913609;,
   0.650252;-0.727422;-0.219156;,
   0.574270;-0.699995;0.424525;,
   -0.022970;-0.737405;-0.675060;,
   0.982540;0.008484;-0.185858;,
   0.992953;0.034744;-0.113302;,
   0.522946;0.208746;-0.826410;,
   0.987849;-0.084039;0.130740;,
   -0.031217;0.975825;-0.216313;,
   0.000189;0.002756;-0.999996;,
   0.000014;0.077208;0.997015;,
   -0.000000;-0.082398;0.996600;,
   0.000000;-0.012470;0.999922;,
   0.009085;0.986167;-0.165508;,
   -0.031217;0.975825;-0.216313;,
   0.574270;-0.699995;0.424525;,
   0.000403;0.569849;0.821750;,
   0.966083;0.198401;-0.165292;,
   0.650252;-0.727422;-0.219156;,
   0.522946;0.208746;-0.826410;,
   0.000946;0.046237;-0.998930;,
   0.966083;0.198401;-0.165292;,
   -0.037279;0.651648;-0.757605;,
   -0.215833;0.620271;-0.754109;,
   -0.194677;0.435634;-0.878820;,
   -0.061291;0.751631;-0.656730;,
   -0.522952;0.208753;-0.826404;,
   -0.392699;0.267582;-0.879879;,
   -0.893031;0.131267;-0.430425;,
   -0.244284;0.490703;-0.836383;,
   -0.222939;0.797453;0.560685;,
   -0.298927;0.421935;0.855929;,
   -0.211952;0.423160;0.880915;,
   -0.150910;0.935688;0.318928;,
   -0.906856;0.096568;0.410228;,
   -0.362926;0.047785;0.930592;,
   -0.911461;0.076166;0.404275;,
   -0.381136;0.070743;0.921808;,
   -0.892131;0.029694;-0.450801;,
   -0.947852;-0.001854;-0.318706;,
   -0.387309;-0.004374;-0.921940;,
   -0.671527;-0.022033;-0.740653;,
   -0.249433;-0.033569;-0.967810;,
   0.000000;0.041626;0.999133;,
   0.000005;0.064306;0.997930;,
   -0.367516;-0.119962;0.922248;,
   -0.000000;-0.120938;0.992660;,
   -0.337139;-0.136817;0.931460;,
   -0.000000;-0.090634;0.995884;,
   -0.945734;0.088199;-0.312743;,
   -0.187018;-0.014496;-0.982250;,
   -0.950977;0.038069;-0.306911;,
   -0.006154;0.030327;-0.999521;,
   -0.307475;0.051061;-0.950185;,
   -0.159023;0.062560;-0.985291;,
   -0.893968;0.097222;0.437458;,
   -0.346694;0.078254;0.934708;,
   -0.895258;0.123249;0.428163;,
   -0.199305;-0.120537;0.972496;,
   -0.386080;-0.010634;0.922404;,
   -0.762806;-0.088459;0.640548;,
   -0.993033;-0.007098;0.117627;,
   -0.911822;0.056595;-0.406666;,
   -0.908913;0.028047;0.416041;,
   -0.908868;0.101777;-0.404477;,
   -0.423833;0.138133;-0.895145;,
   -0.430315;0.068563;-0.900071;,
   -0.106596;0.541418;-0.833969;,
   0.022973;-0.737405;-0.675060;,
   -0.160253;0.686984;-0.708782;,
   0.030164;-0.708231;-0.705336;,
   -0.131490;0.707377;-0.694499;,
   0.039282;-0.706532;-0.706590;,
   0.112530;-0.873617;0.473424;,
   0.096397;-0.689394;0.717944;,
   0.039282;-0.706532;-0.706590;,
   0.046266;-0.697990;0.714611;,
   0.030164;-0.708231;-0.705336;,
   0.000304;-0.142295;0.989824;,
   -0.059898;0.684269;0.726766;,
   -0.092418;0.635460;0.766583;,
   -0.108862;0.678775;0.726233;,
   -0.117311;0.991832;-0.050073;,
   -0.132157;0.694996;-0.706764;,
   0.072718;-0.716464;-0.693824;,
   -0.117734;0.700727;-0.703648;,
   0.019065;-0.724687;-0.688815;,
   0.121304;-0.690291;-0.713291;,
   -0.093990;0.664484;-0.741368;,
   0.019065;-0.724687;-0.688815;,
   -0.012500;-0.685851;0.727635;,
   0.072718;-0.716464;-0.693824;,
   -0.032003;-0.702517;0.710947;,
   0.032054;-0.685021;0.727818;,
   0.121304;-0.690291;-0.713291;,
   -0.189245;0.705903;0.682560;,
   -0.178105;0.695386;0.696217;,
   -0.187643;0.706539;0.682343;,
   -0.125564;0.840461;0.527123;,
   -0.029596;0.992295;-0.120308;,
   -0.150910;0.935688;0.318928;,
   0.027059;0.971772;-0.234366;,
   -0.742001;-0.144463;0.654649;,
   -0.012569;0.983895;-0.178303;,
   0.063213;0.638367;-0.767132;,
   -0.194677;0.435634;-0.878820;,
   -0.171547;0.111969;-0.978792;,
   -0.037279;0.651648;-0.757605;,
   -0.606041;-0.038244;0.794513;,
   -0.398840;-0.080212;0.913506;,
   -0.242628;-0.004877;0.970107;,
   -0.000000;-0.020457;0.999791;,
   0.000000;0.284862;0.958568;,
   -0.298927;0.421935;0.855929;,
   -0.398840;-0.080212;0.913506;,
   -0.650272;-0.727406;-0.219149;,
   0.022973;-0.737405;-0.675060;,
   -0.574282;-0.699982;0.424531;,
   -0.982540;0.008503;-0.185858;,
   -0.992954;0.034756;-0.113293;,
   -0.522952;0.208753;-0.826404;,
   -0.987850;-0.084021;0.130739;,
   0.027059;0.971772;-0.234366;,
   0.000014;0.077208;0.997015;,
   -0.000000;-0.082398;0.996600;,
   0.000000;-0.012470;0.999922;,
   -0.012569;0.983895;-0.178303;,
   0.027059;0.971772;-0.234366;,
   -0.574282;-0.699982;0.424531;,
   0.000403;0.569849;0.821750;,
   -0.966079;0.198421;-0.165291;,
   -0.650272;-0.727406;-0.219149;,
   -0.522952;0.208753;-0.826404;,
   -0.966079;0.198421;-0.165291;,
   -0.089171;0.522019;-0.848260;,
   -0.103985;0.295231;-0.949751;,
   -0.098841;0.123210;-0.987446;,
   0.100281;0.122539;-0.987384;,
   0.105366;0.293078;-0.950265;,
   0.089261;0.521354;-0.848660;,
   -0.988055;-0.154093;0.001604;,
   -0.988055;-0.154093;0.001604;,
   -0.988055;-0.154093;0.001604;,
   -0.988055;-0.154093;0.001604;,
   0.987663;-0.156547;0.003925;,
   0.987663;-0.156547;0.003925;,
   0.987663;-0.156547;0.003925;,
   0.987663;-0.156547;0.003925;,
   -0.030509;-0.999474;0.010978;,
   -0.030509;-0.999474;0.010978;,
   -0.030509;-0.999474;0.010978;,
   -0.030509;-0.999474;0.010978;,
   -0.030509;-0.999474;0.010978;,
   -0.000561;-0.999968;-0.007942;,
   0.559090;-0.827928;-0.044200;,
   0.023886;-0.999676;0.008818;,
   0.023886;-0.999676;0.008818;,
   0.023886;-0.999676;0.008818;,
   0.023886;-0.999676;0.008818;,
   0.023886;-0.999676;0.008818;,
   -0.000561;-0.999968;-0.007942;,
   -0.456322;-0.887901;-0.058321;,
   0.104477;-0.972392;-0.208659;,
   -0.000561;-0.999968;-0.007942;,
   0.559090;-0.827928;-0.044200;,
   -0.000561;-0.999968;-0.007942;,
   0.104477;-0.972392;-0.208659;,
   -0.456322;-0.887901;-0.058321;,
   0.921373;0.299548;-0.247676;,
   -0.008260;0.598855;-0.800815;,
   -0.019627;0.843304;-0.537078;,
   0.558513;0.555846;-0.615711;,
   -0.003531;0.649845;-0.760059;,
   0.867405;0.472068;-0.157354;,
   0.934952;0.171885;-0.310356;,
   -0.003531;0.649845;-0.760059;,
   0.911350;0.234644;-0.338206;,
   0.884453;0.397946;-0.243684;,
   0.884290;0.461372;-0.071879;,
   0.867405;0.472068;-0.157354;,
   0.000622;0.531460;-0.847083;,
   -0.003531;0.649845;-0.760059;,
   -0.556523;0.557227;-0.616264;,
   -0.003531;0.649845;-0.760059;,
   0.000622;0.531460;-0.847083;,
   -0.866286;0.475535;-0.153021;,
   -0.003531;0.649845;-0.760059;,
   -0.884191;0.463027;-0.061742;,
   -0.866286;0.475535;-0.153021;,
   -0.884037;0.403196;-0.236456;,
   -0.939353;0.189541;-0.285813;,
   -0.914570;0.245419;-0.321451;,
   -0.931254;0.292324;-0.217513;;
   366;
   3;0,1,2;,
   3;1,0,3;,
   3;4,5,6;,
   3;5,4,7;,
   3;8,9,10;,
   3;9,8,11;,
   3;12,13,14;,
   3;13,12,15;,
   3;16,12,17;,
   3;12,16,15;,
   3;18,19,20;,
   3;19,18,16;,
   3;14,21,22;,
   3;21,14,13;,
   3;23,24,25;,
   3;24,23,26;,
   3;27,19,28;,
   3;19,27,29;,
   3;30,31,32;,
   3;31,30,33;,
   3;14,34,12;,
   3;34,14,35;,
   3;35,36,34;,
   3;36,35,37;,
   3;12,28,17;,
   3;28,12,34;,
   3;34,27,28;,
   3;27,34,36;,
   3;38,39,23;,
   3;40,41,42;,
   3;41,40,43;,
   3;41,44,42;,
   3;44,41,45;,
   3;46,47,48;,
   3;47,49,50;,
   3;49,47,51;,
   3;52,53,54;,
   3;53,55,54;,
   3;55,53,56;,
   3;57,58,59;,
   3;57,54,58;,
   3;57,52,54;,
   3;54,60,58;,
   3;60,54,55;,
   3;61,58,47;,
   3;58,51,47;,
   3;51,58,60;,
   3;62,63,64;,
   3;63,62,65;,
   3;65,66,63;,
   3;66,65,67;,
   3;68,69,70;,
   3;69,68,71;,
   3;71,72,69;,
   3;72,71,73;,
   3;70,74,75;,
   3;74,70,69;,
   3;69,76,74;,
   3;76,69,72;,
   3;75,65,62;,
   3;65,75,74;,
   3;74,67,65;,
   3;67,74,76;,
   3;60,62,51;,
   3;62,60,75;,
   3;51,64,49;,
   3;64,51,62;,
   3;55,68,70;,
   3;68,55,56;,
   3;70,60,55;,
   3;60,70,75;,
   3;77,61,78;,
   3;61,77,59;,
   3;78,79,77;,
   3;79,78,80;,
   3;39,26,23;,
   3;26,39,81;,
   3;10,82,8;,
   3;83,84,85;,
   3;84,83,86;,
   3;46,86,83;,
   3;87,11,88;,
   3;87,9,11;,
   3;87,89,9;,
   3;90,11,91;,
   3;11,90,88;,
   3;77,79,92;,
   3;59,93,57;,
   3;59,92,93;,
   3;59,77,92;,
   3;94,52,95;,
   3;52,94,96;,
   3;42,97,40;,
   3;97,42,98;,
   3;99,96,94;,
   3;7,98,42;,
   3;97,100,40;,
   3;20,29,31;,
   3;19,29,20;,
   3;16,17,19;,
   3;17,28,19;,
   3;82,10,101;,
   3;20,102,18;,
   3;102,20,30;,
   3;22,35,14;,
   3;35,22,103;,
   3;35,104,37;,
   3;104,35,103;,
   3;53,52,96;,
   3;48,47,50;,
   3;45,16,18;,
   3;16,45,41;,
   3;41,15,16;,
   3;15,41,43;,
   3;15,38,13;,
   3;38,15,43;,
   3;13,105,21;,
   3;105,13,38;,
   3;106,107,2;,
   3;2,107,0;,
   3;85,78,83;,
   3;78,85,80;,
   3;83,61,46;,
   3;61,83,78;,
   3;61,47,46;,
   3;58,61,59;,
   3;43,40,39;,
   3;87,108,89;,
   3;40,81,39;,
   3;81,40,100;,
   3;39,38,43;,
   3;109,11,8;,
   3;26,90,24;,
