xof 0303txt 0032
template ColorRGBA {
 <35ff44e0-6c7c-11cf-8f52-0040333594a3>
 FLOAT red;
 FLOAT green;
 FLOAT blue;
 FLOAT alpha;
}

template ColorRGB {
 <d3e16e81-7835-11cf-8f52-0040333594a3>
 FLOAT red;
 FLOAT green;
 FLOAT blue;
}

template Material {
 <3d82ab4d-62da-11cf-ab39-0020af71e433>
 ColorRGBA faceColor;
 FLOAT power;
 ColorRGB specularColor;
 ColorRGB emissiveColor;
 [...]
}

template TextureFilename {
 <a42790e1-7810-11cf-8f52-0040333594a3>
 STRING filename;
}

template Frame {
 <3d82ab46-62da-11cf-ab39-0020af71e433>
 [...]
}

template Matrix4x4 {
 <f6f23f45-7686-11cf-8f52-0040333594a3>
 array FLOAT matrix[16];
}

template FrameTransformMatrix {
 <f6f23f41-7686-11cf-8f52-0040333594a3>
 Matrix4x4 frameMatrix;
}

template Vector {
 <3d82ab5e-62da-11cf-ab39-0020af71e433>
 FLOAT x;
 FLOAT y;
 FLOAT z;
}

template MeshFace {
 <3d82ab5f-62da-11cf-ab39-0020af71e433>
 DWORD nFaceVertexIndices;
 array DWORD faceVertexIndices[nFaceVertexIndices];
}

template Mesh {
 <3d82ab44-62da-11cf-ab39-0020af71e433>
 DWORD nVertices;
 array Vector vertices[nVertices];
 DWORD nFaces;
 array MeshFace faces[nFaces];
 [...]
}

template MeshNormals {
 <f6f23f43-7686-11cf-8f52-0040333594a3>
 DWORD nNormals;
 array Vector normals[nNormals];
 DWORD nFaceNormals;
 array MeshFace faceNormals[nFaceNormals];
}

template MeshMaterialList {
 <f6f23f42-7686-11cf-8f52-0040333594a3>
 DWORD nMaterials;
 DWORD nFaceIndexes;
 array DWORD faceIndexes[nFaceIndexes];
 [Material <3d82ab4d-62da-11cf-ab39-0020af71e433>]
}

template Coords2d {
 <f6f23f44-7686-11cf-8f52-0040333594a3>
 FLOAT u;
 FLOAT v;
}

template MeshTextureCoords {
 <f6f23f40-7686-11cf-8f52-0040333594a3>
 DWORD nTextureCoords;
 array Coords2d textureCoords[nTextureCoords];
}

template XSkinMeshHeader {
 <3cf169ce-ff7c-44ab-93c0-f78f62d172e2>
 WORD nMaxSkinWeightsPerVertex;
 WORD nMaxSkinWeightsPerFace;
 WORD nBones;
}

template SkinWeights {
 <6f0d123b-bad2-4167-a0d0-80224f25fabb>
 STRING transformNodeName;
 DWORD nWeights;
 array DWORD vertexIndices[nWeights];
 array FLOAT weights[nWeights];
 Matrix4x4 matrixOffset;
}

template AnimTicksPerSecond {
 <9e415a43-7ba6-4a73-8743-b73d47e88476>
 DWORD AnimTicksPerSecond;
}

template Animation {
 <3d82ab4f-62da-11cf-ab39-0020af71e433>
 [...]
}

template AnimationSet {
 <3d82ab50-62da-11cf-ab39-0020af71e433>
 [Animation <3d82ab4f-62da-11cf-ab39-0020af71e433>]
}

template FloatKeys {
 <10dd46a9-775b-11cf-8f52-0040333594a3>
 DWORD nValues;
 array FLOAT values[nValues];
}

template TimedFloatKeys {
 <f406b180-7b3b-11cf-8f52-0040333594a3>
 DWORD time;
 FloatKeys tfkeys;
}

template AnimationKey {
 <10dd46a8-775b-11cf-8f52-0040333594a3>
 DWORD keyType;
 DWORD nKeys;
 array TimedFloatKeys keys[nKeys];
}


Material _02_-_Default {
 1.000000;1.000000;1.000000;1.000000;;
 9.999999;
 0.000000;0.000000;0.000000;;
 0.000000;0.000000;0.000000;;

 TextureFilename {
  "Jacket_Padded.png";
 }
}

Frame Dummy01 {
 

 FrameTransformMatrix {
  1.000000,0.000000,0.000000,0.000000,0.000000,-0.000000,-1.000000,0.000000,0.000000,1.000000,-0.000000,0.000000,0.000000,0.000000,0.000000,1.000000;;
 }

 Frame Bip01 {
  

  FrameTransformMatrix {
   -0.087155,0.982405,-0.165183,0.000000,-0.000001,0.165814,0.986157,0.000000,0.996195,0.085949,-0.014450,0.000000,-0.010000,-0.012284,0.490453,1.000000;;
  }

  Frame Bip01_Pelvis {
   

   FrameTransformMatrix {
    0.000000,1.000000,-0.000001,0.000000,-0.000001,0.000001,1.000000,0.000000,1.000000,0.000000,0.000001,0.000000,0.000000,0.000000,0.000000,1.000000;;
   }

   Frame Bip01_Spine {
    

    FrameTransformMatrix {
     0.984686,0.000002,-0.174337,0.000000,-0.000001,1.000000,0.000004,0.000000,0.174337,-0.000004,0.984686,0.000000,0.051619,0.000000,-0.000083,1.000000;;
    }

    Frame Bip01_Spine1 {
     

     FrameTransformMatrix {
      0.997819,0.052687,0.039774,0.000000,-0.044862,0.983198,-0.176942,0.000000,-0.048428,0.174771,0.983417,0.000000,0.106484,-0.000015,-0.000083,1.000000;;
     }

     Frame Bip01_Neck {
      

      FrameTransformMatrix {
       0.966067,-0.020835,0.257451,0.000000,0.025191,0.999590,-0.013632,0.000000,-0.257061,0.019655,0.966195,0.000000,0.130511,-0.000001,0.004626,1.000000;;
      }

      Frame Bip01_Head {
       

       FrameTransformMatrix {
        0.989321,-0.051753,-0.136255,0.000000,0.064251,0.993958,0.088989,0.000000,0.130826,-0.096793,0.986669,0.000000,0.033674,-0.000000,-0.000000,1.000000;;
       }
      }

      Frame Bip01_L_Clavicle {
       

       FrameTransformMatrix {
        -0.205975,0.976135,0.068811,0.000000,0.943873,0.216738,-0.249254,0.000000,-0.258220,0.013609,-0.965990,0.000000,-0.024734,0.015166,0.002017,1.000000;;
       }

       Frame Bip01_L_UpperArm {
        

        FrameTransformMatrix {
         0.385871,-0.777669,0.496320,0.000000,0.922466,0.332598,-0.196046,0.000000,-0.012616,0.533487,0.845714,0.000000,0.087086,-0.000000,0.000000,1.000000;;
        }

        Frame Bip01_L_Forearm {
         

         FrameTransformMatrix {
          0.943939,0.000000,-0.330119,0.000000,0.000000,1.000000,-0.000000,0.000000,0.330119,-0.000000,0.943939,0.000000,0.137062,-0.000000,0.000000,1.000000;;
         }

         Frame Bip01_L_Hand {
          

          FrameTransformMatrix {
           1.000000,-0.000000,0.000000,0.000000,0.000000,0.000796,1.000000,0.000000,0.000000,-1.000000,0.000796,0.000000,0.137062,0.000000,0.000000,1.000000;;
          }

          Frame Bip01_L_Finger0 {
           

           FrameTransformMatrix {
            0.690342,-0.181727,0.700288,0.000000,0.558537,0.749101,-0.356210,0.000000,-0.459853,0.637043,0.618637,0.000000,0.057681,-0.023605,-0.000272,1.000000;;
           }
          }

          Frame Bip01_L_Finger1 {
           

           FrameTransformMatrix {
            0.728079,-0.000546,0.685493,0.000000,0.000000,1.000000,0.000796,0.000000,-0.685493,-0.000580,0.728079,0.000000,0.084102,0.000000,0.000000,1.000000;;
           }
          }
         }
        }
       }
      }

      Frame Bip01_R_Clavicle {
       

       FrameTransformMatrix {
        -0.028509,-0.999573,-0.006461,0.000000,-0.965665,0.025871,0.258498,0.000000,-0.258220,0.013609,-0.965990,0.000000,-0.024080,-0.016250,0.001399,1.000000;;
       }

       Frame Bip01_R_UpperArm {
        

        FrameTransformMatrix {
         0.221390,0.975047,0.016433,0.000000,-0.974986,0.221654,-0.016512,0.000000,-0.019742,-0.012366,0.999729,0.000000,0.087086,0.000000,0.000000,1.000000;;
        }

        Frame Bip01_R_Forearm {
         

         FrameTransformMatrix {
          0.915660,-0.000000,-0.401954,0.000000,-0.000000,1.000000,-0.000000,0.000000,0.401954,-0.000000,0.915660,0.000000,0.137062,0.000000,0.000000,1.000000;;
         }

         Frame Bip01_R_Hand {
          

          FrameTransformMatrix {
           0.975195,-0.000000,-0.221346,0.000000,-0.221346,0.000796,-0.975195,0.000000,0.000176,1.000000,0.000777,0.000000,0.137062,-0.000000,0.000000,1.000000;;
          }

          Frame Bip01_R_Finger0 {
           

           FrameTransformMatrix {
            0.417774,-0.116941,0.900994,0.000000,-0.558537,0.749101,0.356210,0.000000,-0.716591,-0.652054,0.247639,0.000000,0.057681,0.023605,-0.000272,1.000000;;
           }
          }

          Frame Bip01_R_Finger1 {
           

           FrameTransformMatrix {
            0.352436,0.000745,0.935835,0.000000,0.000000,1.000000,-0.000796,0.000000,-0.935836,0.000281,0.352436,0.000000,0.084102,0.000000,0.000000,1.000000;;
           }
          }
         }
        }
       }
      }
     }

     Frame Bip01_BackPack {
      

      FrameTransformMatrix {
       0.180560,0.080500,-0.980264,0.000000,0.047560,0.994764,0.090451,0.000000,0.982413,-0.062954,0.175786,0.000000,0.063697,0.000003,-0.088856,1.000000;;
      }
     }
    }

    Frame Bip01_L_Thigh {
     

     FrameTransformMatrix {
      -0.888504,0.030427,0.457858,0.000000,-0.032107,-0.999476,0.004114,0.000000,0.457744,-0.011045,0.889016,0.000000,-0.050843,0.055225,-0.008917,1.000000;;
     }

     Frame Bip01_L_Calf {
      

      FrameTransformMatrix {
       0.942235,-0.000000,-0.334952,0.000000,-0.000000,1.000000,-0.000000,0.000000,0.334952,-0.000000,0.942235,0.000000,0.237500,0.000000,-0.000000,1.000000;;
      }

      Frame Bip01_L_Foot {
       

       FrameTransformMatrix {
        0.924325,-0.026487,0.380687,0.000000,-0.068962,0.969570,0.234901,0.000000,-0.375325,-0.243378,0.894371,0.000000,0.206841,-0.000000,0.000000,1.000000;;
       }

       Frame Bip01_L_Toe0 {
        

        FrameTransformMatrix {
         0.000000,0.000000,1.000000,0.000000,0.000000,1.000000,-0.000000,0.000000,-1.000000,0.000000,0.000000,0.000000,0.065373,0.000000,0.066450,1.000000;;
        }
       }
      }
     }
    }

    Frame Bip01_R_Thigh {
     

     FrameTransformMatrix {
      -0.996965,0.030321,-0.071704,0.000000,-0.029454,-0.999480,-0.013113,0.000000,-0.072065,-0.010961,0.997340,0.000000,-0.050843,-0.055225,-0.008917,1.000000;;
     }

     Frame Bip01_R_Calf {
      

      FrameTransformMatrix {
       0.730239,0.000000,-0.683192,0.000000,0.000000,1.000000,0.000000,0.000000,0.683192,0.000000,0.730239,0.000000,0.237500,0.000000,0.000000,1.000000;;
      }

      Frame Bip01_R_Foot {
       

       FrameTransformMatrix {
        0.991957,0.087165,-0.091782,0.000000,-0.093276,0.993546,-0.064539,0.000000,0.085565,0.072581,0.993685,0.000000,0.206841,-0.000000,0.000000,1.000000;;
       }

       Frame Bip01_R_Toe0 {
        

        FrameTransformMatrix {
         0.000000,0.000000,1.000000,0.000000,0.000000,1.000000,-0.000000,0.000000,-1.000000,0.000000,0.000000,0.000000,0.065373,0.000000,0.066450,1.000000;;
        }
       }
      }
     }
    }
   }

   Frame Bip01_DressFront {
    

    FrameTransformMatrix {
     -0.880185,-0.088339,0.466338,0.000000,0.121847,0.907542,0.401896,0.000000,-0.458725,0.410564,-0.788041,0.000000,-0.043935,0.001339,0.061057,1.000000;;
    }

    Frame Bip01_DressFront02 {
     

     FrameTransformMatrix {
      0.912593,0.000001,0.408870,0.000000,-0.000001,1.000000,-0.000000,0.000000,-0.408870,-0.000000,0.912593,0.000000,0.183378,-0.000000,-0.000120,1.000000;;
     }
    }
   }

   Frame Bip01_DressBack {
    

    FrameTransformMatrix {
     -0.886023,0.038029,0.462080,0.000000,0.191625,0.937561,0.290274,0.000000,-0.422190,0.345735,-0.837988,0.000000,-0.047673,-0.000048,-0.078302,1.000000;;
    }

    Frame Bip01_DressBack02 {
     

     FrameTransformMatrix {
      0.936852,0.174932,-0.302833,0.000000,-0.166408,0.984581,0.053939,0.000000,0.307600,-0.000139,0.951516,0.000000,0.176125,0.000000,-0.000103,1.000000;;
     }
    }
   }
  }

  Frame Bip01_Prop1 {
   

   FrameTransformMatrix {
    -0.233929,-0.108090,0.966227,0.000000,0.687222,0.684611,0.242967,0.000000,-0.687752,0.720849,-0.085868,0.000000,0.076452,-0.048658,-0.145664,1.000000;;
   }
  }

  Frame Bip01_Prop2 {
   

   FrameTransformMatrix {
    -0.163643,-0.967062,0.194966,0.000000,0.985576,-0.168906,-0.010564,0.000000,0.043147,0.190425,0.980753,0.000000,-0.138405,-0.102098,0.114818,1.000000;;
   }
  }
 }
}

Frame Translation_Data {
 

 FrameTransformMatrix {
  -0.000000,0.000000,-1.000000,0.000000,-1.000000,-0.000000,0.000000,0.000000,-0.000000,1.000000,0.000000,0.000000,0.000000,-0.000000,0.000000,1.000000;;
 }
}

Frame Bob_JacketPaddedDOWN {
 

 FrameTransformMatrix {
  1.000000,0.000000,0.000000,0.000000,0.000000,1.000000,0.000000,0.000000,0.000000,0.000000,1.000000,0.000000,0.000000,0.000000,0.000000,1.000000;;
 }

 Mesh Bob_JacketPaddedDOWN {
  351;
  0.065801;0.785963;0.003674;,
  0.034564;0.776359;-0.000386;,
  0.033102;0.798168;0.019356;,
  0.080061;0.765008;-0.005911;,
  0.091201;0.742955;-0.010837;,
  0.055851;0.713858;-0.040740;,
  0.042870;0.748942;-0.025319;,
  0.095314;0.706489;-0.006335;,
  0.034171;0.811670;0.079092;,
  0.080011;0.781639;0.099869;,
  0.066715;0.801914;0.066197;,
  0.047628;0.782318;0.107265;,
  0.098811;0.559881;0.055166;,
  0.049431;0.563903;0.103846;,
  0.046210;0.554365;0.104567;,
  0.098776;0.568442;0.052454;,
  0.090996;0.567504;-0.013639;,
  0.097350;0.541487;0.009850;,
  0.051924;0.561410;-0.049723;,
  0.087190;0.510919;-0.024072;,
  0.050251;0.507726;-0.049416;,
  -0.000000;0.714250;-0.049516;,
  -0.000000;0.751176;-0.027895;,
  0.000000;0.559809;0.106243;,
  0.000000;0.549967;0.106787;,
  0.055303;0.644780;0.103776;,
  -0.000000;0.679875;0.111622;,
  0.000000;0.645002;0.108383;,
  0.057023;0.682474;0.107231;,
  0.102870;0.513904;0.069877;,
  0.044020;0.512894;0.108774;,
  0.103702;0.514267;0.015714;,
  0.054354;0.602767;0.102158;,
  0.087028;0.645962;0.076047;,
  0.100877;0.654698;0.054529;,
  0.089649;0.617107;-0.010535;,
  0.093954;0.669378;-0.008326;,
  0.098050;0.606532;0.051782;,
  0.056581;0.676039;-0.049096;,
  0.057712;0.618333;-0.048385;,
  -0.000000;0.676406;-0.056883;,
  -0.000000;0.614699;-0.055302;,
  0.135659;0.789114;-0.001104;,
  0.186615;0.792495;0.007491;,
  0.117937;0.723568;0.004668;,
  0.233301;0.716921;0.015761;,
  0.178443;0.716626;0.007487;,
  0.239539;0.781769;0.015946;,
  0.121440;0.719715;0.077462;,
  0.178443;0.716626;0.007487;,
  0.172739;0.717287;0.089894;,
  0.224470;0.717253;0.086145;,
  0.233301;0.716921;0.015761;,
  0.129604;0.735407;0.089553;,
  0.180456;0.793042;0.089901;,
  0.129643;0.790017;0.083275;,
  0.230972;0.781563;0.086363;,
  0.134839;0.801962;0.037256;,
  0.265164;0.783159;0.010196;,
  0.324023;0.712449;0.011866;,
  0.261614;0.709063;0.011413;,
  0.324640;0.765482;0.010287;,
  0.364381;0.711686;0.015359;,
  0.373506;0.753180;0.014490;,
  0.261614;0.709063;0.011413;,
  0.322787;0.723575;0.085170;,
  0.258315;0.709676;0.089986;,
  0.324023;0.712449;0.011866;,
  0.366129;0.720650;0.070405;,
  0.364381;0.711686;0.015359;,
  0.322497;0.765917;0.082916;,
  0.261434;0.783464;0.089118;,
  0.374224;0.754346;0.067003;,
  0.097293;0.801119;0.070213;,
  0.102247;0.810968;0.035856;,
  0.066715;0.801914;0.066197;,
  0.065691;0.808727;0.035998;,
  0.096823;0.689320;0.087812;,
  0.052599;0.811046;0.045531;,
  0.095655;0.794071;0.003582;,
  0.080061;0.765008;-0.005911;,
  0.065801;0.785963;0.003674;,
  0.104652;0.762212;-0.004468;,
  0.105913;0.734942;0.095026;,
  0.057168;0.721819;0.112674;,
  0.106270;0.737350;0.093452;,
  -0.000000;0.716709;0.115134;,
  0.000000;0.778323;0.108103;,
  0.080011;0.781639;0.099869;,
  0.106270;0.737350;0.093452;,
  0.108153;0.722139;0.023614;,
  0.109236;0.725779;0.075886;,
  0.117937;0.723568;0.004668;,
  0.109767;0.694854;0.047627;,
  0.101408;0.699187;0.010077;,
  0.091201;0.742955;-0.010837;,
  0.106640;0.693487;0.067425;,
  0.052443;0.810867;0.044930;,
  0.033788;0.823299;0.073081;,
  0.000000;0.797226;0.090007;,
  -0.000000;0.812122;0.086967;,
  0.029824;0.802323;0.016388;,
  0.041501;0.811731;-0.002167;,
  0.047507;0.808651;0.023432;,
  0.027348;0.806417;-0.006017;,
  0.053300;0.810662;0.054368;,
  0.039043;0.811519;0.078996;,
  0.027786;0.766554;0.151187;,
  0.000261;0.795833;0.151191;,
  0.000261;0.762885;0.157270;,
  0.049963;0.815910;0.000961;,
  0.056239;0.812578;0.023557;,
  0.053069;0.809892;0.039525;,
  0.081483;0.791954;0.064302;,
  0.069614;0.810123;0.055525;,
  0.062427;0.829700;0.106950;,
  0.076607;0.802607;0.112857;,
  0.068128;0.818778;0.043396;,
  0.058247;0.751140;0.088605;,
  0.081787;0.784367;0.080998;,
  0.053457;0.715598;0.131915;,
  0.000261;0.698820;0.108072;,
  0.000261;0.697666;0.131266;,
  0.066690;0.832129;0.086882;,
  0.042302;0.831238;0.123593;,
  0.056960;0.821733;0.013258;,
  0.040937;0.818723;-0.015711;,
  0.051579;0.827718;0.004526;,
  0.024190;0.811244;-0.021930;,
  0.000000;0.801376;-0.014114;,
  0.000000;0.805766;-0.024748;,
  0.036719;0.808499;0.139234;,
  0.054871;0.774728;0.138914;,
  0.068013;0.767336;0.122162;,
  0.055287;0.756385;0.138769;,
  0.027753;0.733109;0.148241;,
  0.000261;0.726238;0.150403;,
  -0.000000;0.793727;0.097492;,
  0.068013;0.767336;0.122162;,
  0.055287;0.756385;0.138769;,
  0.058846;0.816861;0.023656;,
  0.056210;0.832016;0.017832;,
  0.052599;0.811046;0.045531;,
  0.052443;0.810867;0.044930;,
  0.065691;0.808727;0.035998;,
  0.053300;0.810662;0.054368;,
  -0.000000;0.789335;-0.001647;,
  -0.000000;0.772546;-0.011337;,
  -0.000000;0.560179;-0.054596;,
  0.000000;0.505793;-0.052013;,
  0.000000;0.513028;0.110651;,
  -0.000000;0.794921;-0.004445;,
  0.027753;0.733109;0.148241;,
  0.000261;0.726238;0.150403;,
  0.000261;0.816390;0.144660;,
  0.000261;0.834796;0.133316;,
  0.000000;0.601974;0.104917;,
  0.065691;0.808727;0.035998;,
  0.109236;0.725779;0.075886;,
  0.113404;0.728796;0.042275;,
  0.108153;0.722139;0.023614;,
  0.091201;0.742955;-0.010837;,
  0.081787;0.784367;0.080998;,
  0.113404;0.728796;0.042275;,
  -0.065801;0.785963;0.003674;,
  -0.034564;0.776359;-0.000386;,
  -0.080061;0.765008;-0.005911;,
  -0.033102;0.798168;0.019356;,
  -0.091206;0.742949;-0.010835;,
  -0.055852;0.713858;-0.040740;,
  -0.095275;0.706487;-0.006397;,
  -0.042870;0.748942;-0.025319;,
  -0.034171;0.811670;0.079092;,
  -0.080011;0.781639;0.099869;,
  -0.047628;0.782318;0.107265;,
  -0.066715;0.804530;0.066197;,
  -0.099227;0.559881;0.055166;,
  -0.049431;0.563903;0.103846;,
  -0.099191;0.568442;0.052454;,
  -0.046210;0.554365;0.104567;,
  -0.092040;0.567504;-0.013639;,
  -0.098394;0.541487;0.009850;,
  -0.051924;0.561410;-0.049723;,
  -0.088233;0.510919;-0.024072;,
  -0.050251;0.507726;-0.049416;,
  0.000000;0.559809;0.106243;,
  0.000000;0.549967;0.106787;,
  -0.055303;0.644780;0.103776;,
  -0.000000;0.679875;0.111622;,
  -0.057023;0.682474;0.107231;,
  0.000000;0.645002;0.108383;,
  -0.103914;0.513904;0.069877;,
  -0.044020;0.512894;0.108774;,
  -0.104746;0.514267;0.015714;,
  -0.054354;0.602767;0.102158;,
  -0.087029;0.645962;0.076047;,
  -0.100878;0.654703;0.054527;,
  -0.089579;0.617107;-0.010535;,
  -0.097979;0.606532;0.051782;,
  -0.093947;0.669366;-0.008337;,
  -0.056581;0.676039;-0.049096;,
  -0.057712;0.618333;-0.048385;,
  -0.135659;0.789114;-0.001104;,
  -0.117939;0.723568;0.004669;,
  -0.186615;0.792495;0.007491;,
  -0.233302;0.716921;0.015761;,
  -0.239539;0.781770;0.015946;,
  -0.178443;0.716626;0.007487;,
  -0.121441;0.719715;0.077462;,
  -0.172739;0.717287;0.089894;,
  -0.178443;0.716626;0.007487;,
  -0.224470;0.717253;0.086145;,
  -0.233302;0.716921;0.015761;,
  -0.129604;0.735407;0.089553;,
  -0.180456;0.793042;0.089901;,
  -0.129643;0.790017;0.083275;,
  -0.230972;0.781563;0.086363;,
  -0.134839;0.801962;0.037256;,
  -0.265164;0.783159;0.010196;,
  -0.324023;0.712449;0.011866;,
  -0.324640;0.765482;0.010287;,
  -0.261614;0.709063;0.011413;,
  -0.364380;0.711686;0.015359;,
  -0.373506;0.753180;0.014490;,
  -0.261614;0.709063;0.011413;,
  -0.322787;0.723575;0.085170;,
  -0.324023;0.712449;0.011866;,
  -0.258315;0.709676;0.089986;,
  -0.366129;0.720650;0.070405;,
  -0.364380;0.711686;0.015359;,
  -0.322497;0.765918;0.082916;,
  -0.261434;0.783465;0.089118;,
  -0.374224;0.754347;0.067003;,
  -0.097293;0.801119;0.070213;,
  -0.102247;0.810968;0.035856;,
  -0.066715;0.804530;0.066197;,
  -0.065691;0.808727;0.035998;,
  -0.096823;0.689320;0.087812;,
  -0.052599;0.811046;0.045531;,
  -0.095655;0.794071;0.003582;,
  -0.080061;0.765008;-0.005911;,
  -0.104652;0.762212;-0.004468;,
  -0.065801;0.785963;0.003674;,
  -0.105913;0.734942;0.095026;,
  -0.106270;0.737350;0.093452;,
  -0.057169;0.721819;0.112674;,
  -0.000000;0.716709;0.115134;,
  0.000000;0.778323;0.108103;,
  -0.080011;0.781639;0.099869;,
  -0.106270;0.737350;0.093452;,
  -0.108071;0.722230;0.023540;,
  -0.117939;0.723568;0.004669;,
  -0.109236;0.725787;0.075903;,
  -0.109708;0.694823;0.047641;,
  -0.101582;0.699208;0.010068;,
  -0.091206;0.742949;-0.010835;,
  -0.106647;0.693492;0.067406;,
  -0.048744;0.810867;0.044930;,
  -0.033788;0.823299;0.073081;,
  0.000000;0.797226;0.090007;,
  -0.000000;0.812122;0.086967;,
  -0.043350;0.811731;-0.002167;,
  -0.029824;0.802323;0.016388;,
  -0.047507;0.808651;0.023432;,
  -0.027348;0.806417;-0.006017;,
  -0.053300;0.810662;0.054368;,
  -0.039043;0.822745;0.080627;,
  -0.027264;0.766554;0.151187;,
  0.000261;0.762885;0.157270;,
  -0.051812;0.815910;0.000961;,
  -0.056239;0.812578;0.023557;,
  -0.053069;0.809892;0.039525;,
  -0.081484;0.791954;0.064302;,
  -0.069616;0.810123;0.055525;,
  -0.061904;0.829700;0.106950;,
  -0.068130;0.818778;0.043396;,
  -0.076907;0.802607;0.112857;,
  -0.057731;0.751140;0.088605;,
  -0.081729;0.784367;0.080998;,
  -0.052934;0.715598;0.131915;,
  0.000261;0.698820;0.108072;,
  0.000261;0.697666;0.131266;,
  -0.041780;0.831239;0.123593;,
  -0.069700;0.832129;0.087115;,
  -0.056960;0.821733;0.013258;,
  -0.051579;0.827718;0.004526;,
  -0.040937;0.818723;-0.015711;,
  -0.024190;0.811244;-0.021930;,
  -0.036196;0.808499;0.139234;,
  -0.054348;0.774728;0.138914;,
  -0.067490;0.767337;0.122162;,
  -0.054764;0.756385;0.138769;,
  0.000261;0.726238;0.150403;,
  -0.027230;0.733109;0.148241;,
  -0.000000;0.793727;0.097492;,
  -0.067490;0.767337;0.122162;,
  -0.054764;0.756385;0.138769;,
  -0.058846;0.816861;0.023656;,
  -0.056210;0.832016;0.017832;,
  -0.052599;0.811046;0.045531;,
  -0.048744;0.810867;0.044930;,
  -0.065691;0.808727;0.035998;,
  -0.053300;0.810662;0.054368;,
  0.000000;0.513028;0.110651;,
  -0.027230;0.733109;0.148241;,
  0.000261;0.726238;0.150403;,
  0.000000;0.601974;0.104917;,
  -0.065691;0.808727;0.035998;,
  -0.109236;0.725787;0.075903;,
  -0.113526;0.729000;0.042190;,
  -0.108071;0.722230;0.023540;,
  -0.091206;0.742949;-0.010835;,
  -0.081729;0.784367;0.080998;,
  -0.113526;0.729000;0.042190;,
  -0.373506;0.753180;0.014490;,
  -0.366129;0.720650;0.070405;,
  -0.374224;0.754347;0.067003;,
  -0.364380;0.711686;0.015359;,
  0.373506;0.753180;0.014490;,
  0.366129;0.720650;0.070405;,
  0.364381;0.711686;0.015359;,
  0.374224;0.754346;0.067003;,
  -0.050251;0.507726;-0.049416;,
  -0.104746;0.514267;0.015714;,
  -0.088233;0.510919;-0.024072;,
  -0.103914;0.513904;0.069877;,
  -0.044020;0.512894;0.108774;,
  0.000000;0.505793;-0.052013;,
  0.000000;0.513028;0.110651;,
  0.103702;0.514267;0.015714;,
  0.050251;0.507726;-0.049416;,
  0.087190;0.510919;-0.024072;,
  0.102870;0.513904;0.069877;,
  0.044020;0.512894;0.108774;,
  0.000000;0.505793;-0.052013;,
  0.000000;0.513028;0.110651;,
  0.000261;0.834796;0.133316;,
  -0.000004;0.823425;0.056842;,
  -0.041780;0.831239;0.123593;,
  -0.069700;0.832129;0.087115;,
  -0.056210;0.832016;0.017832;,
  -0.051579;0.827718;0.004526;,
  -0.040937;0.818723;-0.015711;,
  -0.024190;0.811244;-0.021930;,
  0.000000;0.805766;-0.024748;,
  0.024190;0.811244;-0.021930;,
  0.040937;0.818723;-0.015711;,
  0.056210;0.832016;0.017832;,
  0.051579;0.827718;0.004526;,
  0.042302;0.831238;0.123593;,
  0.066690;0.832129;0.086882;;
  492;
  3;0,1,2;,
  3;1,0,3;,
  3;4,5,6;,
  3;5,4,7;,
  3;8,9,10;,
  3;9,8,11;,
  3;12,13,14;,
  3;13,12,15;,
  3;16,12,17;,
  3;12,16,15;,
  3;18,19,20;,
  3;19,18,16;,
  3;6,21,22;,
  3;21,6,5;,
  3;14,23,24;,
  3;23,14,13;,
  3;25,26,27;,
  3;26,25,28;,
  3;14,29,12;,
  3;29,14,30;,
  3;12,31,17;,
  3;31,12,29;,
  3;32,33,25;,
  3;34,35,36;,
  3;35,34,37;,
  3;35,38,36;,
  3;38,35,39;,
  3;40,39,41;,
  3;39,40,38;,
  3;42,43,44;,
  3;43,45,46;,
  3;45,43,47;,
  3;48,49,50;,
  3;49,51,50;,
  3;51,49,52;,
  3;53,54,55;,
  3;53,50,54;,
  3;53,48,50;,
  3;50,56,54;,
  3;56,50,51;,
  3;57,54,43;,
  3;54,47,43;,
  3;47,54,56;,
  3;58,59,60;,
  3;59,58,61;,
  3;61,62,59;,
  3;62,61,63;,
  3;64,65,66;,
  3;65,64,67;,
  3;67,68,65;,
  3;68,67,69;,
  3;66,70,71;,
  3;70,66,65;,
  3;65,72,70;,
  3;72,65,68;,
  3;71,61,58;,
  3;61,71,70;,
  3;70,63,61;,
  3;63,70,72;,
  3;56,58,47;,
  3;58,56,71;,
  3;47,60,45;,
  3;60,47,58;,
  3;51,64,66;,
  3;64,51,52;,
  3;66,56,51;,
  3;56,66,71;,
  3;73,57,74;,
  3;57,73,55;,
  3;74,75,73;,
  3;75,74,76;,
  3;33,28,25;,
  3;28,33,77;,
  3;10,78,8;,
  3;79,80,81;,
  3;80,79,82;,
  3;42,82,79;,
  3;83,11,84;,
  3;83,9,11;,
  3;83,85,9;,
  3;86,11,87;,
  3;11,86,84;,
  3;73,75,88;,
  3;55,89,53;,
  3;55,88,89;,
  3;55,73,88;,
  3;90,48,91;,
  3;48,90,92;,
  3;36,93,34;,
  3;93,36,94;,
  3;95,92,90;,
  3;7,94,36;,
  3;93,96,34;,
  3;8,97,98;,
  3;97,8,78;,
  3;98,99,8;,
  3;99,98,100;,
  3;16,17,19;,
  3;17,31,19;,
  3;101,102,103;,
  3;102,101,104;,
  3;105,98,97;,
  3;98,105,106;,
  3;107,108,109;,
  3;103,110,111;,
  3;110,103,102;,
  3;112,111,113;,
  3;111,112,103;,
  3;114,115,116;,
  3;115,114,117;,
  3;114,116,113;,
  3;105,118,106;,
  3;118,105,119;,
  3;120,121,118;,
  3;121,120,122;,
  3;112,101,103;,
  3;115,123,124;,
  3;125,126,127;,
  3;102,104,128;,
  3;128,129,130;,
  3;129,128,104;,
  3;131,115,124;,
  3;132,133,116;,
  3;133,132,134;,
  3;122,135,136;,
  3;115,132,116;,
  3;100,106,137;,
  3;106,100,98;,
  3;137,118,121;,
  3;118,137,106;,
  3;120,118,138;,
  3;139,120,138;,
  3;111,114,113;,
  3;114,111,140;,
  3;141,125,127;,
  3;125,141,117;,
  3;140,117,114;,
  3;117,140,125;,
  3;101,142,2;,
  3;142,101,143;,
  3;78,10,144;,
  3;143,112,145;,
  3;112,143,101;,
  3;112,113,145;,
  3;146,1,147;,
  3;1,146,2;,
  3;20,148,18;,
  3;148,20,149;,
  3;24,30,14;,
  3;30,24,150;,
  3;151,2,146;,
  3;2,151,101;,
  3;152,109,153;,
  3;109,152,107;,
  3;104,151,129;,
  3;151,104,101;,
  3;154,108,131;,
  3;154,124,155;,
  3;124,154,131;,
  3;49,48,92;,
  3;44,43,46;,
  3;39,16,18;,
  3;16,39,35;,
  3;35,15,16;,
  3;15,35,37;,
  3;15,32,13;,
  3;32,15,37;,
  3;13,156,23;,
  3;156,13,32;,
  3;142,157,2;,
  3;2,157,0;,
  3;81,74,79;,
  3;74,81,76;,
  3;79,57,42;,
  3;57,79,74;,
  3;57,43,42;,
  3;54,57,55;,
  3;123,117,141;,
  3;123,115,117;,
  3;126,125,110;,
  3;128,126,102;,
  3;126,110,102;,
  3;110,140,111;,
  3;140,110,125;,
  3;37,34,33;,
  3;83,158,85;,
  3;34,77,33;,
  3;77,34,96;,
  3;33,32,37;,
  3;99,11,8;,
  3;28,86,26;,
  3;86,28,84;,
  3;84,77,83;,
  3;77,84,28;,
  3;77,158,83;,
  3;158,77,96;,
  3;158,93,159;,
  3;93,158,96;,
  3;159,94,160;,
  3;94,159,93;,
  3;7,160,94;,
  3;160,7,4;,
  3;5,40,21;,
  3;40,5,38;,
  3;38,7,36;,
  3;7,38,5;,
  3;6,3,4;,
  3;3,6,1;,
  3;161,82,44;,
  3;82,161,80;,
  3;82,42,44;,
  3;53,91,48;,
  3;91,53,89;,
  3;1,22,147;,
  3;22,1,6;,
  3;162,116,133;,
  3;145,113,162;,
  3;116,162,113;,
  3;138,118,119;,
  3;131,107,132;,
  3;107,134,132;,
  3;134,107,152;,
  3;135,120,139;,
  3;132,115,131;,
  3;27,32,25;,
  3;32,27,156;,
  3;99,87,11;,
  3;18,41,39;,
  3;41,18,148;,
  3;107,131,108;,
  3;135,122,120;,
  3;90,91,163;,
  3;164,165,166;,
  3;165,164,167;,
  3;168,169,170;,
  3;169,168,171;,
  3;172,173,174;,
  3;173,172,175;,
  3;176,177,178;,
  3;177,176,179;,
  3;180,176,178;,
  3;176,180,181;,
  3;182,183,180;,
  3;183,182,184;,
  3;171,21,169;,
  3;21,171,22;,
  3;179,185,177;,
  3;185,179,186;,
  3;187,188,189;,
  3;188,187,190;,
  3;179,191,192;,
  3;191,179,176;,
  3;176,193,191;,
  3;193,176,181;,
  3;194,187,195;,
  3;196,197,198;,
  3;197,196,199;,
  3;197,200,201;,
  3;200,197,199;,
  3;40,201,200;,
  3;201,40,41;,
  3;202,203,204;,
  3;204,205,206;,
  3;205,204,207;,
  3;208,209,210;,
  3;210,211,212;,
  3;211,210,209;,
  3;213,209,208;,
  3;213,214,209;,
  3;213,215,214;,
  3;209,216,211;,
  3;216,209,214;,
  3;217,204,214;,
  3;214,206,216;,
  3;206,214,204;,
  3;218,219,220;,
  3;219,218,221;,
  3;220,222,223;,
  3;222,220,219;,
  3;224,225,226;,
  3;225,224,227;,
  3;226,228,229;,
  3;228,226,225;,
  3;227,230,225;,
  3;230,227,231;,
  3;225,232,228;,
  3;232,225,230;,
  3;231,220,230;,
  3;220,231,218;,
  3;230,223,232;,
  3;223,230,220;,
  3;216,218,231;,
  3;218,216,206;,
  3;206,221,218;,
  3;221,206,205;,
  3;211,224,212;,
  3;224,211,227;,
  3;227,216,231;,
  3;216,227,211;,
  3;233,217,215;,
  3;217,233,234;,
  3;234,235,236;,
  3;235,234,233;,
  3;195,189,237;,
  3;189,195,187;,
  3;175,172,238;,
  3;239,240,241;,
  3;240,239,242;,
  3;202,239,241;,
  3;243,173,244;,
  3;243,174,173;,
  3;243,245,174;,
  3;246,174,245;,
  3;174,246,247;,
  3;233,248,235;,
  3;215,248,233;,
  3;215,249,248;,
  3;215,213,249;,
  3;250,208,251;,
  3;208,250,252;,
  3;199,253,254;,
  3;253,199,196;,
  3;255,250,251;,
  3;170,199,254;,
  3;253,196,256;,
  3;172,257,238;,
  3;257,172,258;,
  3;258,259,260;,
  3;259,258,172;,
  3;180,183,181;,
  3;181,183,193;,
  3;261,262,263;,
  3;262,261,264;,
  3;265,258,266;,
  3;258,265,257;,
  3;267,268,108;,
  3;263,269,261;,
  3;269,263,270;,
  3;271,270,263;,
  3;270,271,272;,
  3;273,274,275;,
  3;274,273,276;,
  3;273,272,276;,
  3;277,265,266;,
  3;265,277,278;,
  3;279,280,281;,
  3;280,279,277;,
  3;271,263,262;,
  3;274,282,283;,
  3;284,285,286;,
  3;261,287,264;,
  3;287,129,264;,
  3;129,287,130;,
  3;288,282,274;,
  3;289,290,291;,
  3;290,289,276;,
  3;281,292,293;,
  3;274,276,289;,
  3;260,266,258;,
  3;266,260,294;,
  3;294,277,266;,
  3;277,294,280;,
  3;279,295,277;,
  3;296,295,279;,
  3;270,273,297;,
  3;273,270,272;,
  3;298,284,275;,
  3;284,298,285;,
  3;275,297,273;,
  3;297,275,284;,
  3;262,299,300;,
  3;299,262,167;,
  3;238,301,175;,
  3;300,271,262;,
  3;271,300,302;,
  3;271,302,272;,
  3;146,165,167;,
  3;165,146,147;,
  3;184,148,149;,
  3;148,184,182;,
  3;186,192,303;,
  3;192,186,179;,
  3;151,167,262;,
  3;167,151,146;,
  3;304,268,267;,
  3;268,304,305;,
  3;264,151,262;,
  3;151,264,129;,
  3;154,288,108;,
  3;154,282,288;,
  3;282,154,155;,
  3;210,251,208;,
  3;203,207,204;,
  3;201,180,197;,
  3;180,201,182;,
  3;197,178,198;,
  3;178,197,180;,
  3;178,194,198;,
  3;194,178,177;,
  3;177,306,194;,
  3;306,177,185;,
  3;299,167,307;,
  3;167,164,307;,
  3;242,234,236;,
  3;234,242,239;,
  3;239,217,234;,
  3;217,239,202;,
  3;217,202,204;,
  3;214,215,217;,
  3;283,298,275;,
  3;283,275,274;,
  3;286,269,284;,
  3;287,261,286;,
  3;286,261,269;,
  3;297,269,270;,
  3;269,297,284;,
  3;198,195,196;,
  3;243,244,308;,
  3;196,237,256;,
  3;237,196,195;,
  3;195,198,194;,
  3;259,172,174;,
  3;189,246,245;,
  3;246,189,188;,
  3;245,237,189;,
  3;237,245,243;,
  3;237,308,256;,
  3;308,237,243;,
  3;308,253,256;,
  3;253,308,309;,
  3;309,254,253;,
  3;254,309,310;,
  3;170,310,168;,
  3;310,170,254;,
  3;169,40,200;,
  3;40,169,21;,
  3;200,170,169;,
  3;170,200,199;,
  3;171,166,165;,
  3;166,171,168;,
  3;311,241,240;,
  3;241,311,203;,
  3;241,203,202;,
  3;213,252,249;,
  3;252,213,208;,
  3;165,22,171;,
  3;22,165,147;,
  3;312,290,276;,
  3;302,312,272;,
  3;276,272,312;,
  3;295,278,277;,
  3;288,289,267;,
  3;267,291,304;,
  3;291,267,289;,
  3;293,296,279;,
  3;289,288,274;,
  3;190,194,306;,
  3;194,190,187;,
  3;259,174,247;,
  3;41,182,201;,
  3;182,41,148;,
  3;267,108,288;,
  3;293,279,281;,
  3;250,313,252;,
  3;314,315,316;,
  3;315,314,317;,
  3;318,319,320;,
  3;319,318,321;,
  3;322,323,324;,
  3;322,325,323;,
  3;322,326,325;,
  3;327,326,322;,
  3;327,328,326;,
  3;329,330,331;,
  3;332,330,329;,
  3;333,330,332;,
  3;333,334,330;,
  3;335,334,333;,
  3;336,337,338;,
  3;338,337,339;,
  3;339,337,340;,
  3;340,337,341;,
  3;337,342,341;,
  3;337,343,342;,
  3;337,344,343;,
  3;337,345,344;,
  3;337,346,345;,
  3;337,347,348;,
  3;337,348,346;,
  3;336,349,337;,
  3;349,350,337;,
  3;350,347,337;;

  MeshNormals {
   351;
   -0.053911;0.637152;-0.768851;,
   0.114340;0.594317;-0.796062;,
   0.413639;0.433804;-0.800448;,
   0.115053;0.403834;-0.907569;,
   0.437606;0.141084;-0.888029;,
   0.396360;0.254653;-0.882072;,
   0.215800;0.499910;-0.838761;,
   0.810335;0.080694;-0.580384;,
   0.336118;0.618632;0.710154;,
   0.248194;0.455808;0.854774;,
   0.160369;0.918712;0.360901;,
   0.159700;0.469606;0.868312;,
   0.918865;0.112286;0.378258;,
   0.431551;0.021140;0.901841;,
   0.341417;0.098105;0.934778;,
   0.957685;0.038785;0.285194;,
   0.888458;0.028193;-0.458092;,
   0.980064;0.089477;-0.177392;,
   0.393595;0.004266;-0.919274;,
   0.787024;0.049037;-0.614970;,
   0.249313;-0.033954;-0.967828;,
   -0.000000;0.338803;-0.940857;,
   0.000000;0.570704;-0.821156;,
   0.000000;0.046762;0.998906;,
   0.000000;0.081000;0.996714;,
   0.356714;-0.111563;0.927528;,
   -0.000000;-0.105056;0.994466;,
   0.000000;-0.077223;0.997014;,
   0.293207;-0.160783;0.942432;,
   0.858357;0.178575;0.480973;,
   0.322260;0.145745;0.935365;,
   0.972805;0.133133;-0.189544;,
   0.434732;-0.043539;0.899507;,
   0.753716;-0.182176;0.631446;,
   0.973160;-0.168805;0.156410;,
   0.904961;-0.014939;-0.425233;,
   0.889606;-0.036577;-0.455262;,
   0.961122;-0.054000;0.270792;,
   0.448671;0.071633;-0.890822;,
   0.467056;-0.008665;-0.884185;,
   -0.000000;0.093528;-0.995617;,
   0.000000;-0.008579;-0.999963;,
   0.121160;0.495924;-0.859872;,
   0.199405;0.685840;-0.699901;,
   -0.109892;-0.740173;-0.663376;,
   -0.104976;-0.704652;-0.701745;,
   0.037759;-0.709413;-0.703781;,
   0.033962;0.721557;-0.691521;,
   -0.141894;-0.888013;0.437377;,
   0.037759;-0.709413;-0.703781;,
   -0.025327;-0.681627;0.731262;,
   -0.090594;-0.697495;0.710840;,
   -0.104976;-0.704652;-0.701745;,
   -0.005779;-0.126150;0.991994;,
   0.084206;0.679200;0.729106;,
   0.081281;0.612139;0.786562;,
   0.046424;0.687450;0.724746;,
   0.127923;0.990434;-0.051731;,
   0.027844;0.714532;-0.699048;,
   0.073600;-0.736792;-0.672101;,
   -0.089353;-0.736205;-0.670834;,
   0.204042;0.655791;-0.726846;,
   0.045779;-0.753934;-0.655354;,
   0.222135;0.678471;-0.700238;,
   -0.089353;-0.736205;-0.670834;,
   0.186409;-0.586826;0.787964;,
   -0.046777;-0.713428;0.699166;,
   0.073600;-0.736792;-0.672101;,
   0.187990;-0.660517;0.726896;,
   0.045779;-0.753934;-0.655354;,
   0.300138;0.652318;0.695987;,
   0.068910;0.724134;0.686208;,
   0.358710;0.740099;0.568841;,
   0.115065;0.841351;0.528099;,
   0.069382;0.992652;-0.099137;,
   0.160369;0.918712;0.360901;,
   -0.007746;0.977092;-0.212678;,
   0.719784;-0.236280;0.652751;,
   0.536509;0.833255;0.133581;,
   -0.021175;0.666436;-0.745262;,
   0.115053;0.403834;-0.907569;,
   -0.053911;0.637152;-0.768851;,
   0.168872;0.080460;-0.982348;,
   0.684864;-0.048492;0.727055;,
   0.212271;-0.030370;0.976739;,
   0.434512;-0.010068;0.900610;,
   -0.000000;-0.013112;0.999914;,
   0.000000;0.404237;0.914654;,
   0.248194;0.455808;0.854774;,
   0.434512;-0.010068;0.900610;,
   0.552853;-0.769790;-0.319025;,
   0.577310;-0.686033;0.442800;,
   -0.109892;-0.740173;-0.663376;,
   0.986863;-0.157560;-0.035740;,
   0.952278;-0.086918;-0.292597;,
   0.437606;0.141084;-0.888029;,
   0.947076;-0.195353;0.254725;,
   0.660634;-0.685569;-0.305873;,
   0.384471;-0.910896;0.149834;,
   0.000000;0.571526;0.820584;,
   -0.383987;-0.874961;0.294952;,
   0.578220;-0.621476;-0.528610;,
   0.457602;-0.834204;-0.307739;,
   0.285588;-0.944658;-0.161432;,
   0.362094;-0.880451;-0.306095;,
   -0.576139;-0.753449;-0.316826;,
   -0.368024;-0.496636;-0.786073;,
   0.284002;0.046119;0.957714;,
   -0.000001;0.244270;0.969707;,
   -0.000000;0.007917;0.999969;,
   0.756516;-0.507248;-0.412775;,
   0.634631;-0.676886;-0.372919;,
   -0.132752;-0.991129;-0.006392;,
   0.696775;-0.526724;-0.486896;,
   0.932942;0.314686;-0.174906;,
   0.636816;0.687255;0.349494;,
   0.855579;0.261959;0.446499;,
   0.965437;0.092298;-0.243748;,
   0.395776;-0.573305;-0.717414;,
   0.800599;-0.477278;-0.362280;,
   0.672716;-0.674635;0.303844;,
   -0.002719;-0.717353;-0.696704;,
   0.000003;-0.977161;0.212501;,
   0.976043;-0.164017;0.142964;,
   0.467554;0.476097;0.744798;,
   0.924921;-0.082006;-0.371210;,
   0.607516;-0.651878;-0.453849;,
   0.886403;0.110967;-0.449418;,
   0.338421;-0.869488;-0.359808;,
   0.000000;-0.937362;-0.348358;,
   0.000000;-0.934454;-0.356083;,
   0.396802;0.350754;0.848245;,
   0.582834;0.101015;0.806288;,
   0.916470;-0.207687;0.341978;,
   0.630429;-0.089751;0.771041;,
   0.269522;-0.282453;0.920640;,
   -0.000000;-0.382734;0.923859;,
   -0.037255;-0.293439;-0.955252;,
   0.916470;-0.207687;0.341978;,
   0.630429;-0.089751;0.771041;,
   0.897779;-0.251595;-0.361515;,
   0.912279;0.273151;-0.305181;,
   0.536509;0.833255;0.133581;,
   0.660634;-0.685569;-0.305873;,
   -0.007746;0.977092;-0.212678;,
   -0.576139;-0.753449;-0.316826;,
   0.000000;0.271174;-0.962530;,
   0.000000;0.640345;-0.768087;,
   0.000000;-0.014103;-0.999901;,
   0.000229;-0.164043;-0.986453;,
   0.000000;0.101276;0.994858;,
   0.000000;-0.764208;-0.644970;,
   0.269522;-0.282453;0.920640;,
   -0.000000;-0.382734;0.923859;,
   -0.000000;0.426217;0.904621;,
   -0.000000;0.525358;0.850881;,
   0.000000;-0.012670;0.999920;,
   -0.007746;0.977092;-0.212678;,
   0.577310;-0.686033;0.442800;,
   0.448765;0.882396;-0.141378;,
   0.552853;-0.769790;-0.319025;,
   0.437606;0.141084;-0.888029;,
   0.800599;-0.477278;-0.362280;,
   0.448765;0.882396;-0.141378;,
   0.053911;0.637152;-0.768851;,
   -0.114346;0.594309;-0.796067;,
   -0.115060;0.403820;-0.907574;,
   -0.335412;0.556185;-0.760366;,
   -0.437607;0.141458;-0.887970;,
   -0.396233;0.254722;-0.882109;,
   -0.808787;0.082102;-0.582342;,
   -0.215739;0.499965;-0.838744;,
   -0.311318;0.656133;0.687437;,
   -0.249720;0.445324;0.859841;,
   -0.151393;0.462671;0.873508;,
   -0.155879;0.925594;0.344930;,
   -0.915416;0.118595;0.384641;,
   -0.429982;0.022620;0.902554;,
   -0.955736;0.047720;0.290330;,
   -0.338866;0.099657;0.935542;,
   -0.887766;0.036571;-0.458841;,
   -0.980346;0.094510;-0.173174;,
   -0.388833;0.006427;-0.921286;,
   -0.782322;0.049901;-0.620872;,
   -0.249450;-0.033572;-0.967806;,
   0.000000;0.046762;0.998906;,
   0.000000;0.081000;0.996714;,
   -0.356712;-0.111564;0.927529;,
   -0.000000;-0.105056;0.994466;,
   -0.293208;-0.160783;0.942432;,
   0.000000;-0.077223;0.997014;,
   -0.855366;0.186207;0.483401;,
   -0.319242;0.148032;0.936040;,
   -0.972514;0.138704;-0.187024;,
   -0.434322;-0.042214;0.899768;,
   -0.753849;-0.182574;0.631172;,
   -0.973012;-0.169747;0.156314;,
   -0.904462;-0.009058;-0.426457;,
   -0.960709;-0.047896;0.273395;,
   -0.889406;-0.037411;-0.455584;,
   -0.448723;0.071466;-0.890809;,
   -0.465486;-0.006609;-0.885031;,
   -0.121161;0.495923;-0.859872;,
   0.110121;-0.740382;-0.663104;,
   -0.199404;0.685840;-0.699901;,
   0.104974;-0.704652;-0.701745;,
   -0.033959;0.721557;-0.691522;,
   -0.037758;-0.709413;-0.703781;,
   0.142934;-0.887939;0.437188;,
   0.025326;-0.681627;0.731262;,
   -0.037758;-0.709413;-0.703781;,
   0.090592;-0.697495;0.710840;,
   0.104974;-0.704652;-0.701745;,
   0.005723;-0.126127;0.991998;,
   -0.084206;0.679200;0.729106;,
   -0.081281;0.612139;0.786562;,
   -0.046422;0.687450;0.724747;,
   -0.127923;0.990434;-0.051731;,
   -0.027843;0.714532;-0.699048;,
   -0.073599;-0.736792;-0.672102;,
   -0.204042;0.655791;-0.726846;,
   0.089352;-0.736205;-0.670834;,
   -0.045777;-0.753934;-0.655353;,
