xof 0303txt 0032
template ColorRGBA {
 <35ff44e0-6c7c-11cf-8f52-0040333594a3>
 FLOAT red;
 FLOAT green;
 FLOAT blue;
 FLOAT alpha;
}

template ColorRGB {
 <d3e16e81-7835-11cf-8f52-0040333594a3>
 FLOAT red;
 FLOAT green;
 FLOAT blue;
}

template Material {
 <3d82ab4d-62da-11cf-ab39-0020af71e433>
 ColorRGBA faceColor;
 FLOAT power;
 ColorRGB specularColor;
 ColorRGB emissiveColor;
 [...]
}

template TextureFilename {
 <a42790e1-7810-11cf-8f52-0040333594a3>
 STRING filename;
}

template Frame {
 <3d82ab46-62da-11cf-ab39-0020af71e433>
 [...]
}

template Matrix4x4 {
 <f6f23f45-7686-11cf-8f52-0040333594a3>
 array FLOAT matrix[16];
}

template FrameTransformMatrix {
 <f6f23f41-7686-11cf-8f52-0040333594a3>
 Matrix4x4 frameMatrix;
}

template Vector {
 <3d82ab5e-62da-11cf-ab39-0020af71e433>
 FLOAT x;
 FLOAT y;
 FLOAT z;
}

template MeshFace {
 <3d82ab5f-62da-11cf-ab39-0020af71e433>
 DWORD nFaceVertexIndices;
 array DWORD faceVertexIndices[nFaceVertexIndices];
}

template Mesh {
 <3d82ab44-62da-11cf-ab39-0020af71e433>
 DWORD nVertices;
 array Vector vertices[nVertices];
 DWORD nFaces;
 array MeshFace faces[nFaces];
 [...]
}

template MeshNormals {
 <f6f23f43-7686-11cf-8f52-0040333594a3>
 DWORD nNormals;
 array Vector normals[nNormals];
 DWORD nFaceNormals;
 array MeshFace faceNormals[nFaceNormals];
}

template MeshMaterialList {
 <f6f23f42-7686-11cf-8f52-0040333594a3>
 DWORD nMaterials;
 DWORD nFaceIndexes;
 array DWORD faceIndexes[nFaceIndexes];
 [Material <3d82ab4d-62da-11cf-ab39-0020af71e433>]
}

template Coords2d {
 <f6f23f44-7686-11cf-8f52-0040333594a3>
 FLOAT u;
 FLOAT v;
}

template MeshTextureCoords {
 <f6f23f40-7686-11cf-8f52-0040333594a3>
 DWORD nTextureCoords;
 array Coords2d textureCoords[nTextureCoords];
}

template XSkinMeshHeader {
 <3cf169ce-ff7c-44ab-93c0-f78f62d172e2>
 WORD nMaxSkinWeightsPerVertex;
 WORD nMaxSkinWeightsPerFace;
 WORD nBones;
}

template SkinWeights {
 <6f0d123b-bad2-4167-a0d0-80224f25fabb>
 STRING transformNodeName;
 DWORD nWeights;
 array DWORD vertexIndices[nWeights];
 array FLOAT weights[nWeights];
 Matrix4x4 matrixOffset;
}

template AnimTicksPerSecond {
 <9e415a43-7ba6-4a73-8743-b73d47e88476>
 DWORD AnimTicksPerSecond;
}

template Animation {
 <3d82ab4f-62da-11cf-ab39-0020af71e433>
 [...]
}

template AnimationSet {
 <3d82ab50-62da-11cf-ab39-0020af71e433>
 [Animation <3d82ab4f-62da-11cf-ab39-0020af71e433>]
}

template FloatKeys {
 <10dd46a9-775b-11cf-8f52-0040333594a3>
 DWORD nValues;
 array FLOAT values[nValues];
}

template TimedFloatKeys {
 <f406b180-7b3b-11cf-8f52-0040333594a3>
 DWORD time;
 FloatKeys tfkeys;
}

template AnimationKey {
 <10dd46a8-775b-11cf-8f52-0040333594a3>
 DWORD keyType;
 DWORD nKeys;
 array TimedFloatKeys keys[nKeys];
}


Material _07_-_Defaultlll {
 1.000000;1.000000;1.000000;1.000000;;
 9.999999;
 0.000000;0.000000;0.000000;;
 0.000000;0.000000;0.000000;;

 TextureFilename {
  "Jacket_ShellSuit.png";
 }
}

Frame Dummy01 {
 

 FrameTransformMatrix {
  1.000000,0.000000,0.000000,0.000000,0.000000,-0.000000,-1.000000,0.000000,0.000000,1.000000,-0.000000,0.000000,-0.000000,0.000000,0.000000,1.000000;;
 }

 Frame Bip01 {
  

  FrameTransformMatrix {
   -0.087155,0.982405,-0.165183,0.000000,-0.000001,0.165814,0.986157,0.000000,0.996195,0.085949,-0.014450,0.000000,-0.010000,-0.012284,0.490453,1.000000;;
  }

  Frame Bip01_Pelvis {
   

   FrameTransformMatrix {
    0.000000,1.000000,-0.000001,0.000000,-0.000001,0.000001,1.000000,0.000000,1.000000,0.000000,0.000001,0.000000,0.000000,0.000000,0.000000,1.000000;;
   }

   Frame Bip01_Spine {
    

    FrameTransformMatrix {
     0.984686,0.000002,-0.174337,0.000000,-0.000001,1.000000,0.000004,0.000000,0.174337,-0.000004,0.984686,0.000000,0.051619,0.000000,-0.000083,1.000000;;
    }

    Frame Bip01_Spine1 {
     

     FrameTransformMatrix {
      0.997819,0.052687,0.039774,0.000000,-0.044862,0.983198,-0.176942,0.000000,-0.048428,0.174771,0.983417,0.000000,0.106484,-0.000015,-0.000083,1.000000;;
     }

     Frame Bip01_Neck {
      

      FrameTransformMatrix {
       0.966067,-0.020835,0.257451,0.000000,0.025191,0.999590,-0.013632,0.000000,-0.257061,0.019655,0.966195,0.000000,0.130511,-0.000001,0.004626,1.000000;;
      }

      Frame Bip01_Head {
       

       FrameTransformMatrix {
        0.989321,-0.051753,-0.136255,0.000000,0.064251,0.993958,0.088989,0.000000,0.130826,-0.096793,0.986669,0.000000,0.033674,-0.000000,-0.000000,1.000000;;
       }
      }

      Frame Bip01_L_Clavicle {
       

       FrameTransformMatrix {
        -0.205975,0.976135,0.068811,0.000000,0.943873,0.216738,-0.249254,0.000000,-0.258220,0.013609,-0.965990,0.000000,-0.024734,0.015166,0.002017,1.000000;;
       }

       Frame Bip01_L_UpperArm {
        

        FrameTransformMatrix {
         0.385871,-0.777669,0.496320,0.000000,0.922466,0.332598,-0.196046,0.000000,-0.012616,0.533487,0.845714,0.000000,0.087086,-0.000000,-0.000000,1.000000;;
        }

        Frame Bip01_L_Forearm {
         

         FrameTransformMatrix {
          0.943939,0.000000,-0.330119,0.000000,0.000000,1.000000,-0.000000,0.000000,0.330119,-0.000000,0.943939,0.000000,0.137062,-0.000000,0.000000,1.000000;;
         }

         Frame Bip01_L_Hand {
          

          FrameTransformMatrix {
           1.000000,-0.000000,0.000000,0.000000,0.000000,0.000796,1.000000,0.000000,0.000000,-1.000000,0.000796,0.000000,0.137062,0.000000,0.000000,1.000000;;
          }

          Frame Bip01_L_Finger0 {
           

           FrameTransformMatrix {
            0.690342,-0.181727,0.700288,0.000000,0.558537,0.749101,-0.356210,0.000000,-0.459853,0.637043,0.618637,0.000000,0.057681,-0.023605,-0.000272,1.000000;;
           }
          }

          Frame Bip01_L_Finger1 {
           

           FrameTransformMatrix {
            0.728079,-0.000546,0.685493,0.000000,0.000000,1.000000,0.000796,0.000000,-0.685493,-0.000580,0.728079,0.000000,0.084102,0.000000,0.000000,1.000000;;
           }
          }
         }
        }
       }
      }

      Frame Bip01_R_Clavicle {
       

       FrameTransformMatrix {
        -0.028509,-0.999573,-0.006461,0.000000,-0.965665,0.025871,0.258498,0.000000,-0.258220,0.013609,-0.965990,0.000000,-0.024080,-0.016250,0.001399,1.000000;;
       }

       Frame Bip01_R_UpperArm {
        

        FrameTransformMatrix {
         0.221390,0.975047,0.016433,0.000000,-0.974986,0.221654,-0.016512,0.000000,-0.019742,-0.012366,0.999729,0.000000,0.087086,0.000000,0.000000,1.000000;;
        }

        Frame Bip01_R_Forearm {
         

         FrameTransformMatrix {
          0.915660,-0.000000,-0.401954,0.000000,-0.000000,1.000000,-0.000000,0.000000,0.401954,-0.000000,0.915660,0.000000,0.137062,0.000000,0.000000,1.000000;;
         }

         Frame Bip01_R_Hand {
          

          FrameTransformMatrix {
           0.975195,-0.000000,-0.221346,0.000000,-0.221346,0.000796,-0.975195,0.000000,0.000176,1.000000,0.000777,0.000000,0.137062,-0.000000,0.000000,1.000000;;
          }

          Frame Bip01_R_Finger0 {
           

           FrameTransformMatrix {
            0.417774,-0.116941,0.900994,0.000000,-0.558537,0.749101,0.356210,0.000000,-0.716591,-0.652054,0.247639,0.000000,0.057681,0.023605,-0.000272,1.000000;;
           }
          }

          Frame Bip01_R_Finger1 {
           

           FrameTransformMatrix {
            0.352436,0.000745,0.935835,0.000000,0.000000,1.000000,-0.000796,0.000000,-0.935836,0.000281,0.352436,0.000000,0.084102,0.000000,0.000000,1.000000;;
           }
          }
         }
        }
       }
      }
     }

     Frame Bip01_BackPack {
      

      FrameTransformMatrix {
       0.180560,0.080500,-0.980264,0.000000,0.047560,0.994764,0.090451,0.000000,0.982413,-0.062954,0.175786,0.000000,0.063697,0.000003,-0.088856,1.000000;;
      }
     }
    }

    Frame Bip01_L_Thigh {
     

     FrameTransformMatrix {
      -0.888504,0.030427,0.457858,0.000000,-0.032107,-0.999476,0.004114,0.000000,0.457744,-0.011045,0.889016,0.000000,-0.050843,0.055225,-0.008917,1.000000;;
     }

     Frame Bip01_L_Calf {
      

      FrameTransformMatrix {
       0.942235,-0.000000,-0.334952,0.000000,-0.000000,1.000000,-0.000000,0.000000,0.334952,-0.000000,0.942235,0.000000,0.237500,0.000000,-0.000000,1.000000;;
      }

      Frame Bip01_L_Foot {
       

       FrameTransformMatrix {
        0.924325,-0.026487,0.380687,0.000000,-0.068962,0.969570,0.234901,0.000000,-0.375325,-0.243378,0.894371,0.000000,0.206841,0.000000,0.000000,1.000000;;
       }

       Frame Bip01_L_Toe0 {
        

        FrameTransformMatrix {
         0.000000,0.000000,1.000000,0.000000,0.000000,1.000000,-0.000000,0.000000,-1.000000,0.000000,0.000000,0.000000,0.065373,0.000000,0.066450,1.000000;;
        }
       }
      }
     }
    }

    Frame Bip01_R_Thigh {
     

     FrameTransformMatrix {
      -0.996965,0.030321,-0.071704,0.000000,-0.029454,-0.999480,-0.013113,0.000000,-0.072065,-0.010961,0.997340,0.000000,-0.050843,-0.055225,-0.008917,1.000000;;
     }

     Frame Bip01_R_Calf {
      

      FrameTransformMatrix {
       0.730239,0.000000,-0.683192,0.000000,0.000000,1.000000,0.000000,0.000000,0.683192,0.000000,0.730239,0.000000,0.237500,0.000000,0.000000,1.000000;;
      }

      Frame Bip01_R_Foot {
       

       FrameTransformMatrix {
        0.991957,0.087165,-0.091782,0.000000,-0.093276,0.993546,-0.064539,0.000000,0.085565,0.072581,0.993685,0.000000,0.206841,-0.000000,0.000000,1.000000;;
       }

       Frame Bip01_R_Toe0 {
        

        FrameTransformMatrix {
         0.000000,0.000000,1.000000,0.000000,0.000000,1.000000,-0.000000,0.000000,-1.000000,0.000000,0.000000,0.000000,0.065373,0.000000,0.066450,1.000000;;
        }
       }
      }
     }
    }
   }

   Frame Bip01_DressFront {
    

    FrameTransformMatrix {
     -0.880185,-0.088339,0.466338,0.000000,0.121847,0.907542,0.401896,0.000000,-0.458725,0.410564,-0.788041,0.000000,-0.043935,0.001339,0.061057,1.000000;;
    }

    Frame Bip01_DressFront02 {
     

     FrameTransformMatrix {
      0.912593,0.000001,0.408870,0.000000,-0.000001,1.000000,-0.000000,0.000000,-0.408870,-0.000000,0.912593,0.000000,0.183378,-0.000000,-0.000120,1.000000;;
     }
    }
   }

   Frame Bip01_DressBack {
    

    FrameTransformMatrix {
     -0.886023,0.038028,0.462080,0.000000,0.191624,0.937561,0.290274,0.000000,-0.422190,0.345735,-0.837988,0.000000,-0.047673,-0.000048,-0.078302,1.000000;;
    }

    Frame Bip01_DressBack02 {
     

     FrameTransformMatrix {
      0.936852,0.174932,-0.302833,0.000000,-0.166408,0.984581,0.053940,0.000000,0.307599,-0.000139,0.951516,0.000000,0.176125,0.000000,-0.000103,1.000000;;
     }
    }
   }
  }

  Frame Bip01_Prop1 {
   

   FrameTransformMatrix {
    -0.233929,-0.108090,0.966227,0.000000,0.687222,0.684611,0.242967,0.000000,-0.687752,0.720849,-0.085868,0.000000,0.076452,-0.048658,-0.145664,1.000000;;
   }
  }

  Frame Bip01_Prop2 {
   

   FrameTransformMatrix {
    -0.163643,-0.967062,0.194966,0.000000,0.985576,-0.168906,-0.010564,0.000000,0.043147,0.190425,0.980753,0.000000,-0.138405,-0.102098,0.114818,1.000000;;
   }
  }
 }
}

Frame Translation_Data {
 

 FrameTransformMatrix {
  -0.000000,0.000000,-1.000000,0.000000,-1.000000,-0.000000,0.000000,0.000000,-0.000000,1.000000,0.000000,0.000000,0.000000,-0.000000,0.000000,1.000000;;
 }
}

Frame Bob_JacketShellSuit {
 

 FrameTransformMatrix {
  1.000000,0.000000,0.000000,0.000000,0.000000,1.000000,0.000000,0.000000,0.000000,0.000000,1.000000,0.000000,0.000000,0.000000,0.000000,1.000000;;
 }

 Mesh Bob_JacketShellSuit {
  323;
  0.066419;0.784617;0.007153;,
  0.034275;0.774573;0.002824;,
  0.031973;0.797020;0.024880;,
  0.079986;0.764104;-0.002131;,
  0.098031;0.731102;-0.007103;,
  0.052681;0.712932;-0.037218;,
  0.042433;0.747438;-0.021900;,
  0.099134;0.706344;-0.001588;,
  0.033020;0.810041;0.078767;,
  0.079249;0.780433;0.099038;,
  0.066263;0.799449;0.066845;,
  0.047456;0.781273;0.106234;,
  0.103311;0.566463;0.056805;,
  0.051859;0.585117;0.100524;,
  0.058264;0.566642;0.103558;,
  0.092185;0.589294;0.053839;,
  0.087982;0.588983;-0.011604;,
  0.102582;0.554271;0.007046;,
  0.054685;0.583368;-0.048022;,
  0.087104;0.533325;-0.029773;,
  0.049683;0.534213;-0.052647;,
  -0.000000;0.713340;-0.045737;,
  -0.000000;0.749714;-0.024402;,
  0.000000;0.582735;0.102911;,
  -0.000000;0.562272;0.106211;,
  0.051142;0.645655;0.096651;,
  0.000000;0.680476;0.110435;,
  0.000000;0.645904;0.101405;,
  0.059345;0.683118;0.106149;,
  0.109027;0.545539;0.070015;,
  0.050162;0.548674;0.107315;,
  0.110420;0.534819;0.011653;,
  0.050019;0.603292;0.093583;,
  0.084192;0.646910;0.075297;,
  0.097358;0.655969;0.053430;,
  0.084287;0.627035;-0.010535;,
  0.090748;0.670101;-0.005450;,
  0.092807;0.616692;0.049389;,
  0.052827;0.675892;-0.044273;,
  0.052058;0.628029;-0.045122;,
  -0.000000;0.676253;-0.051789;,
  -0.000000;0.629812;-0.053065;,
  0.135377;0.787724;0.002418;,
  0.186148;0.790696;0.007366;,
  0.117821;0.725456;0.007797;,
  0.233584;0.718736;0.013176;,
  0.178367;0.718480;0.007364;,
  0.239510;0.779887;0.013313;,
  0.121887;0.722080;0.077821;,
  0.178367;0.718480;0.007364;,
  0.172925;0.719078;0.089361;,
  0.224694;0.719077;0.085649;,
  0.233584;0.718736;0.013176;,
  0.128129;0.736153;0.088889;,
  0.180289;0.791238;0.089379;,
  0.129848;0.788343;0.082639;,
  0.230827;0.779776;0.085824;,
  0.134315;0.799416;0.038650;,
  0.265117;0.781298;0.007586;,
  0.346062;0.711463;0.009309;,
  0.261908;0.710944;0.008758;,
  0.346267;0.764666;0.008226;,
  0.360657;0.717525;0.015407;,
  0.371907;0.750153;0.014748;,
  0.261908;0.710944;0.008758;,
  0.344269;0.722111;0.079448;,
  0.258374;0.711545;0.089523;,
  0.346062;0.711463;0.009309;,
  0.362814;0.717883;0.067845;,
  0.360657;0.717525;0.015407;,
  0.343724;0.765105;0.077940;,
  0.261241;0.781595;0.088664;,
  0.372425;0.750680;0.064512;,
  0.097182;0.802119;0.070422;,
  0.102005;0.811726;0.037434;,
  0.066263;0.799449;0.066845;,
  0.065727;0.803581;0.037941;,
  0.100102;0.690025;0.087438;,
  0.045035;0.809352;0.043434;,
  0.095947;0.795743;0.006901;,
  0.079986;0.764104;-0.002131;,
  0.066419;0.784617;0.007153;,
  0.104469;0.762203;-0.000531;,
  0.104217;0.734919;0.094398;,
  0.059641;0.721863;0.111474;,
  0.105051;0.738006;0.092594;,
  -0.000000;0.716571;0.113880;,
  0.000000;0.777503;0.100157;,
  0.079249;0.780433;0.099038;,
  0.105051;0.738006;0.092594;,
  0.107045;0.716094;0.027649;,
  0.107198;0.726954;0.075322;,
  0.117821;0.725456;0.007797;,
  0.105815;0.697211;0.047127;,
  0.102971;0.700013;0.014426;,
  0.098031;0.731102;-0.007103;,
  0.107334;0.694449;0.066031;,
  0.099197;0.533280;-0.022370;,
  0.065727;0.803581;0.037941;,
  0.000000;0.775397;0.002354;,
  -0.000000;0.581931;-0.052749;,
  0.000002;0.532806;-0.059443;,
  0.000002;0.548690;0.107338;,
  0.000000;0.602477;0.098230;,
  0.045035;0.809352;0.043434;,
  0.065727;0.803581;0.037941;,
  0.107198;0.726954;0.075322;,
  -0.000000;0.808655;0.086232;,
  0.107180;0.717021;0.043463;,
  0.107045;0.716094;0.027649;,
  0.098031;0.731102;-0.007103;,
  0.107180;0.717021;0.043463;,
  -0.034275;0.774573;0.002824;,
  -0.066419;0.784617;0.007153;,
  -0.031973;0.797020;0.024880;,
  -0.079986;0.764104;-0.002131;,
  -0.098074;0.731006;-0.007103;,
  -0.052681;0.712932;-0.037218;,
  -0.099134;0.706344;-0.001588;,
  -0.042433;0.747438;-0.021900;,
  -0.033020;0.810041;0.078767;,
  -0.079249;0.780433;0.099038;,
  -0.047456;0.781273;0.106234;,
  -0.066263;0.799449;0.066845;,
  -0.103311;0.566463;0.056805;,
  -0.051859;0.585117;0.100524;,
  -0.092185;0.589294;0.053839;,
  -0.058264;0.566642;0.103558;,
  -0.087982;0.588983;-0.011604;,
  -0.102576;0.554271;0.007046;,
  -0.054685;0.583368;-0.048022;,
  -0.087099;0.533324;-0.029773;,
  -0.049678;0.534213;-0.052647;,
  0.000000;0.582735;0.102911;,
  -0.000000;0.562272;0.106211;,
  -0.051142;0.645655;0.096651;,
  0.000000;0.680476;0.110435;,
  -0.059345;0.683118;0.106149;,
  0.000000;0.645904;0.101405;,
  -0.109022;0.545539;0.070015;,
  -0.050159;0.548674;0.107315;,
  -0.110414;0.534819;0.011653;,
  -0.050019;0.603292;0.093583;,
  -0.084192;0.646910;0.075297;,
  -0.097358;0.655969;0.053430;,
  -0.084287;0.627035;-0.010535;,
  -0.092807;0.616692;0.049389;,
  -0.090748;0.670101;-0.005450;,
  -0.052827;0.675892;-0.044273;,
  -0.052058;0.628029;-0.045122;,
  -0.135377;0.787724;0.002418;,
  -0.117821;0.725456;0.007797;,
  -0.186149;0.790696;0.007366;,
  -0.233584;0.718736;0.013176;,
  -0.239510;0.779887;0.013313;,
  -0.178367;0.718480;0.007364;,
  -0.121887;0.722080;0.077821;,
  -0.172926;0.719078;0.089361;,
  -0.178367;0.718480;0.007364;,
  -0.224694;0.719077;0.085649;,
  -0.233584;0.718736;0.013176;,
  -0.128129;0.736153;0.088889;,
  -0.180289;0.791238;0.089379;,
  -0.129848;0.788343;0.082639;,
  -0.230827;0.779776;0.085824;,
  -0.134315;0.799416;0.038650;,
  -0.265117;0.781298;0.007586;,
  -0.346062;0.711463;0.009309;,
  -0.346267;0.764666;0.008226;,
  -0.261908;0.710944;0.008758;,
  -0.359834;0.716049;0.015852;,
  -0.371474;0.749384;0.015209;,
  -0.261908;0.710944;0.008758;,
  -0.344269;0.722111;0.079448;,
  -0.346062;0.711463;0.009309;,
  -0.258374;0.711545;0.089523;,
  -0.363119;0.721493;0.067096;,
  -0.359834;0.716049;0.015852;,
  -0.343724;0.765105;0.077940;,
  -0.261241;0.781595;0.088664;,
  -0.371947;0.749897;0.063839;,
  -0.097182;0.802119;0.070422;,
  -0.102005;0.811726;0.037434;,
  -0.066263;0.799449;0.066845;,
  -0.065727;0.803581;0.037941;,
  -0.100102;0.690025;0.087438;,
  -0.045035;0.809352;0.043434;,
  -0.095947;0.795742;0.006901;,
  -0.079986;0.764104;-0.002131;,
  -0.104469;0.762203;-0.000531;,
  -0.066419;0.784617;0.007153;,
  -0.104217;0.734919;0.094398;,
  -0.105051;0.738006;0.092594;,
  -0.059641;0.721863;0.111474;,
  -0.000000;0.716571;0.113880;,
  0.000000;0.777503;0.100157;,
  -0.079249;0.780433;0.099038;,
  -0.105051;0.738006;0.092594;,
  -0.107110;0.716094;0.027649;,
  -0.117821;0.725456;0.007797;,
  -0.110043;0.719339;0.075322;,
  -0.105684;0.697211;0.047127;,
  -0.103150;0.700013;0.014426;,
  -0.098074;0.731006;-0.007103;,
  -0.107332;0.694449;0.066031;,
  -0.099191;0.533280;-0.022369;,
  -0.065727;0.803581;0.037941;,
  0.000002;0.548690;0.107338;,
  0.000000;0.602477;0.098230;,
  -0.045035;0.809352;0.043434;,
  -0.065727;0.803581;0.037941;,
  -0.110043;0.719339;0.075322;,
  -0.000000;0.808655;0.086232;,
  -0.109028;0.715581;0.043463;,
  -0.107110;0.716094;0.027649;,
  -0.098074;0.731006;-0.007103;,
  -0.107110;0.716094;0.027649;,
  -0.109028;0.715581;0.043463;,
  -0.110043;0.719339;0.075322;,
  -0.363119;0.721493;0.067096;,
  -0.371474;0.749384;0.015209;,
  -0.359834;0.716049;0.015852;,
  -0.371947;0.749897;0.063839;,
  0.371907;0.750153;0.014748;,
  0.362814;0.717883;0.067845;,
  0.360657;0.717525;0.015407;,
  0.372425;0.750680;0.064512;,
  -0.089894;0.533956;0.077582;,
  0.000003;0.538355;0.100856;,
  -0.043795;0.538437;0.100879;,
  -0.094071;0.525833;0.016140;,
  -0.070669;0.525155;-0.026117;,
  -0.041746;0.525252;-0.043621;,
  0.000003;0.523812;-0.050474;,
  0.000003;0.538355;0.100856;,
  0.089900;0.533956;0.077582;,
  0.043800;0.538437;0.100879;,
  0.094077;0.525833;0.016140;,
  0.070675;0.525155;-0.026117;,
  0.041751;0.525252;-0.043621;,
  0.033020;0.810041;0.078767;,
  0.053610;0.819121;0.040967;,
  0.031335;0.821111;0.079699;,
  0.045035;0.809352;0.043434;,
  0.000000;0.808655;0.086232;,
  0.000000;0.823528;0.088426;,
  0.044479;0.797899;-0.003713;,
  0.045035;0.809352;0.043434;,
  0.031973;0.797020;0.024880;,
  0.053610;0.819121;0.040967;,
  0.000000;0.775397;0.002354;,
  -0.033020;0.810041;0.078767;,
  -0.054519;0.821511;0.040967;,
  -0.045035;0.809352;0.043434;,
  -0.041815;0.827717;0.075627;,
  0.000000;0.823528;0.088426;,
  0.000000;0.808655;0.086232;,
  -0.049251;0.798185;0.011508;,
  -0.045035;0.809352;0.043434;,
  -0.054519;0.821511;0.040967;,
  -0.031973;0.797021;0.024880;,
  0.029348;0.820115;0.078381;,
  0.042178;0.809502;0.043647;,
  0.030925;0.810147;0.076738;,
  0.050839;0.819605;0.041336;,
  0.030925;0.810147;0.076738;,
  0.000000;0.822529;0.086387;,
  0.029348;0.820115;0.078381;,
  0.000000;0.808849;0.083730;,
  0.042870;0.800723;-0.005760;,
  0.042178;0.809502;0.043647;,
  0.050839;0.819605;0.041336;,
  0.029945;0.797952;0.026269;,
  -0.000000;0.775397;0.002354;,
  -0.030925;0.810147;0.076738;,
  -0.051794;0.822316;0.041336;,
  -0.039828;0.827703;0.074309;,
  -0.042178;0.809502;0.043647;,
  -0.039828;0.827703;0.074309;,
  0.000000;0.808849;0.083730;,
  -0.030925;0.810147;0.076738;,
  0.000000;0.822529;0.086387;,
  -0.047642;0.800269;0.013746;,
  -0.042178;0.809502;0.043647;,
  -0.029945;0.797952;0.026269;,
  -0.051794;0.822316;0.041336;,
  -0.000000;0.775397;0.002354;,
  -0.049251;0.798185;0.011508;,
  -0.051794;0.822316;0.041336;,
  -0.047642;0.800269;0.013746;,
  -0.054519;0.821511;0.040967;,
  -0.051794;0.822316;0.041336;,
  -0.041815;0.827717;0.075627;,
  -0.039828;0.827703;0.074309;,
  -0.054519;0.821511;0.040967;,
  0.000000;0.823528;0.088426;,
  0.000000;0.822529;0.086387;,
  0.029348;0.820115;0.078381;,
  0.000000;0.823528;0.088426;,
  0.031335;0.821111;0.079699;,
  0.000000;0.822529;0.086387;,
  0.050839;0.819605;0.041336;,
  0.053610;0.819121;0.040967;,
  0.050839;0.819605;0.041336;,
  0.044479;0.797899;-0.003713;,
  0.042870;0.800723;-0.005760;,
  0.053610;0.819121;0.040967;,
  -0.000000;0.775397;0.002354;,
  0.000000;0.724211;0.041879;,
  -0.042178;0.809502;0.043647;,
  -0.030925;0.810147;0.076738;,
  0.000000;0.808849;0.083730;,
  0.000000;0.724211;0.041879;,
  0.000000;0.808849;0.083730;,
  0.030925;0.810147;0.076738;,
  0.042178;0.809502;0.043647;,
  0.000000;0.724211;0.041879;,
  0.042178;0.809502;0.043647;,
  0.029945;0.797952;0.026269;,
  -0.000000;0.775397;0.002354;,
  0.000000;0.724211;0.041879;,
  -0.029945;0.797952;0.026269;,
  -0.042178;0.809502;0.043647;;
  404;
  3;0,1,2;,
  3;1,0,3;,
  3;4,5,6;,
  3;5,4,7;,
  3;8,9,10;,
  3;9,8,11;,
  3;12,13,14;,
  3;13,12,15;,
  3;16,12,17;,
  3;12,16,15;,
  3;18,19,20;,
  3;19,18,16;,
  3;6,21,22;,
  3;21,6,5;,
  3;14,23,24;,
  3;23,14,13;,
  3;25,26,27;,
  3;26,25,28;,
  3;14,29,12;,
  3;29,14,30;,
  3;12,31,17;,
  3;31,12,29;,
  3;32,33,25;,
  3;34,35,36;,
  3;35,34,37;,
  3;35,38,36;,
  3;38,35,39;,
  3;40,39,41;,
  3;39,40,38;,
  3;42,43,44;,
  3;43,45,46;,
  3;45,43,47;,
  3;48,49,50;,
  3;49,51,50;,
  3;51,49,52;,
  3;53,54,55;,
  3;53,50,54;,
  3;53,48,50;,
  3;50,56,54;,
  3;56,50,51;,
  3;57,54,43;,
  3;54,47,43;,
  3;47,54,56;,
  3;58,59,60;,
  3;59,58,61;,
  3;61,62,59;,
  3;62,61,63;,
  3;64,65,66;,
  3;65,64,67;,
  3;67,68,65;,
  3;68,67,69;,
  3;66,70,71;,
  3;70,66,65;,
  3;65,72,70;,
  3;72,65,68;,
  3;71,61,58;,
  3;61,71,70;,
  3;70,63,61;,
  3;63,70,72;,
  3;56,58,47;,
  3;58,56,71;,
  3;47,60,45;,
  3;60,47,58;,
  3;51,64,66;,
  3;64,51,52;,
  3;66,56,51;,
  3;56,66,71;,
  3;73,57,74;,
  3;57,73,55;,
  3;74,75,73;,
  3;75,74,76;,
  3;33,28,25;,
  3;28,33,77;,
  3;10,78,8;,
  3;79,80,81;,
  3;80,79,82;,
  3;42,82,79;,
  3;83,11,84;,
  3;83,9,11;,
  3;83,85,9;,
  3;86,11,87;,
  3;11,86,84;,
  3;73,75,88;,
  3;55,89,53;,
  3;55,88,89;,
  3;55,73,88;,
  3;90,48,91;,
  3;48,90,92;,
  3;36,93,34;,
  3;93,36,94;,
  3;95,92,90;,
  3;7,94,36;,
  3;93,96,34;,
  3;16,97,19;,
  3;97,16,17;,
  3;17,31,97;,
  3;78,10,98;,
  3;1,22,99;,
  3;20,100,18;,
  3;100,20,101;,
  3;24,30,14;,
  3;30,24,102;,
  3;49,48,92;,
  3;44,43,46;,
  3;39,16,18;,
  3;16,39,35;,
  3;35,15,16;,
  3;15,35,37;,
  3;15,32,13;,
  3;32,15,37;,
  3;13,103,23;,
  3;103,13,32;,
  3;104,105,2;,
  3;2,105,0;,
  3;81,74,79;,
  3;74,81,76;,
  3;79,57,42;,
  3;57,79,74;,
  3;57,43,42;,
  3;54,57,55;,
  3;37,34,33;,
  3;83,106,85;,
  3;34,77,33;,
  3;77,34,96;,
  3;33,32,37;,
  3;107,11,8;,
  3;28,86,26;,
  3;86,28,84;,
  3;84,77,83;,
  3;77,84,28;,
  3;77,106,83;,
  3;106,77,96;,
  3;106,93,108;,
  3;93,106,96;,
  3;108,94,109;,
  3;94,108,93;,
  3;7,109,94;,
  3;109,7,4;,
  3;5,40,21;,
  3;40,5,38;,
  3;38,7,36;,
  3;7,38,5;,
  3;6,3,4;,
  3;3,6,1;,
  3;110,82,44;,
  3;82,110,80;,
  3;82,42,44;,
  3;53,91,48;,
  3;91,53,89;,
  3;6,22,1;,
  3;27,32,25;,
  3;32,27,103;,
  3;107,87,11;,
  3;18,41,39;,
  3;41,18,100;,
  3;90,91,111;,
  3;112,113,114;,
  3;113,112,115;,
  3;116,117,118;,
  3;117,116,119;,
  3;120,121,122;,
  3;121,120,123;,
  3;124,125,126;,
  3;125,124,127;,
  3;128,124,126;,
  3;124,128,129;,
  3;130,131,128;,
  3;131,130,132;,
  3;119,21,117;,
  3;21,119,22;,
  3;127,133,125;,
  3;133,127,134;,
  3;135,136,137;,
  3;136,135,138;,
  3;127,139,140;,
  3;139,127,124;,
  3;124,141,139;,
  3;141,124,129;,
  3;142,135,143;,
  3;144,145,146;,
  3;145,144,147;,
  3;145,148,149;,
  3;148,145,147;,
  3;40,149,148;,
  3;149,40,41;,
  3;150,151,152;,
  3;152,153,154;,
  3;153,152,155;,
  3;156,157,158;,
  3;158,159,160;,
  3;159,158,157;,
  3;161,157,156;,
  3;161,162,157;,
  3;161,163,162;,
  3;157,164,159;,
  3;164,157,162;,
  3;165,152,162;,
  3;162,154,164;,
  3;154,162,152;,
  3;166,167,168;,
  3;167,166,169;,
  3;168,170,171;,
  3;170,168,167;,
  3;172,173,174;,
  3;173,172,175;,
  3;174,176,177;,
  3;176,174,173;,
  3;175,178,173;,
  3;178,175,179;,
  3;173,180,176;,
  3;180,173,178;,
  3;179,168,178;,
  3;168,179,166;,
  3;178,171,180;,
  3;171,178,168;,
  3;164,166,179;,
  3;166,164,154;,
  3;154,169,166;,
  3;169,154,153;,
  3;159,172,160;,
  3;172,159,175;,
  3;175,164,179;,
  3;164,175,159;,
  3;181,165,163;,
  3;165,181,182;,
  3;182,183,184;,
  3;183,182,181;,
  3;143,137,185;,
  3;137,143,135;,
  3;123,120,186;,
  3;187,188,189;,
  3;188,187,190;,
  3;150,187,189;,
  3;191,121,192;,
  3;191,122,121;,
  3;191,193,122;,
  3;194,122,193;,
  3;122,194,195;,
  3;181,196,183;,
  3;163,196,181;,
  3;163,197,196;,
  3;163,161,197;,
  3;198,156,199;,
  3;156,198,200;,
  3;147,201,202;,
  3;201,147,144;,
  3;203,198,199;,
  3;118,147,202;,
  3;201,144,204;,
  3;129,131,205;,
  3;131,129,128;,
  3;129,205,141;,
  3;186,206,123;,
  3;112,99,22;,
  3;132,100,101;,
  3;100,132,130;,
  3;134,140,207;,
  3;140,134,127;,
  3;158,199,156;,
  3;151,155,152;,
  3;149,128,145;,
  3;128,149,130;,
  3;145,126,146;,
  3;126,145,128;,
  3;126,142,146;,
  3;142,126,125;,
  3;125,208,142;,
  3;208,125,133;,
  3;209,114,210;,
  3;114,113,210;,
  3;190,182,184;,
  3;182,190,187;,
  3;187,165,182;,
  3;165,187,150;,
  3;165,150,152;,
  3;162,163,165;,
  3;146,143,144;,
  3;191,192,211;,
  3;144,185,204;,
  3;185,144,143;,
  3;143,146,142;,
  3;212,120,122;,
  3;137,194,193;,
  3;194,137,136;,
  3;193,185,137;,
  3;185,193,191;,
  3;185,211,204;,
  3;211,185,191;,
  3;211,201,204;,
  3;201,211,213;,
  3;213,202,201;,
  3;202,213,214;,
  3;118,214,116;,
  3;214,118,202;,
  3;117,40,148;,
  3;40,117,21;,
  3;148,118,117;,
  3;118,148,147;,
  3;119,115,112;,
  3;115,119,116;,
  3;215,189,188;,
  3;189,215,151;,
  3;189,151,150;,
  3;161,200,197;,
  3;200,161,156;,
  3;22,119,112;,
  3;138,142,208;,
  3;142,138,135;,
  3;212,122,195;,
  3;41,130,149;,
  3;130,41,100;,
  3;216,217,218;,
  3;219,220,221;,
  3;220,219,222;,
  3;223,224,225;,
  3;224,223,226;,
  3;227,228,229;,
  3;230,228,227;,
  3;231,228,230;,
  3;232,228,231;,
  3;233,228,232;,
  3;234,235,236;,
  3;234,237,235;,
  3;234,238,237;,
  3;234,239,238;,
  3;233,239,234;,
  3;240,241,242;,
  3;241,240,243;,
  3;242,244,240;,
  3;244,242,245;,
  3;246,247,248;,
  3;247,246,249;,
  3;248,250,246;,
  3;251,252,253;,
  3;252,251,254;,
  3;251,255,254;,
  3;255,251,256;,
  3;257,258,259;,
  3;258,257,260;,
  3;260,257,250;,
  3;1,99,2;,
  3;99,112,114;,
  3;19,97,238;,
  3;131,231,205;,
  3;20,238,239;,
  3;238,20,19;,
  3;97,237,238;,
  3;237,97,31;,
  3;29,236,235;,
  3;236,29,30;,
  3;31,235,237;,
  3;235,31,29;,
  3;131,232,231;,
  3;232,131,132;,
  3;141,231,230;,
  3;231,141,205;,
  3;140,227,229;,
  3;227,140,139;,
  3;139,230,227;,
  3;230,139,141;,
  3;207,229,228;,
  3;229,207,140;,
  3;132,233,232;,
  3;233,132,101;,
  3;101,239,233;,
  3;239,101,20;,
  3;234,30,102;,
  3;30,234,236;,
  3;261,262,263;,
  3;262,261,264;,
  3;265,266,267;,
  3;266,265,268;,
  3;269,270,271;,
  3;270,269,272;,
  3;272,269,273;,
  3;274,275,276;,
  3;275,274,277;,
  3;278,279,280;,
  3;279,278,281;,
  3;282,283,284;,
  3;283,282,285;,
  3;284,286,282;,
  3;287,288,289;,
  3;288,287,290;,
  3;291,292,293;,
  3;292,291,294;,
  3;293,295,296;,
  3;295,293,292;,
  3;297,298,299;,
  3;298,297,300;,
  3;301,299,302;,
  3;299,301,297;,
  3;303,304,305;,
  3;304,303,306;,
  3;305,304,307;,
  3;289,307,287;,
  3;308,309,310;,
  3;308,310,311;,
  3;312,313,314;,
  3;312,314,315;,
  3;316,317,318;,
  3;316,318,319;,
  3;320,321,322;,
  3;319,321,320;;

  MeshNormals {
   323;
   -0.088103;0.646517;-0.757796;,
   0.040277;0.634071;-0.772225;,
   0.011449;0.738344;-0.674327;,
   0.124367;0.386213;-0.913987;,
   0.502865;0.091593;-0.859498;,
   0.375551;0.229032;-0.898057;,
   0.208594;0.492808;-0.844766;,
   0.844420;0.008657;-0.535612;,
   0.236554;0.827903;0.508545;,
   0.237781;0.454846;0.858240;,
   0.107182;0.934997;0.338071;,
   0.149816;0.456613;0.876961;,
   0.886860;0.365636;0.282470;,
   0.364331;0.274686;0.889837;,
   0.424451;0.278580;0.861531;,
   0.898535;0.282386;0.335995;,
   0.874523;0.169592;-0.454366;,
   0.919021;0.316683;-0.234759;,
   0.428703;0.096075;-0.898323;,
   0.614793;-0.380896;-0.690614;,
   0.344314;-0.352711;-0.870082;,
   -0.000000;0.323353;-0.946278;,
   -0.000000;0.594823;-0.803857;,
   -0.000000;0.229128;0.973396;,
   -0.000001;0.156797;0.987631;,
   0.302011;-0.197496;0.932622;,
   -0.000000;-0.189218;0.981935;,
   -0.000000;-0.167890;0.985806;,
   0.277033;-0.231484;0.932560;,
   0.846942;-0.241384;0.473734;,
   0.272681;-0.133651;0.952776;,
   0.913111;-0.392960;-0.108675;,
   0.415284;0.075877;0.906522;,
   0.723911;-0.288344;0.626746;,
   0.966627;-0.234424;0.103334;,
   0.896213;-0.000313;-0.443624;,
   0.876627;-0.085984;-0.473426;,
   0.968150;-0.054591;0.244347;,
   0.437040;0.058700;-0.897524;,
   0.451040;0.033928;-0.891859;,
   -0.000000;0.097813;-0.995205;,
   0.000000;0.026215;-0.999656;,
   0.108181;0.497639;-0.860612;,
   0.160096;0.691178;-0.704729;,
   0.107015;-0.717656;-0.688127;,
   -0.120963;-0.697528;-0.706274;,
   0.002342;-0.706701;-0.707508;,
   0.016373;0.716296;-0.697604;,
   -0.032480;-0.883858;0.466627;,
   0.002342;-0.706701;-0.707508;,
   -0.028697;-0.684265;0.728668;,
   -0.091238;-0.697496;0.710757;,
   -0.120963;-0.697528;-0.706274;,
   -0.003114;-0.135863;0.990723;,
   0.083536;0.680871;0.727624;,
   0.101121;0.603541;0.790894;,
   0.045912;0.688644;0.723644;,
   0.166104;0.984912;-0.048564;,
   -0.004603;0.707332;-0.706867;,
   0.143268;-0.737559;-0.659910;,
   -0.113416;-0.728319;-0.675787;,
   0.315431;0.653276;-0.688283;,
   0.262436;-0.705565;-0.658259;,
   0.516136;0.567294;-0.641702;,
   -0.113416;-0.728319;-0.675787;,
   0.270470;-0.583251;0.765940;,
   -0.057878;-0.700100;0.711696;,
   0.143268;-0.737559;-0.659910;,
   0.330442;-0.735119;0.591953;,
   0.262436;-0.705565;-0.658259;,
   0.386550;0.647035;0.657210;,
   0.051596;0.714545;0.697685;,
   0.599536;0.604633;0.524381;,
   0.089225;0.845003;0.527265;,
   0.056560;0.993808;-0.095640;,
   0.107182;0.934997;0.338071;,
   -0.029134;0.974953;-0.220494;,
   0.746499;-0.261508;0.611844;,
   0.221654;0.950743;-0.216697;,
   -0.041114;0.677104;-0.734738;,
   0.124367;0.386213;-0.913987;,
   -0.088103;0.646517;-0.757796;,
   0.166496;0.091128;-0.981822;,
   0.682362;-0.048265;0.729419;,
   0.199307;-0.010487;0.979881;,
   0.427176;-0.050324;0.902767;,
   -0.000000;0.009689;0.999953;,
   -0.000000;0.278650;0.960393;,
   0.237781;0.454846;0.858240;,
   0.427176;-0.050324;0.902767;,
   0.783576;-0.610168;-0.117066;,
   0.700087;-0.619706;0.354743;,
   0.107015;-0.717656;-0.688127;,
   0.984864;-0.150324;-0.086292;,
   0.968317;-0.150033;-0.199630;,
   0.502865;0.091593;-0.859498;,
   0.977802;-0.178899;0.109076;,
   0.802564;-0.396499;-0.445735;,
   -0.029134;0.974953;-0.220494;,
   -0.000001;0.715095;-0.699028;,
   -0.000002;0.071023;-0.997475;,
   0.000000;-0.345255;-0.938509;,
   0.000001;-0.204466;0.978874;,
   -0.000000;0.115873;0.993264;,
   0.221654;0.950743;-0.216697;,
   -0.029134;0.974953;-0.220494;,
   0.700087;-0.619706;0.354743;,
   -0.000000;0.561151;0.827714;,
   0.999189;-0.026911;-0.029954;,
   0.783576;-0.610168;-0.117066;,
   0.502865;0.091593;-0.859498;,
   0.999189;-0.026911;-0.029954;,
   -0.040331;0.634006;-0.772276;,
   0.088103;0.646516;-0.757796;,
   -0.011449;0.738343;-0.674328;,
   -0.124494;0.386046;-0.914040;,
   -0.503352;0.091815;-0.859190;,
   -0.375557;0.229043;-0.898051;,
   -0.842763;0.009789;-0.538196;,
   -0.208627;0.492734;-0.844800;,
   -0.236554;0.827903;0.508546;,
   -0.237781;0.454848;0.858239;,
   -0.149816;0.456612;0.876961;,
   -0.107183;0.934997;0.338071;,
   -0.886905;0.365549;0.282443;,
   -0.364331;0.274687;0.889837;,
   -0.898547;0.282361;0.335984;,
   -0.424473;0.278541;0.861532;,
   -0.874534;0.169549;-0.454360;,
   -0.919047;0.316603;-0.234768;,
   -0.428713;0.096055;-0.898320;,
   -0.614802;-0.380956;-0.690572;,
   -0.344305;-0.352738;-0.870075;,
   -0.000000;0.229128;0.973396;,
   -0.000001;0.156797;0.987631;,
   -0.302011;-0.197496;0.932622;,
   -0.000000;-0.189218;0.981935;,
   -0.277032;-0.231484;0.932560;,
   -0.000000;-0.167890;0.985806;,
   -0.846924;-0.241452;0.473730;,
   -0.272672;-0.133693;0.952773;,
   -0.913094;-0.392996;-0.108689;,
   -0.415284;0.075877;0.906522;,
   -0.723915;-0.288340;0.626743;,
   -0.966598;-0.234491;0.103455;,
   -0.896213;-0.000312;-0.443624;,
   -0.968150;-0.054591;0.244347;,
   -0.876533;-0.086131;-0.473573;,
   -0.437040;0.058700;-0.897525;,
   -0.451040;0.033928;-0.891859;,
   -0.108181;0.497639;-0.860612;,
   -0.137538;-0.704828;-0.695917;,
   -0.160096;0.691178;-0.704729;,
   0.120963;-0.697528;-0.706274;,
   -0.016372;0.716296;-0.697605;,
   -0.002342;-0.706701;-0.707508;,
   -0.083876;-0.850191;0.519750;,
   0.028696;-0.684266;0.728668;,
   -0.002342;-0.706701;-0.707508;,
   0.091238;-0.697496;0.710757;,
   0.120963;-0.697528;-0.706274;,
   -0.041035;-0.109343;0.993157;,
   -0.083536;0.680871;0.727624;,
   -0.101121;0.603541;0.790894;,
   -0.045911;0.688644;0.723645;,
   -0.166103;0.984912;-0.048564;,
   0.004603;0.707332;-0.706866;,
   -0.177819;-0.725026;-0.665371;,
   -0.329375;0.649827;-0.685008;,
   0.113416;-0.728319;-0.675787;,
   -0.325799;-0.733587;-0.596410;,
   -0.545709;0.548896;-0.633178;,
   0.113416;-0.728319;-0.675787;,
   -0.282855;-0.592569;0.754225;,
   -0.177819;-0.725026;-0.665371;,
   0.057878;-0.700100;0.711695;,
   -0.397812;-0.674781;0.621623;,
   -0.325799;-0.733587;-0.596410;,
   -0.397352;0.643777;0.653959;,
   -0.051594;0.714545;0.697684;,
   -0.623883;0.591724;0.510522;,
   -0.089226;0.845003;0.527265;,
   -0.056560;0.993808;-0.095639;,
   -0.107183;0.934997;0.338071;,
   0.029134;0.974953;-0.220493;,
   -0.726784;-0.276315;0.628836;,
   -0.221652;0.950744;-0.216695;,
   0.041114;0.677104;-0.734738;,
   -0.124494;0.386046;-0.914040;,
   -0.166525;0.091161;-0.981814;,
   0.088103;0.646516;-0.757796;,
   -0.649751;-0.033785;0.759396;,
   -0.408510;0.000173;0.912754;,
   -0.199307;-0.010487;0.979881;,
   -0.000000;0.009689;0.999953;,
   -0.000000;0.278650;0.960393;,
   -0.237781;0.454848;0.858239;,
   -0.408510;0.000173;0.912754;,
   -0.805641;-0.570595;-0.159261;,
   -0.137538;-0.704828;-0.695917;,
   -0.767584;-0.549451;0.330028;,
   -0.976000;-0.193128;-0.100631;,
   -0.965747;-0.156586;-0.206913;,
   -0.503352;0.091815;-0.859190;,
   -0.966605;-0.226064;0.120709;,
   -0.802571;-0.396534;-0.445690;,
   0.029134;0.974953;-0.220493;,
   0.000001;-0.204466;0.978874;,
   -0.000000;0.115873;0.993264;,
   -0.221652;0.950744;-0.216695;,
   0.029134;0.974953;-0.220493;,
   -0.767584;-0.549451;0.330028;,
   -0.000000;0.561151;0.827714;,
   -0.984399;-0.157735;-0.077965;,
   -0.805641;-0.570595;-0.159261;,
   -0.503352;0.091815;-0.859190;,
   -0.856190;0.509226;-0.087340;,
   -0.856190;0.509225;-0.087340;,
   -0.856190;0.509226;-0.087340;,
   -0.948742;-0.315600;-0.016872;,
   -0.948742;-0.315600;-0.016872;,
   -0.948742;-0.315600;-0.016872;,
   -0.948742;-0.315600;-0.016872;,
   0.952111;-0.304940;-0.022273;,
   0.952111;-0.304940;-0.022273;,
   0.952111;-0.304940;-0.022273;,
   0.952111;-0.304940;-0.022273;,
   -0.323714;-0.826611;0.460351;,
   0.000000;-0.851396;0.524523;,
   -0.097595;-0.811298;0.576430;,
   -0.257051;-0.965187;0.048371;,
   -0.179934;-0.961159;-0.209276;,
   -0.105068;-0.940979;-0.321745;,
   0.000003;-0.935575;-0.353129;,
   0.000000;-0.851396;0.524523;,
   0.323728;-0.826596;0.460369;,
   0.097609;-0.811289;0.576439;,
   0.257056;-0.965185;0.048373;,
   0.179940;-0.961156;-0.209289;,
   0.105074;-0.940976;-0.321752;,
   0.645358;-0.205708;0.735661;,
   0.780303;-0.550023;0.297660;,
   0.567508;-0.186235;0.802029;,
   0.784895;-0.540947;0.302186;,
   -0.011834;-0.074479;0.997152;,
   -0.025777;-0.072891;0.997007;,
   0.537885;-0.824339;0.176478;,
   0.784895;-0.540947;0.302186;,
   0.568812;-0.803354;0.176282;,
   0.780303;-0.550023;0.297660;,
   0.180759;-0.946958;0.265701;,
   -0.538870;-0.220848;0.812924;,
   -0.727274;-0.594036;0.343792;,
   -0.706495;-0.618575;0.343846;,
   -0.697786;-0.334077;0.633630;,
   -0.025777;-0.072891;0.997007;,
   -0.011834;-0.074479;0.997152;,
   -0.476992;-0.806555;0.349210;,
   -0.706495;-0.618575;0.343846;,
   -0.727274;-0.594036;0.343792;,
   -0.448702;-0.821498;0.351863;,
   -0.910281;-0.242589;-0.335467;,
   -0.910267;-0.242585;-0.335510;,
   -0.910263;-0.242591;-0.335517;,
   -0.910259;-0.242596;-0.335524;,
   -0.242115;-0.450855;-0.859133;,
   0.000000;-0.465196;-0.885208;,
   -0.242209;-0.450266;-0.859416;,
   0.000001;-0.464000;-0.885835;,
   -0.769983;0.166313;0.616008;,
   -0.849380;0.030517;0.526899;,
   -0.849360;0.031279;0.526886;,
   -0.784401;0.144209;0.603257;,
   -0.674009;0.286183;0.681037;,
   0.910094;-0.243308;-0.335455;,
   0.910259;-0.242596;-0.335524;,
   0.910244;-0.242592;-0.335566;,
   0.910259;-0.242596;-0.335524;,
   0.242144;-0.450234;-0.859451;,
   0.000001;-0.464000;-0.885835;,
   0.242071;-0.450861;-0.859143;,
   0.000000;-0.465196;-0.885208;,
   0.769993;0.166310;0.615997;,
   0.849359;0.030516;0.526933;,
   0.784305;0.144959;0.603202;,
   0.849393;0.030516;0.526877;,
   0.674009;0.286182;0.681037;,
   0.081140;0.697699;-0.711782;,
   -0.169688;0.929405;-0.327737;,
   -0.017073;0.734057;-0.678874;,
   -0.157728;0.881420;-0.445220;,
   -0.169688;0.929405;-0.327737;,
   -0.044292;0.989314;-0.138908;,
   0.012244;0.988063;-0.153564;,
   -0.157728;0.881420;-0.445220;,
   0.056423;0.938721;-0.340027;,
