xof 0303txt 0032
template ColorRGBA {
 <35ff44e0-6c7c-11cf-8f52-0040333594a3>
 FLOAT red;
 FLOAT green;
 FLOAT blue;
 FLOAT alpha;
}

template ColorRGB {
 <d3e16e81-7835-11cf-8f52-0040333594a3>
 FLOAT red;
 FLOAT green;
 FLOAT blue;
}

template Material {
 <3d82ab4d-62da-11cf-ab39-0020af71e433>
 ColorRGBA faceColor;
 FLOAT power;
 ColorRGB specularColor;
 ColorRGB emissiveColor;
 [...]
}

template TextureFilename {
 <a42790e1-7810-11cf-8f52-0040333594a3>
 STRING filename;
}

template Frame {
 <3d82ab46-62da-11cf-ab39-0020af71e433>
 [...]
}

template Matrix4x4 {
 <f6f23f45-7686-11cf-8f52-0040333594a3>
 array FLOAT matrix[16];
}

template FrameTransformMatrix {
 <f6f23f41-7686-11cf-8f52-0040333594a3>
 Matrix4x4 frameMatrix;
}

template Vector {
 <3d82ab5e-62da-11cf-ab39-0020af71e433>
 FLOAT x;
 FLOAT y;
 FLOAT z;
}

template MeshFace {
 <3d82ab5f-62da-11cf-ab39-0020af71e433>
 DWORD nFaceVertexIndices;
 array DWORD faceVertexIndices[nFaceVertexIndices];
}

template Mesh {
 <3d82ab44-62da-11cf-ab39-0020af71e433>
 DWORD nVertices;
 array Vector vertices[nVertices];
 DWORD nFaces;
 array MeshFace faces[nFaces];
 [...]
}

template MeshNormals {
 <f6f23f43-7686-11cf-8f52-0040333594a3>
 DWORD nNormals;
 array Vector normals[nNormals];
 DWORD nFaceNormals;
 array MeshFace faceNormals[nFaceNormals];
}

template MeshMaterialList {
 <f6f23f42-7686-11cf-8f52-0040333594a3>
 DWORD nMaterials;
 DWORD nFaceIndexes;
 array DWORD faceIndexes[nFaceIndexes];
 [Material <3d82ab4d-62da-11cf-ab39-0020af71e433>]
}

template Coords2d {
 <f6f23f44-7686-11cf-8f52-0040333594a3>
 FLOAT u;
 FLOAT v;
}

template MeshTextureCoords {
 <f6f23f40-7686-11cf-8f52-0040333594a3>
 DWORD nTextureCoords;
 array Coords2d textureCoords[nTextureCoords];
}

template XSkinMeshHeader {
 <3cf169ce-ff7c-44ab-93c0-f78f62d172e2>
 WORD nMaxSkinWeightsPerVertex;
 WORD nMaxSkinWeightsPerFace;
 WORD nBones;
}

template SkinWeights {
 <6f0d123b-bad2-4167-a0d0-80224f25fabb>
 STRING transformNodeName;
 DWORD nWeights;
 array DWORD vertexIndices[nWeights];
 array FLOAT weights[nWeights];
 Matrix4x4 matrixOffset;
}

template AnimTicksPerSecond {
 <9e415a43-7ba6-4a73-8743-b73d47e88476>
 DWORD AnimTicksPerSecond;
}

template Animation {
 <3d82ab4f-62da-11cf-ab39-0020af71e433>
 [...]
}

template AnimationSet {
 <3d82ab50-62da-11cf-ab39-0020af71e433>
 [Animation <3d82ab4f-62da-11cf-ab39-0020af71e433>]
}

template FloatKeys {
 <10dd46a9-775b-11cf-8f52-0040333594a3>
 DWORD nValues;
 array FLOAT values[nValues];
}

template TimedFloatKeys {
 <f406b180-7b3b-11cf-8f52-0040333594a3>
 DWORD time;
 FloatKeys tfkeys;
}

template AnimationKey {
 <10dd46a8-775b-11cf-8f52-0040333594a3>
 DWORD keyType;
 DWORD nKeys;
 array TimedFloatKeys keys[nKeys];
}


Material _21_-_Defaultddd {
 1.000000;1.000000;1.000000;1.000000;;
 9.999999;
 0.000000;0.000000;0.000000;;
 0.000000;0.000000;0.000000;;

 TextureFilename {
  "EarringDiamond.png";
 }
}

Frame Dummy01 {
 

 FrameTransformMatrix {
  1.000000,0.000000,0.000000,0.000000,0.000000,-0.000000,-1.000000,0.000000,0.000000,1.000000,-0.000000,0.000000,0.000000,0.000000,0.000000,1.000000;;
 }

 Frame Bip01 {
  

  FrameTransformMatrix {
   -0.087155,0.982405,-0.165183,0.000000,-0.000001,0.165814,0.986157,0.000000,0.996195,0.085949,-0.014450,0.000000,-0.010000,-0.012284,0.490453,1.000000;;
  }

  Frame Bip01_Pelvis {
   

   FrameTransformMatrix {
    0.000000,1.000000,-0.000001,0.000000,-0.000001,0.000001,1.000000,0.000000,1.000000,0.000000,0.000001,0.000000,0.000000,0.000000,0.000000,1.000000;;
   }

   Frame Bip01_Spine {
    

    FrameTransformMatrix {
     0.984686,0.000002,-0.174337,0.000000,-0.000001,1.000000,0.000004,0.000000,0.174337,-0.000004,0.984686,0.000000,0.051619,0.000000,-0.000083,1.000000;;
    }

    Frame Bip01_Spine1 {
     

     FrameTransformMatrix {
      0.997819,0.052687,0.039774,0.000000,-0.044862,0.983198,-0.176942,0.000000,-0.048428,0.174771,0.983417,0.000000,0.106484,-0.000015,-0.000083,1.000000;;
     }

     Frame Bip01_Neck {
      

      FrameTransformMatrix {
       0.966067,-0.020835,0.257451,0.000000,0.025191,0.999590,-0.013632,0.000000,-0.257061,0.019655,0.966195,0.000000,0.130511,-0.000001,0.004626,1.000000;;
      }

      Frame Bip01_Head {
       

       FrameTransformMatrix {
        0.989321,-0.051753,-0.136255,0.000000,0.064251,0.993958,0.088989,0.000000,0.130826,-0.096793,0.986669,0.000000,0.033674,-0.000000,0.000000,1.000000;;
       }

       Frame Bip01_HeadNub {
        

        FrameTransformMatrix {
         1.000000,-0.000000,-0.000000,0.000000,-0.000000,1.000000,0.000000,0.000000,0.000000,-0.000000,1.000000,0.000000,0.169824,0.000000,-0.000000,1.000000;;
        }
       }
      }

      Frame Bip01_L_Clavicle {
       

       FrameTransformMatrix {
        -0.205975,0.976135,0.068811,0.000000,0.943873,0.216738,-0.249254,0.000000,-0.258220,0.013609,-0.965990,0.000000,-0.024734,0.015166,0.002017,1.000000;;
       }

       Frame Bip01_L_UpperArm {
        

        FrameTransformMatrix {
         0.385871,-0.777669,0.496320,0.000000,0.922466,0.332598,-0.196046,0.000000,-0.012616,0.533487,0.845714,0.000000,0.073469,0.000000,-0.000000,1.000000;;
        }

        Frame Bip01_L_Forearm {
         

         FrameTransformMatrix {
          0.943939,0.000000,-0.330119,0.000000,0.000000,1.000000,-0.000000,0.000000,0.330119,-0.000000,0.943939,0.000000,0.148340,0.000000,-0.000000,1.000000;;
         }

         Frame Bip01_L_Hand {
          

          FrameTransformMatrix {
           1.000000,-0.000000,0.000000,0.000000,0.000000,0.000796,1.000000,0.000000,0.000000,-1.000000,0.000796,0.000000,0.131860,-0.000000,0.000000,1.000000;;
          }

          Frame Bip01_L_Finger0 {
           

           FrameTransformMatrix {
            0.690342,-0.181727,0.700288,0.000000,0.558537,0.749101,-0.356210,0.000000,-0.459853,0.637043,0.618637,0.000000,0.057681,-0.023605,-0.000272,1.000000;;
           }

           Frame Bip01_L_Finger0Nub {
            

            FrameTransformMatrix {
             1.000000,0.000000,0.000000,0.000000,0.000000,1.000000,0.000000,0.000000,-0.000000,0.000000,1.000000,0.000000,0.029435,0.000000,0.000000,1.000000;;
            }
           }
          }

          Frame Bip01_L_Finger1 {
           

           FrameTransformMatrix {
            0.728079,-0.000546,0.685493,0.000000,0.000000,1.000000,0.000796,0.000000,-0.685493,-0.000580,0.728079,0.000000,0.084102,0.000000,0.000000,1.000000;;
           }

           Frame Bip01_L_Finger1Nub {
            

            FrameTransformMatrix {
             1.000000,0.000000,0.000000,0.000000,-0.000000,1.000000,0.000000,0.000000,-0.000000,0.000000,1.000000,0.000000,0.047988,-0.000000,0.000000,1.000000;;
            }
           }
          }
         }
        }
       }
      }

      Frame Bip01_R_Clavicle {
       

       FrameTransformMatrix {
        -0.028509,-0.999573,-0.006461,0.000000,-0.965665,0.025871,0.258498,0.000000,-0.258220,0.013609,-0.965990,0.000000,-0.024080,-0.016250,0.001399,1.000000;;
       }

       Frame Bip01_R_UpperArm {
        

        FrameTransformMatrix {
         0.221390,0.975047,0.016433,0.000000,-0.974986,0.221654,-0.016512,0.000000,-0.019742,-0.012366,0.999728,0.000000,0.073469,0.000000,-0.000000,1.000000;;
        }

        Frame Bip01_R_Forearm {
         

         FrameTransformMatrix {
          0.915660,-0.000000,-0.401954,0.000000,-0.000000,1.000000,-0.000000,0.000000,0.401954,-0.000000,0.915660,0.000000,0.148340,0.000000,-0.000000,1.000000;;
         }

         Frame Bip01_R_Hand {
          

          FrameTransformMatrix {
           0.975195,-0.000000,-0.221346,0.000000,-0.221346,0.000796,-0.975195,0.000000,0.000176,1.000000,0.000777,0.000000,0.131860,0.000000,0.000000,1.000000;;
          }

          Frame Bip01_R_Finger0 {
           

           FrameTransformMatrix {
            0.417774,-0.116941,0.900994,0.000000,-0.558537,0.749101,0.356210,0.000000,-0.716591,-0.652054,0.247639,0.000000,0.057681,0.023605,-0.000272,1.000000;;
           }

           Frame Bip01_R_Finger0Nub {
            

            FrameTransformMatrix {
             -1.000000,0.000000,0.000000,0.000000,0.000000,1.000000,-0.000000,0.000000,0.000000,0.000000,-1.000000,0.000000,0.029435,0.000000,-0.000000,1.000000;;
            }
           }
          }

          Frame Bip01_R_Finger1 {
           

           FrameTransformMatrix {
            0.352436,0.000745,0.935835,0.000000,-0.000000,1.000000,-0.000796,0.000000,-0.935836,0.000281,0.352436,0.000000,0.084102,-0.000000,0.000000,1.000000;;
           }

           Frame Bip01_R_Finger1Nub {
            

            FrameTransformMatrix {
             -1.000000,0.000000,0.000000,0.000000,0.000000,1.000000,-0.000000,0.000000,-0.000000,0.000000,-1.000000,0.000000,0.047988,0.000000,-0.000000,1.000000;;
            }
           }
          }
         }
        }
       }
      }
     }

     Frame Bip01_BackPack {
      

      FrameTransformMatrix {
       0.180560,0.080500,-0.980264,0.000000,0.047560,0.994764,0.090451,0.000000,0.982413,-0.062954,0.175786,0.000000,0.063697,0.000003,-0.088856,1.000000;;
      }

      Frame Bip01_BackPackNub {
       

       FrameTransformMatrix {
        0.000796,0.000003,1.000000,0.000000,0.000000,-1.000000,0.000003,0.000000,1.000000,-0.000000,-0.000796,0.000000,0.053240,0.000000,0.000000,1.000000;;
       }
      }
     }
    }

    Frame Bip01_L_Thigh {
     

     FrameTransformMatrix {
      -0.888504,0.030427,0.457858,0.000000,-0.032107,-0.999476,0.004114,0.000000,0.457744,-0.011045,0.889016,0.000000,-0.050843,0.055225,-0.008917,1.000000;;
     }

     Frame Bip01_L_Calf {
      

      FrameTransformMatrix {
       0.942235,-0.000000,-0.334952,0.000000,-0.000000,1.000000,-0.000000,0.000000,0.334952,-0.000000,0.942235,0.000000,0.237500,0.000000,-0.000000,1.000000;;
      }

      Frame Bip01_L_Foot {
       

       FrameTransformMatrix {
        0.924325,-0.026487,0.380687,0.000000,-0.068962,0.969570,0.234901,0.000000,-0.375325,-0.243378,0.894371,0.000000,0.206841,0.000000,0.000000,1.000000;;
       }

       Frame Bip01_L_Toe0 {
        

        FrameTransformMatrix {
         0.000000,0.000000,1.000000,0.000000,0.000000,1.000000,-0.000000,0.000000,-1.000000,0.000000,0.000000,0.000000,0.065373,0.000000,0.066450,1.000000;;
        }

        Frame Bip01_L_Toe0Nub {
         

         FrameTransformMatrix {
          -1.000000,0.000000,0.000000,0.000000,0.000000,1.000000,0.000000,0.000000,0.000000,0.000000,-1.000000,0.000000,0.006735,-0.000000,0.000000,1.000000;;
         }
        }
       }
      }
     }
    }

    Frame Bip01_R_Thigh {
     

     FrameTransformMatrix {
      -0.996965,0.030321,-0.071704,0.000000,-0.029454,-0.999480,-0.013113,0.000000,-0.072065,-0.010961,0.997340,0.000000,-0.050843,-0.055225,-0.008917,1.000000;;
     }

     Frame Bip01_R_Calf {
      

      FrameTransformMatrix {
       0.730239,0.000000,-0.683192,0.000000,0.000000,1.000000,0.000000,0.000000,0.683192,0.000000,0.730239,0.000000,0.237500,0.000000,0.000000,1.000000;;
      }

      Frame Bip01_R_Foot {
       

       FrameTransformMatrix {
        0.991957,0.087165,-0.091782,0.000000,-0.093276,0.993546,-0.064539,0.000000,0.085565,0.072581,0.993685,0.000000,0.206841,0.000000,0.000000,1.000000;;
       }

       Frame Bip01_R_Toe0 {
        

        FrameTransformMatrix {
         0.000000,0.000000,1.000000,0.000000,0.000000,1.000000,-0.000000,0.000000,-1.000000,0.000000,0.000000,0.000000,0.065373,0.000000,0.066450,1.000000;;
        }

        Frame Bip01_R_Toe0Nub {
         

         FrameTransformMatrix {
          1.000000,0.000000,0.000000,0.000000,0.000000,1.000000,-0.000000,0.000000,-0.000000,-0.000000,1.000000,0.000000,0.006735,-0.000000,0.000000,1.000000;;
         }
        }
       }
      }
     }
    }
   }

   Frame Bip01_DressFront {
    

    FrameTransformMatrix {
     -0.880185,-0.088339,0.466338,0.000000,0.121847,0.907542,0.401896,0.000000,-0.458725,0.410564,-0.788041,0.000000,-0.043935,0.001339,0.061057,1.000000;;
    }

    Frame Bip01_DressFront02 {
     

     FrameTransformMatrix {
      0.912593,0.000001,0.408870,0.000000,-0.000001,1.000000,-0.000000,0.000000,-0.408870,-0.000000,0.912593,0.000000,0.183378,-0.000000,-0.000120,1.000000;;
     }

     Frame Bip01_DressFrontNub {
      

      FrameTransformMatrix {
       0.000796,0.000003,1.000000,0.000000,0.000000,-1.000000,0.000003,0.000000,1.000000,0.000000,-0.000796,0.000000,0.165302,0.000000,0.000000,1.000000;;
      }
     }
    }
   }

   Frame Bip01_DressBack {
    

    FrameTransformMatrix {
     -0.886023,0.038029,0.462080,0.000000,0.191625,0.937561,0.290274,0.000000,-0.422190,0.345735,-0.837988,0.000000,-0.047673,-0.000048,-0.078302,1.000000;;
    }

    Frame Bip01_DressBack02 {
     

     FrameTransformMatrix {
      0.936852,0.174932,-0.302833,0.000000,-0.166408,0.984581,0.053939,0.000000,0.307600,-0.000139,0.951516,0.000000,0.176125,0.000000,-0.000103,1.000000;;
     }

     Frame Bip01_DressBackNub {
      

      FrameTransformMatrix {
       0.000796,0.000003,1.000000,0.000000,0.000000,-1.000000,0.000003,0.000000,1.000000,0.000000,-0.000796,0.000000,0.136508,0.000000,0.000000,1.000000;;
      }
     }
    }
   }
  }

  Frame Bip01_Prop1 {
   

   FrameTransformMatrix {
    -0.233929,-0.108090,0.966227,0.000000,0.687222,0.684611,0.242967,0.000000,-0.687752,0.720849,-0.085868,0.000000,0.072994,-0.055506,-0.134034,1.000000;;
   }
  }

  Frame Bip01_Prop2 {
   

   FrameTransformMatrix {
    -0.163643,-0.967062,0.194966,0.000000,0.985576,-0.168906,-0.010564,0.000000,0.043147,0.190425,0.980753,0.000000,-0.140709,-0.103585,0.102365,1.000000;;
   }
  }
 }
}

Frame Translation_Data {
 

 FrameTransformMatrix {
  1.000000,0.000000,0.000000,0.000000,0.000000,-0.000000,-1.000000,0.000000,0.000000,1.000000,-0.000000,0.000000,0.000000,0.000000,0.000000,1.000000;;
 }
}

Frame F_Necklace_Pearl {
 

 FrameTransformMatrix {
  1.000000,0.000000,0.000000,0.000000,0.000000,1.000000,0.000000,0.000000,0.000000,0.000000,1.000000,0.000000,0.000000,0.000000,0.000000,1.000000;;
 }

 Mesh F_Necklace_Pearl {
  442;
  0.000000;0.762871;-0.007404;,
  -0.005139;0.759965;-0.005477;,
  -0.000000;0.762931;-0.001280;,
  0.000000;0.762871;-0.007404;,
  0.000000;0.756998;-0.009674;,
  0.000000;0.762871;-0.007404;,
  0.005139;0.759965;-0.005477;,
  0.000000;0.762871;-0.007404;,
  -0.000000;0.762931;-0.001280;,
  0.000000;0.755768;-0.002510;,
  0.000000;0.755768;-0.002510;,
  0.000000;0.755768;-0.002510;,
  0.000000;0.755768;-0.002510;,
  0.009485;0.763888;-0.005711;,
  0.004855;0.759869;-0.004963;,
  0.006198;0.765253;-0.000268;,
  0.009485;0.763888;-0.005711;,
  0.011976;0.758483;-0.005410;,
  0.009485;0.763888;-0.005711;,
  0.013319;0.763867;-0.000716;,
  0.009485;0.763888;-0.005711;,
  0.006198;0.765253;-0.000268;,
  0.008688;0.758558;0.001072;,
  0.008688;0.758558;0.001072;,
  0.008688;0.758558;0.001072;,
  0.008688;0.758558;0.001072;,
  0.016368;0.768848;-0.000811;,
  0.012890;0.763847;-0.000776;,
  0.011874;0.769391;0.003813;,
  0.016368;0.768848;-0.000811;,
  0.020064;0.764264;0.000309;,
  0.016368;0.768848;-0.000811;,
  0.019049;0.769808;0.004898;,
  0.016368;0.768848;-0.000811;,
  0.011874;0.769391;0.003813;,
  0.015570;0.763517;0.005972;,
  0.015570;0.763517;0.005972;,
  0.015570;0.763517;0.005972;,
  0.015570;0.763517;0.005972;,
  0.022057;0.775186;0.005135;,
  0.019299;0.769802;0.004918;,
  0.017109;0.775200;0.009265;,
  0.022057;0.775186;0.005135;,
  0.026206;0.771131;0.006748;,
  0.022057;0.775186;0.005135;,
  0.024017;0.776529;0.011094;,
  0.022057;0.775186;0.005135;,
  0.017109;0.775200;0.009265;,
  0.021259;0.769855;0.011917;,
  0.021259;0.769855;0.011917;,
  0.021259;0.769855;0.011917;,
  0.021259;0.769855;0.011917;,
  0.025670;0.780956;0.012180;,
  0.023813;0.775885;0.011071;,
  0.020709;0.780200;0.015030;,
  0.025670;0.780956;0.012180;,
  0.029625;0.777611;0.013747;,
  0.025670;0.780956;0.012180;,
  0.026522;0.781926;0.017705;,
  0.025670;0.780956;0.012180;,
  0.020709;0.780200;0.015030;,
  0.024664;0.775565;0.017636;,
  0.024664;0.775565;0.017636;,
  0.024664;0.775565;0.017636;,
  0.024664;0.775565;0.017636;,
  0.028111;0.786203;0.018552;,
  0.026559;0.781892;0.018036;,
  0.023865;0.785976;0.021218;,
  0.028111;0.786203;0.018552;,
  0.031717;0.783695;0.020088;,
  0.028111;0.786203;0.018552;,
  0.029022;0.787779;0.023271;,
  0.028111;0.786203;0.018552;,
  0.023865;0.785976;0.021218;,
  0.027471;0.782177;0.023794;,
  0.027471;0.782177;0.023794;,
  0.027471;0.782177;0.023794;,
  0.027471;0.782177;0.023794;,
  0.029662;0.790981;0.024528;,
  0.028969;0.787732;0.023533;,
  0.026172;0.790505;0.025894;,
  0.029662;0.790981;0.024528;,
  0.032589;0.789523;0.025718;,
  0.029662;0.790981;0.024528;,
  0.029792;0.792296;0.028079;,
  0.029662;0.790981;0.024528;,
  0.026172;0.790505;0.025894;,
  0.029099;0.787757;0.028123;,
  0.029099;0.787757;0.028123;,
  0.029099;0.787757;0.028123;,
  0.029099;0.787757;0.028123;,
  0.030550;0.795924;0.029317;,
  0.029857;0.792675;0.028322;,
  0.027060;0.795448;0.030684;,
  0.030550;0.795924;0.029317;,
  0.033478;0.794467;0.030507;,
  0.030550;0.795924;0.029317;,
  0.030681;0.797240;0.032868;,
  0.030550;0.795924;0.029317;,
  0.027060;0.795448;0.030684;,
  0.029987;0.792700;0.032913;,
  0.029987;0.792700;0.032913;,
  0.029987;0.792700;0.032913;,
  0.029987;0.792700;0.032913;,
  0.031370;0.800252;0.035051;,
  0.030666;0.797047;0.033397;,
  0.027824;0.799473;0.036067;,
  0.031370;0.800252;0.035051;,
  0.034242;0.798491;0.035891;,
  0.031370;0.800252;0.035051;,
  0.031400;0.800917;0.038561;,
  0.031370;0.800252;0.035051;,
  0.027824;0.799473;0.036067;,
  0.030695;0.796421;0.037947;,
  0.030695;0.796421;0.037947;,
  0.030695;0.796421;0.037947;,
  0.030695;0.796421;0.037947;,
  0.032057;0.803870;0.039877;,
  0.031352;0.800665;0.038224;,
  0.028510;0.803091;0.040894;,
  0.032057;0.803870;0.039877;,
  0.034928;0.802109;0.040718;,
  0.032057;0.803870;0.039877;,
  0.032086;0.804535;0.043388;,
  0.032057;0.803870;0.039877;,
  0.028510;0.803091;0.040894;,
  0.031382;0.800038;0.042774;,
  0.031382;0.800038;0.042774;,
  0.031382;0.800038;0.042774;,
  0.031382;0.800038;0.042774;,
  0.032714;0.806927;0.045469;,
  0.032049;0.804328;0.043193;,
  0.029054;0.805653;0.046413;,
  0.032714;0.806927;0.045469;,
  0.035472;0.804671;0.046236;,
  0.032714;0.806927;0.045469;,
  0.032477;0.805996;0.049456;,
  0.032714;0.806927;0.045469;,
  0.029054;0.805653;0.046413;,
  0.031812;0.802062;0.047181;,
  0.031812;0.802062;0.047181;,
  0.031812;0.802062;0.047181;,
  0.031812;0.802062;0.047181;,
  0.032269;0.807984;0.053062;,
  0.032713;0.806252;0.049673;,
  0.028704;0.806680;0.051872;,
  0.032269;0.807984;0.053062;,
  0.034840;0.805565;0.053684;,
  0.032269;0.807984;0.053062;,
  0.030831;0.805993;0.055883;,
  0.032269;0.807984;0.053062;,
  0.028704;0.806680;0.051872;,
  0.031275;0.802926;0.052494;,
  0.031275;0.802926;0.052494;,
  0.031275;0.802926;0.052494;,
  0.031275;0.802926;0.052494;,
  0.029809;0.807809;0.059331;,
  0.030630;0.806007;0.056080;,
  0.026386;0.806517;0.057759;,
  0.029809;0.807809;0.059331;,
  0.032238;0.805378;0.060335;,
  0.029809;0.807809;0.059331;,
  0.027994;0.805889;0.062015;,
  0.029809;0.807809;0.059331;,
  0.026386;0.806517;0.057759;,
  0.028815;0.802751;0.058763;,
  0.028815;0.802751;0.058763;,
  0.028815;0.802751;0.058763;,
  0.028815;0.802751;0.058763;,
  0.025339;0.807666;0.062976;,
  0.027814;0.805454;0.061433;,
  0.023633;0.806257;0.059712;,
  0.025339;0.807666;0.062976;,
  0.026050;0.805351;0.065672;,
  0.025339;0.807666;0.062976;,
  0.021869;0.806154;0.063951;,
  0.025339;0.807666;0.062976;,
  0.023633;0.806257;0.059712;,
  0.024345;0.802608;0.062408;,
  0.024345;0.802608;0.062408;,
  0.024345;0.802608;0.062408;,
  0.024345;0.802608;0.062408;,
  0.019108;0.807843;0.064719;,
  0.022003;0.805809;0.063555;,
  0.018102;0.806398;0.061205;,
  0.019108;0.807843;0.064719;,
  0.019607;0.805529;0.067463;,
  0.019108;0.807843;0.064719;,
  0.015706;0.806119;0.065113;,
  0.019108;0.807843;0.064719;,
  0.018102;0.806398;0.061205;,
  0.018601;0.802749;0.063949;,
  0.018601;0.802749;0.063949;,
  0.018601;0.802749;0.063949;,
  0.018601;0.802749;0.063949;,
  0.012867;0.808205;0.065801;,
  0.015758;0.806119;0.064787;,
  0.011964;0.806738;0.062275;,
  0.012867;0.808205;0.065801;,
  0.013203;0.805912;0.068597;,
  0.012867;0.808205;0.065801;,
  0.009408;0.806531;0.066085;,
  0.012867;0.808205;0.065801;,
  0.011964;0.806738;0.062275;,
  0.012300;0.803111;0.065072;,
  0.012300;0.803111;0.065072;,
  0.012300;0.803111;0.065072;,
  0.012300;0.803111;0.065072;,
  0.006513;0.808579;0.066848;,
  0.009431;0.806493;0.065913;,
  0.005705;0.807112;0.063300;,
  0.006513;0.808579;0.066848;,
  0.006774;0.806287;0.069653;,
  0.006513;0.808579;0.066848;,
  0.003048;0.806906;0.067041;,
  0.006513;0.808579;0.066848;,
  0.005705;0.807112;0.063300;,
  0.005966;0.803485;0.066105;,
  0.005966;0.803485;0.066105;,
  0.005966;0.803485;0.066105;,
  0.005966;0.803485;0.066105;,
  0.000000;0.808626;0.066929;,
  0.003247;0.806714;0.066929;,
  0.000000;0.806714;0.063682;,
  0.000000;0.808626;0.066929;,
  -0.000000;0.806714;0.070177;,
  0.000000;0.808626;0.066929;,
  -0.003247;0.806714;0.066929;,
  0.000000;0.808626;0.066929;,
  0.000000;0.806714;0.063682;,
  -0.000000;0.803467;0.066929;,
  -0.000000;0.803467;0.066929;,
  -0.000000;0.803467;0.066929;,
  -0.000000;0.803467;0.066929;,
  -0.009485;0.763888;-0.005711;,
  -0.006198;0.765253;-0.000268;,
  -0.004855;0.759869;-0.004963;,
  -0.009485;0.763888;-0.005711;,
  -0.011976;0.758483;-0.005410;,
  -0.009485;0.763888;-0.005711;,
  -0.013319;0.763867;-0.000716;,
  -0.009485;0.763888;-0.005711;,
  -0.006198;0.765253;-0.000268;,
  -0.008688;0.758558;0.001072;,
  -0.008688;0.758558;0.001072;,
  -0.008688;0.758558;0.001072;,
  -0.008688;0.758558;0.001072;,
  -0.016368;0.768848;-0.000811;,
  -0.011874;0.769391;0.003813;,
  -0.012890;0.763847;-0.000776;,
  -0.016368;0.768848;-0.000811;,
  -0.020064;0.764264;0.000309;,
  -0.016368;0.768848;-0.000811;,
  -0.019049;0.769808;0.004898;,
  -0.016368;0.768848;-0.000811;,
  -0.011874;0.769391;0.003813;,
  -0.015570;0.763517;0.005972;,
  -0.015570;0.763517;0.005972;,
  -0.015570;0.763517;0.005972;,
  -0.015570;0.763517;0.005972;,
  -0.022057;0.775186;0.005135;,
  -0.017109;0.775200;0.009265;,
  -0.019299;0.769802;0.004918;,
  -0.022057;0.775186;0.005135;,
  -0.026206;0.771131;0.006748;,
  -0.022057;0.775186;0.005135;,
  -0.024017;0.776529;0.011094;,
  -0.022057;0.775186;0.005135;,
  -0.017109;0.775200;0.009265;,
  -0.021259;0.769855;0.011917;,
  -0.021259;0.769855;0.011917;,
  -0.021259;0.769855;0.011917;,
  -0.021259;0.769855;0.011917;,
  -0.025670;0.780956;0.012180;,
  -0.020709;0.780200;0.015030;,
  -0.023813;0.775885;0.011071;,
  -0.025670;0.780956;0.012180;,
  -0.029625;0.777611;0.013747;,
  -0.025670;0.780956;0.012180;,
  -0.026522;0.781926;0.017705;,
  -0.025670;0.780956;0.012180;,
  -0.020709;0.780200;0.015030;,
  -0.024664;0.775565;0.017636;,
  -0.024664;0.775565;0.017636;,
  -0.024664;0.775565;0.017636;,
  -0.024664;0.775565;0.017636;,
  -0.028111;0.786203;0.018552;,
  -0.023865;0.785976;0.021218;,
  -0.026559;0.781892;0.018036;,
  -0.028111;0.786203;0.018552;,
  -0.031717;0.783695;0.020088;,
  -0.028111;0.786203;0.018552;,
  -0.029022;0.787779;0.023271;,
  -0.028111;0.786203;0.018552;,
  -0.023865;0.785976;0.021218;,
  -0.027471;0.782177;0.023794;,
  -0.027471;0.782177;0.023794;,
  -0.027471;0.782177;0.023794;,
  -0.027471;0.782177;0.023794;,
  -0.029662;0.790981;0.024528;,
  -0.026172;0.790505;0.025894;,
  -0.028969;0.787732;0.023533;,
  -0.029662;0.790981;0.024528;,
  -0.032589;0.789523;0.025718;,
  -0.029662;0.790981;0.024528;,
  -0.029792;0.792296;0.028079;,
  -0.029662;0.790981;0.024528;,
  -0.026172;0.790505;0.025894;,
  -0.029099;0.787757;0.028123;,
  -0.029099;0.787757;0.028123;,
  -0.029099;0.787757;0.028123;,
  -0.029099;0.787757;0.028123;,
  -0.030550;0.795924;0.029317;,
  -0.027060;0.795448;0.030684;,
  -0.029857;0.792675;0.028322;,
  -0.030550;0.795924;0.029317;,
  -0.033478;0.794467;0.030507;,
  -0.030550;0.795924;0.029317;,
  -0.030681;0.797240;0.032868;,
  -0.030550;0.795924;0.029317;,
  -0.027060;0.795448;0.030684;,
  -0.029987;0.792700;0.032913;,
  -0.029987;0.792700;0.032913;,
  -0.029987;0.792700;0.032913;,
  -0.029987;0.792700;0.032913;,
  -0.031370;0.800252;0.035051;,
  -0.027824;0.799473;0.036067;,
  -0.030666;0.797047;0.033397;,
  -0.031370;0.800252;0.035051;,
  -0.034242;0.798491;0.035891;,
  -0.031370;0.800252;0.035051;,
  -0.031400;0.800917;0.038561;,
  -0.031370;0.800252;0.035051;,
  -0.027824;0.799473;0.036067;,
  -0.030695;0.796421;0.037947;,
  -0.030695;0.796421;0.037947;,
  -0.030695;0.796421;0.037947;,
  -0.030695;0.796421;0.037947;,
  -0.032057;0.803870;0.039877;,
  -0.028510;0.803091;0.040894;,
  -0.031352;0.800665;0.038224;,
  -0.032057;0.803870;0.039877;,
  -0.034928;0.802109;0.040718;,
  -0.032057;0.803870;0.039877;,
  -0.032086;0.804535;0.043388;,
  -0.032057;0.803870;0.039877;,
  -0.028510;0.803091;0.040894;,
  -0.031382;0.800038;0.042774;,
  -0.031382;0.800038;0.042774;,
  -0.031382;0.800038;0.042774;,
  -0.031382;0.800038;0.042774;,
  -0.032714;0.806927;0.045469;,
  -0.029054;0.805653;0.046413;,
  -0.032049;0.804328;0.043193;,
  -0.032714;0.806927;0.045469;,
  -0.035472;0.804671;0.046236;,
  -0.032714;0.806927;0.045469;,
  -0.032477;0.805996;0.049456;,
  -0.032714;0.806927;0.045469;,
  -0.029054;0.805653;0.046413;,
  -0.031812;0.802062;0.047181;,
  -0.031812;0.802062;0.047181;,
  -0.031812;0.802062;0.047181;,
  -0.031812;0.802062;0.047181;,
  -0.032269;0.807984;0.053062;,
  -0.028704;0.806680;0.051872;,
  -0.032713;0.806252;0.049673;,
  -0.032269;0.807984;0.053062;,
  -0.034840;0.805565;0.053684;,
  -0.032269;0.807984;0.053062;,
  -0.030831;0.805993;0.055883;,
  -0.032269;0.807984;0.053062;,
  -0.028704;0.806680;0.051872;,
  -0.031275;0.802926;0.052494;,
  -0.031275;0.802926;0.052494;,
  -0.031275;0.802926;0.052494;,
  -0.031275;0.802926;0.052494;,
  -0.029809;0.807809;0.059331;,
  -0.026386;0.806517;0.057759;,
  -0.030630;0.806007;0.056080;,
  -0.029809;0.807809;0.059331;,
  -0.032238;0.805378;0.060335;,
  -0.029809;0.807809;0.059331;,
  -0.027994;0.805889;0.062015;,
  -0.029809;0.807809;0.059331;,
  -0.026386;0.806517;0.057759;,
  -0.028815;0.802751;0.058763;,
  -0.028815;0.802751;0.058763;,
  -0.028815;0.802751;0.058763;,
  -0.028815;0.802751;0.058763;,
  -0.025339;0.807666;0.062976;,
  -0.023633;0.806257;0.059712;,
  -0.027814;0.805454;0.061433;,
  -0.025339;0.807666;0.062976;,
  -0.026050;0.805351;0.065672;,
  -0.025339;0.807666;0.062976;,
  -0.021869;0.806154;0.063951;,
  -0.025339;0.807666;0.062976;,
  -0.023633;0.806257;0.059712;,
  -0.024345;0.802608;0.062408;,
  -0.024345;0.802608;0.062408;,
  -0.024345;0.802608;0.062408;,
  -0.024345;0.802608;0.062408;,
  -0.019108;0.807843;0.064719;,
  -0.018102;0.806398;0.061205;,
  -0.022003;0.805808;0.063555;,
  -0.019108;0.807843;0.064719;,
  -0.019607;0.805529;0.067463;,
  -0.019108;0.807843;0.064719;,
  -0.015706;0.806119;0.065113;,
  -0.019108;0.807843;0.064719;,
  -0.018102;0.806398;0.061205;,
  -0.018601;0.802749;0.063949;,
  -0.018601;0.802749;0.063949;,
  -0.018601;0.802749;0.063949;,
  -0.018601;0.802749;0.063949;,
  -0.012867;0.808205;0.065801;,
  -0.011964;0.806738;0.062275;,
  -0.015758;0.806119;0.064787;,
  -0.012867;0.808205;0.065801;,
  -0.013203;0.805912;0.068597;,
  -0.012867;0.808205;0.065801;,
  -0.009408;0.806531;0.066085;,
  -0.012867;0.808205;0.065801;,
  -0.011964;0.806738;0.062275;,
  -0.012300;0.803111;0.065072;,
  -0.012300;0.803111;0.065072;,
  -0.012300;0.803111;0.065072;,
  -0.012300;0.803111;0.065072;,
  -0.006513;0.808579;0.066848;,
  -0.005705;0.807112;0.063300;,
  -0.009431;0.806493;0.065913;,
  -0.006513;0.808579;0.066848;,
  -0.006774;0.806287;0.069653;,
  -0.006513;0.808579;0.066848;,
  -0.003048;0.806906;0.067041;,
  -0.006513;0.808579;0.066848;,
  -0.005705;0.807112;0.063300;,
  -0.005966;0.803485;0.066105;,
  -0.005966;0.803485;0.066105;,
  -0.005966;0.803485;0.066105;,
  -0.005966;0.803485;0.066105;;
  272;
  3;0,1,2;,
  3;3,4,1;,
  3;5,6,4;,
  3;7,8,6;,
  3;9,2,1;,
  3;10,1,4;,
  3;11,4,6;,
  3;12,6,8;,
  3;13,14,15;,
  3;16,17,14;,
  3;18,19,17;,
  3;20,21,19;,
  3;22,15,14;,
  3;23,14,17;,
  3;24,17,19;,
  3;25,19,21;,
  3;26,27,28;,
  3;29,30,27;,
  3;31,32,30;,
  3;33,34,32;,
  3;35,28,27;,
  3;36,27,30;,
  3;37,30,32;,
  3;38,32,34;,
  3;39,40,41;,
  3;42,43,40;,
  3;44,45,43;,
  3;46,47,45;,
  3;48,41,40;,
  3;49,40,43;,
  3;50,43,45;,
  3;51,45,47;,
  3;52,53,54;,
  3;55,56,53;,
  3;57,58,56;,
  3;59,60,58;,
  3;61,54,53;,
  3;62,53,56;,
  3;63,56,58;,
  3;64,58,60;,
  3;65,66,67;,
  3;68,69,66;,
  3;70,71,69;,
  3;72,73,71;,
  3;74,67,66;,
  3;75,66,69;,
  3;76,69,71;,
  3;77,71,73;,
  3;78,79,80;,
  3;81,82,79;,
  3;83,84,82;,
  3;85,86,84;,
  3;87,80,79;,
  3;88,79,82;,
  3;89,82,84;,
  3;90,84,86;,
  3;91,92,93;,
  3;94,95,92;,
  3;96,97,95;,
  3;98,99,97;,
  3;100,93,92;,
  3;101,92,95;,
  3;102,95,97;,
  3;103,97,99;,
  3;104,105,106;,
  3;107,108,105;,
  3;109,110,108;,
  3;111,112,110;,
  3;113,106,105;,
  3;114,105,108;,
  3;115,108,110;,
  3;116,110,112;,
  3;117,118,119;,
  3;120,121,118;,
  3;122,123,121;,
  3;124,125,123;,
  3;126,119,118;,
  3;127,118,121;,
  3;128,121,123;,
  3;129,123,125;,
  3;130,131,132;,
  3;133,134,131;,
  3;135,136,134;,
  3;137,138,136;,
  3;139,132,131;,
  3;140,131,134;,
  3;141,134,136;,
  3;142,136,138;,
  3;143,144,145;,
  3;146,147,144;,
  3;148,149,147;,
  3;150,151,149;,
  3;152,145,144;,
  3;153,144,147;,
  3;154,147,149;,
  3;155,149,151;,
  3;156,157,158;,
  3;159,160,157;,
  3;161,162,160;,
  3;163,164,162;,
  3;165,158,157;,
  3;166,157,160;,
  3;167,160,162;,
  3;168,162,164;,
  3;169,170,171;,
  3;172,173,170;,
  3;174,175,173;,
  3;176,177,175;,
  3;178,171,170;,
  3;179,170,173;,
  3;180,173,175;,
  3;181,175,177;,
  3;182,183,184;,
  3;185,186,183;,
  3;187,188,186;,
  3;189,190,188;,
  3;191,184,183;,
  3;192,183,186;,
  3;193,186,188;,
  3;194,188,190;,
  3;195,196,197;,
  3;198,199,196;,
  3;200,201,199;,
  3;202,203,201;,
  3;204,197,196;,
  3;205,196,199;,
  3;206,199,201;,
  3;207,201,203;,
  3;208,209,210;,
  3;211,212,209;,
  3;213,214,212;,
  3;215,216,214;,
  3;217,210,209;,
  3;218,209,212;,
  3;219,212,214;,
  3;220,214,216;,
  3;221,222,223;,
  3;224,225,222;,
  3;226,227,225;,
  3;228,229,227;,
  3;230,223,222;,
  3;231,222,225;,
  3;232,225,227;,
  3;233,227,229;,
  3;234,235,236;,
  3;237,236,238;,
  3;239,238,240;,
  3;241,240,242;,
  3;243,236,235;,
  3;244,238,236;,
  3;245,240,238;,
  3;246,242,240;,
  3;247,248,249;,
  3;250,249,251;,
  3;252,251,253;,
  3;254,253,255;,
  3;256,249,248;,
  3;257,251,249;,
  3;258,253,251;,
  3;259,255,253;,
  3;260,261,262;,
  3;263,262,264;,
  3;265,264,266;,
  3;267,266,268;,
  3;269,262,261;,
  3;270,264,262;,
  3;271,266,264;,
  3;272,268,266;,
  3;273,274,275;,
  3;276,275,277;,
  3;278,277,279;,
  3;280,279,281;,
  3;282,275,274;,
  3;283,277,275;,
  3;284,279,277;,
  3;285,281,279;,
  3;286,287,288;,
  3;289,288,290;,
  3;291,290,292;,
  3;293,292,294;,
  3;295,288,287;,
  3;296,290,288;,
  3;297,292,290;,
  3;298,294,292;,
  3;299,300,301;,
  3;302,301,303;,
  3;304,303,305;,
  3;306,305,307;,
  3;308,301,300;,
  3;309,303,301;,
  3;310,305,303;,
  3;311,307,305;,
  3;312,313,314;,
  3;315,314,316;,
  3;317,316,318;,
  3;319,318,320;,
  3;321,314,313;,
  3;322,316,314;,
  3;323,318,316;,
  3;324,320,318;,
  3;325,326,327;,
  3;328,327,329;,
  3;330,329,331;,
  3;332,331,333;,
  3;334,327,326;,
  3;335,329,327;,
  3;336,331,329;,
  3;337,333,331;,
  3;338,339,340;,
  3;341,340,342;,
  3;343,342,344;,
  3;345,344,346;,
  3;347,340,339;,
  3;348,342,340;,
  3;349,344,342;,
  3;350,346,344;,
  3;351,352,353;,
  3;354,353,355;,
  3;356,355,357;,
  3;358,357,359;,
  3;360,353,352;,
  3;361,355,353;,
  3;362,357,355;,
  3;363,359,357;,
  3;364,365,366;,
  3;367,366,368;,
  3;369,368,370;,
  3;371,370,372;,
  3;373,366,365;,
  3;374,368,366;,
  3;375,370,368;,
  3;376,372,370;,
  3;377,378,379;,
  3;380,379,381;,
  3;382,381,383;,
  3;384,383,385;,
  3;386,379,378;,
  3;387,381,379;,
  3;388,383,381;,
  3;389,385,383;,
  3;390,391,392;,
  3;393,392,394;,
  3;395,394,396;,
  3;397,396,398;,
  3;399,392,391;,
  3;400,394,392;,
  3;401,396,394;,
  3;402,398,396;,
  3;403,404,405;,
  3;406,405,407;,
  3;408,407,409;,
  3;410,409,411;,
  3;412,405,404;,
  3;413,407,405;,
  3;414,409,407;,
  3;415,411,409;,
  3;416,417,418;,
  3;419,418,420;,
  3;421,420,422;,
  3;423,422,424;,
  3;425,418,417;,
  3;426,420,418;,
  3;427,422,420;,
  3;428,424,422;,
  3;429,430,431;,
  3;432,431,433;,
  3;434,433,435;,
  3;436,435,437;,
  3;438,431,430;,
  3;439,433,431;,
  3;440,435,433;,
  3;441,437,435;;

  MeshNormals {
   442;
   0.000000;0.823748;-0.566956;,
   -0.997346;0.058210;-0.043733;,
   0.000000;0.632331;0.774698;,
   0.000000;0.823748;-0.566956;,
   0.000000;-0.513287;-0.858217;,
   0.000000;0.823748;-0.566956;,
   0.997346;0.058210;-0.043733;,
   0.000000;0.823748;-0.566956;,
   0.000000;0.632331;0.774698;,
   0.000000;-0.816586;0.577224;,
   0.000000;-0.816586;0.577224;,
   0.000000;-0.816586;0.577224;,
   0.000000;-0.816586;0.577224;,
   0.092754;0.613846;-0.783958;,
   -0.819956;-0.339133;-0.461152;,
   -0.552723;0.709761;0.436734;,
   0.092754;0.613846;-0.783958;,
   0.567046;-0.618625;-0.543839;,
   0.092754;0.613846;-0.783958;,
   0.823155;0.439746;0.359220;,
   0.092754;0.613846;-0.783958;,
   -0.552723;0.709761;0.436734;,
   -0.077590;-0.644167;0.760939;,
   -0.077590;-0.644167;0.760939;,
   -0.077590;-0.644167;0.760939;,
   -0.077590;-0.644167;0.760939;,
   0.092766;0.613820;-0.783977;,
   -0.597752;-0.533590;-0.598309;,
   -0.785976;0.551082;0.280268;,
   0.092766;0.613820;-0.783977;,
   0.802379;-0.456396;-0.384566;,
   0.092766;0.613820;-0.783977;,
   0.598854;0.630673;0.493584;,
   0.092766;0.613820;-0.783977;,
   -0.785976;0.551082;0.280268;,
   -0.077593;-0.644168;0.760939;,
   -0.077593;-0.644168;0.760939;,
   -0.077593;-0.644168;0.760939;,
   -0.077593;-0.644168;0.760939;,
   0.092784;0.613817;-0.783977;,
   -0.457989;-0.610057;-0.646589;,
   -0.874110;0.448717;0.185969;,
   0.092784;0.613817;-0.783977;,
   0.890360;-0.351927;-0.288801;,
   0.092784;0.613817;-0.783977;,
   0.459231;0.705037;0.540397;,
   0.092784;0.613817;-0.783977;,
   -0.874110;0.448717;0.185969;,
   -0.077592;-0.644170;0.760936;,
   -0.077592;-0.644170;0.760936;,
   -0.077592;-0.644170;0.760936;,
   -0.077592;-0.644170;0.760936;,
   0.130488;0.696564;-0.705529;,
   -0.284596;-0.586653;-0.758184;,
   -0.937604;0.339080;0.076965;,
   0.130488;0.696564;-0.705529;,
   0.957190;-0.222756;-0.184845;,
   0.130488;0.696564;-0.705529;,
   0.292624;0.703214;0.647967;,
   0.130488;0.696564;-0.705529;,
   -0.937604;0.339080;0.076965;,
   -0.107333;-0.712908;0.692995;,
   -0.107333;-0.712908;0.692995;,
   -0.107333;-0.712908;0.692995;,
   -0.107333;-0.712908;0.692995;,
   0.096164;0.606972;-0.788884;,
   -0.296623;-0.657278;-0.692820;,
   -0.936914;0.343686;0.063820;,
   0.096164;0.606972;-0.788884;,
   0.956470;-0.217001;-0.195131;,
   0.096164;0.606972;-0.788884;,
   0.300136;0.776455;0.554108;,
   0.096164;0.606972;-0.788884;,
   -0.936914;0.343686;0.063820;,
   -0.077593;-0.644166;0.760940;,
   -0.077593;-0.644166;0.760940;,
   -0.077593;-0.644166;0.760940;,
   -0.077593;-0.644166;0.760940;,
   0.111682;0.667783;-0.735930;,
   -0.121160;-0.617322;-0.777325;,
   -0.967679;0.244200;-0.062952;,
   0.111682;0.667783;-0.735930;,
   0.992223;-0.065753;-0.105692;,
   0.111682;0.667783;-0.735930;,
   0.132659;0.788647;0.600365;,
   0.111682;0.667783;-0.735930;,
   -0.967679;0.244200;-0.062952;,
   -0.086694;-0.695150;0.713618;,
   -0.086694;-0.695150;0.713618;,
   -0.086694;-0.695150;0.713618;,
   -0.086694;-0.695150;0.713618;,
   0.111680;0.667777;-0.735935;,
   -0.121161;-0.617327;-0.777321;,
   -0.967681;0.244193;-0.062953;,
   0.111680;0.667777;-0.735935;,
   0.992222;-0.065760;-0.105691;,
   0.111680;0.667777;-0.735935;,
   0.132658;0.788653;0.600357;,
   0.111680;0.667777;-0.735935;,
   -0.967681;0.244193;-0.062953;,
   -0.086695;-0.695142;0.713625;,
   -0.086695;-0.695142;0.713625;,
   -0.086695;-0.695142;0.713625;,
   -0.086695;-0.695142;0.713625;,
   0.133949;0.789872;-0.598465;,
   -0.103610;-0.490289;-0.865380;,
   -0.966059;0.252635;-0.053907;,
   0.133949;0.789872;-0.598465;,
   0.993314;-0.059362;-0.099011;,
   0.133949;0.789872;-0.598465;,
   0.119990;0.688261;0.715471;,
   0.133949;0.789872;-0.598465;,
   -0.966059;0.252635;-0.053907;,
   -0.103973;-0.788696;0.605928;,
   -0.103973;-0.788696;0.605928;,
   -0.103973;-0.788696;0.605928;,
   -0.103973;-0.788696;0.605928;,
   0.133949;0.789872;-0.598465;,
   -0.103610;-0.490289;-0.865379;,
   -0.966059;0.252634;-0.053907;,
   0.133949;0.789872;-0.598465;,
   0.993314;-0.059362;-0.099010;,
   0.133949;0.789872;-0.598465;,
   0.119990;0.688261;0.715471;,
   0.133949;0.789872;-0.598465;,
   -0.966059;0.252634;-0.053907;,
   -0.103973;-0.788696;0.605928;,
   -0.103973;-0.788696;0.605928;,
   -0.103973;-0.788696;0.605928;,
   -0.103973;-0.788696;0.605928;,
   0.171991;0.929499;-0.326268;,
   -0.062756;-0.185547;-0.980629;,
   -0.968186;0.250041;0.009769;,
   0.171991;0.929499;-0.326268;,
   0.996836;-0.070169;-0.037338;,
   0.171991;0.929499;-0.326268;,
   0.074960;0.358988;0.930327;,
   0.171991;0.929499;-0.326268;,
   -0.968186;0.250041;0.009769;,
   -0.138781;-0.954591;0.263621;,
   -0.138781;-0.954591;0.263621;,
   -0.138781;-0.954591;0.263621;,
   -0.138781;-0.954591;0.263621;,
   0.190408;0.975645;0.108911;,
   0.296680;0.137168;-0.945075;,
   -0.922857;0.274980;-0.269670;,
   0.190408;0.975645;0.108911;,
   0.954749;-0.089632;0.283584;,
   0.190408;0.975645;0.108911;,
   -0.281196;0.052386;0.958219;,
   0.190408;0.975645;0.108911;,
   -0.922857;0.274980;-0.269670;,
   -0.153004;-0.984346;-0.087479;,
   -0.153004;-0.984346;-0.087479;,
   -0.153004;-0.984346;-0.087479;,
   -0.153004;-0.984346;-0.087479;,
   0.190401;0.975649;0.108891;,
   0.412164;0.114108;-0.903936;,
   -0.879462;0.278767;-0.385791;,
   0.190401;0.975649;0.108891;,
   0.910936;-0.093622;0.401784;,
   0.190401;0.975649;0.108891;,
   -0.396262;0.075625;0.915018;,
   0.190401;0.975649;0.108891;,
   -0.879462;0.278767;-0.385791;,
   -0.153003;-0.984346;-0.087485;,
   -0.153003;-0.984346;-0.087485;,
   -0.153003;-0.984346;-0.087485;,
   -0.153003;-0.984346;-0.087485;,
   0.190497;0.975630;0.108888;,
   0.923043;-0.020441;-0.384154;,
   -0.358048;0.241419;-0.901953;,
