xof 0303txt 0032
template ColorRGBA {
 <35ff44e0-6c7c-11cf-8f52-0040333594a3>
 FLOAT red;
 FLOAT green;
 FLOAT blue;
 FLOAT alpha;
}

template ColorRGB {
 <d3e16e81-7835-11cf-8f52-0040333594a3>
 FLOAT red;
 FLOAT green;
 FLOAT blue;
}

template Material {
 <3d82ab4d-62da-11cf-ab39-0020af71e433>
 ColorRGBA faceColor;
 FLOAT power;
 ColorRGB specularColor;
 ColorRGB emissiveColor;
 [...]
}

template TextureFilename {
 <a42790e1-7810-11cf-8f52-0040333594a3>
 STRING filename;
}

template Frame {
 <3d82ab46-62da-11cf-ab39-0020af71e433>
 [...]
}

template Matrix4x4 {
 <f6f23f45-7686-11cf-8f52-0040333594a3>
 array FLOAT matrix[16];
}

template FrameTransformMatrix {
 <f6f23f41-7686-11cf-8f52-0040333594a3>
 Matrix4x4 frameMatrix;
}

template Vector {
 <3d82ab5e-62da-11cf-ab39-0020af71e433>
 FLOAT x;
 FLOAT y;
 FLOAT z;
}

template MeshFace {
 <3d82ab5f-62da-11cf-ab39-0020af71e433>
 DWORD nFaceVertexIndices;
 array DWORD faceVertexIndices[nFaceVertexIndices];
}

template Mesh {
 <3d82ab44-62da-11cf-ab39-0020af71e433>
 DWORD nVertices;
 array Vector vertices[nVertices];
 DWORD nFaces;
 array MeshFace faces[nFaces];
 [...]
}

template MeshNormals {
 <f6f23f43-7686-11cf-8f52-0040333594a3>
 DWORD nNormals;
 array Vector normals[nNormals];
 DWORD nFaceNormals;
 array MeshFace faceNormals[nFaceNormals];
}

template MeshMaterialList {
 <f6f23f42-7686-11cf-8f52-0040333594a3>
 DWORD nMaterials;
 DWORD nFaceIndexes;
 array DWORD faceIndexes[nFaceIndexes];
 [Material <3d82ab4d-62da-11cf-ab39-0020af71e433>]
}

template Coords2d {
 <f6f23f44-7686-11cf-8f52-0040333594a3>
 FLOAT u;
 FLOAT v;
}

template MeshTextureCoords {
 <f6f23f40-7686-11cf-8f52-0040333594a3>
 DWORD nTextureCoords;
 array Coords2d textureCoords[nTextureCoords];
}

template XSkinMeshHeader {
 <3cf169ce-ff7c-44ab-93c0-f78f62d172e2>
 WORD nMaxSkinWeightsPerVertex;
 WORD nMaxSkinWeightsPerFace;
 WORD nBones;
}

template SkinWeights {
 <6f0d123b-bad2-4167-a0d0-80224f25fabb>
 STRING transformNodeName;
 DWORD nWeights;
 array DWORD vertexIndices[nWeights];
 array FLOAT weights[nWeights];
 Matrix4x4 matrixOffset;
}

template AnimTicksPerSecond {
 <9e415a43-7ba6-4a73-8743-b73d47e88476>
 DWORD AnimTicksPerSecond;
}

template Animation {
 <3d82ab4f-62da-11cf-ab39-0020af71e433>
 [...]
}

template AnimationSet {
 <3d82ab50-62da-11cf-ab39-0020af71e433>
 [Animation <3d82ab4f-62da-11cf-ab39-0020af71e433>]
}

template FloatKeys {
 <10dd46a9-775b-11cf-8f52-0040333594a3>
 DWORD nValues;
 array FLOAT values[nValues];
}

template TimedFloatKeys {
 <f406b180-7b3b-11cf-8f52-0040333594a3>
 DWORD time;
 FloatKeys tfkeys;
}

template AnimationKey {
 <10dd46a8-775b-11cf-8f52-0040333594a3>
 DWORD keyType;
 DWORD nKeys;
 array TimedFloatKeys keys[nKeys];
}


Material _03_-_Defaultccc {
 1.000000;1.000000;1.000000;1.000000;;
 9.999999;
 0.000000;0.000000;0.000000;;
 0.000000;0.000000;0.000000;;

 TextureFilename {
  "WeddingDress.png";
 }
}

Frame Dummy01 {
 

 FrameTransformMatrix {
  1.000000,0.000000,0.000000,0.000000,0.000000,-0.000000,-1.000000,0.000000,0.000000,1.000000,-0.000000,0.000000,0.000000,0.000000,0.000000,1.000000;;
 }

 Frame Bip01 {
  

  FrameTransformMatrix {
   -0.086823,0.993118,-0.078605,0.000000,0.007596,0.079560,0.996801,0.000000,0.996195,0.085948,-0.014451,0.000000,-0.010000,-0.012284,0.487369,1.000000;;
  }

  Frame Bip01_Pelvis {
   

   FrameTransformMatrix {
    -0.042264,0.984200,0.171942,0.000000,0.027524,-0.170883,0.984907,0.000000,0.998727,0.046358,-0.019867,0.000000,0.000000,0.000000,0.000000,1.000000;;
   }

   Frame Bip01_Spine {
    

    FrameTransformMatrix {
     0.987767,-0.086566,-0.129706,0.000000,0.086190,0.996242,-0.008523,0.000000,0.129957,-0.002760,0.991516,0.000000,0.050807,-0.008823,0.002310,1.000000;;
    }

    Frame Bip01_Spine1 {
     

     FrameTransformMatrix {
      0.988533,-0.132590,0.072259,0.000000,0.142448,0.977605,-0.154911,0.000000,-0.050101,0.163428,0.985282,0.000000,0.106484,-0.000014,-0.000084,1.000000;;
     }

     Frame Bip01_Neck {
      

      FrameTransformMatrix {
       0.917306,0.000001,0.398183,0.000000,-0.000001,1.000000,-0.000000,0.000000,-0.398183,-0.000000,0.917306,0.000000,0.130515,0.000000,0.004627,1.000000;;
      }

      Frame Bip01_Head {
       

       FrameTransformMatrix {
        0.976746,-0.007464,-0.214270,0.000000,0.023983,0.996925,0.074597,0.000000,0.213054,-0.078002,0.973922,0.000000,0.033674,0.000000,-0.000000,1.000000;;
       }

       Frame Bip01_HeadNub {
        

        FrameTransformMatrix {
         1.000000,0.000000,0.000000,0.000000,0.000000,1.000000,-0.000000,0.000000,0.000000,0.000000,1.000000,0.000000,0.169824,0.000000,-0.000000,1.000000;;
        }
       }
      }

      Frame Bip01_L_Clavicle {
       

       FrameTransformMatrix {
        -0.253901,0.960903,0.110451,0.000000,0.881137,0.276885,-0.383317,0.000000,-0.398913,-0.000003,-0.916989,0.000000,-0.023890,0.015715,0.005326,1.000000;;
       }

       Frame Bip01_L_UpperArm {
        

        FrameTransformMatrix {
         0.328221,-0.888363,0.321064,0.000000,0.922887,0.374043,0.091495,0.000000,-0.201373,0.266276,0.942627,0.000000,0.087086,0.000000,0.000000,1.000000;;
        }

        Frame Bip01_L_Forearm {
         

         FrameTransformMatrix {
          0.943939,0.000000,-0.330119,0.000000,-0.000000,1.000000,0.000000,0.000000,0.330119,0.000000,0.943939,0.000000,0.137062,0.000000,0.000000,1.000000;;
         }

         Frame Bip01_L_Hand {
          

          FrameTransformMatrix {
           1.000000,0.000000,-0.000000,0.000000,-0.000000,0.000796,1.000000,0.000000,0.000000,-1.000000,0.000796,0.000000,0.137062,0.000000,-0.000000,1.000000;;
          }

          Frame Bip01_L_Finger0 {
           

           FrameTransformMatrix {
            0.690342,-0.181728,0.700288,0.000000,0.558537,0.749101,-0.356210,0.000000,-0.459853,0.637043,0.618637,0.000000,0.057681,-0.023605,-0.000272,1.000000;;
           }

           Frame Bip01_L_Finger0Nub {
            

            FrameTransformMatrix {
             1.000000,-0.000000,0.000000,0.000000,-0.000000,1.000000,0.000000,0.000000,0.000000,0.000000,1.000000,0.000000,0.029435,-0.000000,0.000000,1.000000;;
            }
           }
          }

          Frame Bip01_L_Finger1 {
           

           FrameTransformMatrix {
            0.728079,-0.000546,0.685493,0.000000,-0.000000,1.000000,0.000796,0.000000,-0.685493,-0.000580,0.728079,0.000000,0.084102,0.000000,0.000000,1.000000;;
           }

           Frame Bip01_L_Finger1Nub {
            

            FrameTransformMatrix {
             1.000000,0.000000,0.000000,0.000000,0.000000,1.000000,0.000000,0.000000,-0.000000,0.000000,1.000000,0.000000,0.047988,0.000000,0.000000,1.000000;;
            }
           }
          }
         }
        }
       }
      }

      Frame Bip01_R_Clavicle {
       

       FrameTransformMatrix {
        -0.126461,-0.990445,0.055016,0.000000,-0.908227,0.137910,0.395101,0.000000,-0.398913,-0.000003,-0.916989,0.000000,-0.023890,-0.015714,0.005326,1.000000;;
       }

       Frame Bip01_R_UpperArm {
        

        FrameTransformMatrix {
         0.344214,0.938788,0.013900,0.000000,-0.909330,0.329655,0.253862,0.000000,0.233741,-0.100022,0.967141,0.000000,0.087086,0.000000,0.000000,1.000000;;
        }

        Frame Bip01_R_Forearm {
         

         FrameTransformMatrix {
          0.971548,-0.000000,-0.236845,0.000000,0.000000,1.000000,-0.000000,0.000000,0.236845,0.000000,0.971547,0.000000,0.137062,0.000000,-0.000000,1.000000;;
         }

         Frame Bip01_R_Hand {
          

          FrameTransformMatrix {
           0.975195,0.000000,-0.221346,0.000000,-0.221346,0.000796,-0.975195,0.000000,0.000176,1.000000,0.000777,0.000000,0.137062,0.000000,-0.000000,1.000000;;
          }

          Frame Bip01_R_Finger0 {
           

           FrameTransformMatrix {
            0.417774,-0.116941,0.900994,0.000000,-0.558537,0.749101,0.356210,0.000000,-0.716591,-0.652054,0.247639,0.000000,0.057681,0.023605,-0.000272,1.000000;;
           }

           Frame Bip01_R_Finger0Nub {
            

            FrameTransformMatrix {
             -1.000000,-0.000000,0.000000,0.000000,-0.000000,1.000000,0.000000,0.000000,0.000000,0.000000,-1.000000,0.000000,0.029435,0.000000,0.000000,1.000000;;
            }
           }
          }

          Frame Bip01_R_Finger1 {
           

           FrameTransformMatrix {
            0.352436,0.000745,0.935835,0.000000,-0.081563,0.996219,0.029924,0.000000,-0.932275,-0.086876,0.351165,0.000000,0.084102,0.000000,0.000000,1.000000;;
           }

           Frame Bip01_R_Finger1Nub {
            

            FrameTransformMatrix {
             -1.000000,0.000000,0.000000,0.000000,-0.000000,1.000000,0.000000,0.000000,0.000000,-0.000000,-1.000000,0.000000,0.047988,0.000000,0.000000,1.000000;;
            }
           }
          }
         }
        }
       }
      }
     }

     Frame Bip01_BackPack {
      

      FrameTransformMatrix {
       0.180560,0.080500,-0.980264,0.000000,0.047560,0.994765,0.090451,0.000000,0.982413,-0.062954,0.175786,0.000000,0.063697,0.000003,-0.088856,1.000000;;
      }

      Frame Bip01_BackPackNub {
       

       FrameTransformMatrix {
        0.000796,0.000003,1.000000,0.000000,0.000000,-1.000000,0.000003,0.000000,1.000000,-0.000000,-0.000796,0.000000,0.053240,0.000000,0.000000,1.000000;;
       }
      }
     }
    }

    Frame Bip01_L_Thigh {
     

     FrameTransformMatrix {
      -0.896114,0.099687,0.432484,0.000000,-0.110664,-0.993858,-0.000216,0.000000,0.429806,-0.048054,0.901641,0.000000,-0.055430,0.059448,-0.009069,1.000000;;
     }

     Frame Bip01_L_Calf {
      

      FrameTransformMatrix {
       0.925355,-0.000000,-0.379102,0.000000,0.000000,1.000000,-0.000000,0.000000,0.379102,-0.000000,0.925355,0.000000,0.237500,0.000000,0.000000,1.000000;;
      }

      Frame Bip01_L_Foot {
       

       FrameTransformMatrix {
        0.972362,-0.021824,0.232456,0.000000,0.014595,0.999356,0.032776,0.000000,-0.233022,-0.028477,0.972054,0.000000,0.206841,0.000000,0.000000,1.000000;;
       }

       Frame Bip01_L_Toe0 {
        

        FrameTransformMatrix {
         0.203422,-0.052732,0.977670,0.000000,0.010742,0.998609,0.051627,0.000000,-0.979032,-0.000000,0.203705,0.000000,0.065373,-0.000000,0.066450,1.000000;;
        }

        Frame Bip01_L_Toe0Nub {
         

         FrameTransformMatrix {
          -1.000000,0.000000,0.000000,0.000000,0.000000,1.000000,0.000000,0.000000,-0.000000,0.000000,-1.000000,0.000000,0.006735,0.000000,-0.000000,1.000000;;
         }
        }
       }
      }
     }
    }

    Frame Bip01_R_Thigh {
     

     FrameTransformMatrix {
      -0.973817,0.129476,-0.186863,0.000000,-0.128549,-0.991556,-0.017118,0.000000,-0.187501,0.007351,0.982237,0.000000,-0.045868,-0.050587,-0.008765,1.000000;;
     }

     Frame Bip01_R_Calf {
      

      FrameTransformMatrix {
       0.781916,0.000000,-0.623383,0.000000,0.000000,1.000000,-0.000000,0.000000,0.623384,0.000000,0.781916,0.000000,0.237500,0.000000,0.000000,1.000000;;
      }

      Frame Bip01_R_Foot {
       

       FrameTransformMatrix {
        0.985240,0.095666,-0.141951,0.000000,-0.074722,0.986433,0.146169,0.000000,0.154009,-0.133405,0.979022,0.000000,0.206841,0.000000,-0.000000,1.000000;;
       }

       Frame Bip01_R_Toe0 {
        

        FrameTransformMatrix {
         0.000001,0.000002,1.000000,0.000000,0.000001,1.000000,-0.000002,0.000000,-1.000000,0.000001,0.000001,0.000000,0.065373,-0.000000,0.066450,1.000000;;
        }

        Frame Bip01_R_Toe0Nub {
         

         FrameTransformMatrix {
          1.000000,0.000000,0.000000,0.000000,-0.000000,1.000000,0.000000,0.000000,-0.000000,-0.000000,1.000000,0.000000,0.006735,0.000000,0.000000,1.000000;;
         }
        }
       }
      }
     }
    }
   }

   Frame Bip01_DressFront {
    

    FrameTransformMatrix {
     -0.934132,0.128225,0.333101,0.000000,0.240714,0.915391,0.322671,0.000000,-0.263543,0.381599,-0.885961,0.000000,-0.043963,0.001344,0.061071,1.000000;;
    }

    Frame Bip01_DressFront02 {
     

     FrameTransformMatrix {
      0.912593,0.000001,0.408870,0.000000,-0.000001,1.000000,-0.000000,0.000000,-0.408870,-0.000000,0.912593,0.000000,0.183378,-0.000000,-0.000120,1.000000;;
     }

     Frame Bip01_DressFrontNub {
      

      FrameTransformMatrix {
       0.000796,0.000003,1.000000,0.000000,-0.000000,-1.000000,0.000003,0.000000,1.000000,0.000000,-0.000796,0.000000,0.165302,-0.000000,0.000000,1.000000;;
      }
     }
    }
   }

   Frame Bip01_DressBack {
    

    FrameTransformMatrix {
     -0.858478,0.255632,0.444600,0.000000,0.369004,0.909942,0.189318,0.000000,-0.356164,0.326584,-0.875494,0.000000,-0.047682,-0.000046,-0.078297,1.000000;;
    }

    Frame Bip01_DressBack02 {
     

     FrameTransformMatrix {
      0.933670,-0.058589,0.353309,0.000000,0.015064,0.992079,0.124707,0.000000,-0.357817,-0.111113,0.927157,0.000000,0.176198,0.000012,-0.000101,1.000000;;
     }

     Frame Bip01_DressBackNub {
      

      FrameTransformMatrix {
       0.000796,0.000003,1.000000,0.000000,0.000000,-1.000000,0.000003,0.000000,1.000000,0.000000,-0.000796,0.000000,0.136508,0.000000,-0.000000,1.000000;;
      }
     }
    }
   }
  }

  Frame Bip01_Prop1 {
   

   FrameTransformMatrix {
    0.449916,-0.886582,0.107463,0.000000,0.798979,0.453351,0.395101,0.000000,-0.399008,-0.091902,0.912330,0.000000,0.046954,-0.088180,-0.111402,1.000000;;
   }
  }

  Frame Bip01_Prop2 {
   

   FrameTransformMatrix {
    0.270457,0.549392,-0.790583,0.000000,0.312120,-0.826870,-0.467833,0.000000,-0.910732,-0.120228,-0.395110,0.000000,-0.061738,-0.027278,0.132557,1.000000;;
   }
  }
 }
}

Frame Translation_Data {
 

 FrameTransformMatrix {
  1.000000,0.000000,0.000000,0.000000,0.000000,-0.000000,-1.000000,0.000000,0.000000,1.000000,-0.000000,0.000000,0.000000,0.000000,0.000000,1.000000;;
 }
}

Frame Kate_WeddingDress {
 

 FrameTransformMatrix {
  1.000000,0.000000,0.000000,0.000000,0.000000,1.000000,0.000000,0.000000,0.000000,0.000000,1.000000,0.000000,0.000000,0.000000,0.000000,1.000000;;
 }

 Mesh Kate_WeddingDress {
  312;
  0.064870;0.747081;-0.010819;,
  0.043780;0.748243;-0.010779;,
  0.067992;0.765000;-0.000306;,
  0.068231;0.704783;-0.020508;,
  0.054365;0.674678;-0.047740;,
  0.047333;0.706795;-0.034292;,
  0.074616;0.672979;-0.029191;,
  0.042952;0.791657;0.040514;,
  0.075645;0.765913;0.064945;,
  0.070049;0.777634;0.038191;,
  0.041566;0.768900;0.069198;,
  0.074125;0.534636;0.046042;,
  0.035711;0.573264;0.069169;,
  0.045430;0.548586;0.079191;,
  0.064137;0.567595;0.040644;,
  0.068084;0.551350;-0.006175;,
  0.087676;0.513878;-0.000035;,
  0.042339;0.536648;-0.032032;,
  0.070828;0.490530;-0.017899;,
  0.032558;0.488022;-0.035334;,
  0.026661;0.672986;-0.049101;,
  0.021901;0.696575;-0.037431;,
  -0.000039;0.567711;0.072726;,
  0.004975;0.544913;0.084116;,
  0.052783;0.463197;-0.057576;,
  0.120346;0.347404;-0.069090;,
  0.066510;0.387771;-0.124537;,
  0.106061;0.431209;-0.006861;,
  0.073146;0.308431;-0.173041;,
  0.121780;0.269082;-0.115553;,
  0.097554;0.374005;0.039386;,
  0.102824;0.311084;0.003097;,
  0.111207;0.246154;-0.039418;,
  0.076607;0.235629;-0.190959;,
  0.123726;0.151136;-0.144979;,
  0.082668;0.170897;-0.202798;,
  0.122878;0.208400;-0.131382;,
  0.125051;0.089514;-0.150370;,
  0.082177;0.117855;-0.214489;,
  0.112750;0.192372;-0.050214;,
  0.115737;0.125837;-0.071297;,
  0.114803;0.069768;-0.090517;,
  0.098959;0.473799;0.008530;,
  0.088966;0.485723;0.067811;,
  0.051755;0.506384;0.100796;,
  0.094440;0.418003;0.056964;,
  0.045613;0.440447;0.100413;,
  0.026459;0.419410;0.102596;,
  0.037202;0.586655;0.062305;,
  0.063169;0.635290;0.059080;,
  0.034289;0.642046;0.067077;,
  0.071791;0.636791;0.035438;,
  0.068345;0.633644;-0.002128;,
  0.075021;0.676314;0.038046;,
  0.071073;0.645571;0.001271;,
  0.045516;0.632571;-0.030904;,
  0.048784;0.634245;-0.028572;,
  0.025442;0.637142;-0.031729;,
  0.021379;0.636068;-0.031047;,
  0.136533;0.713614;0.002695;,
  0.092653;0.648258;0.021793;,
  0.086097;0.687156;0.003292;,
  0.078162;0.712531;0.063063;,
  0.092653;0.648258;0.021793;,
  0.080835;0.664990;0.078135;,
  0.086097;0.687156;0.003292;,
  0.092538;0.741351;0.072986;,
  0.097529;0.718856;0.072617;,
  0.091316;0.724946;0.057062;,
  0.137041;0.730658;0.043473;,
  0.128516;0.669211;0.080929;,
  0.142839;0.654844;0.035489;,
  0.106076;0.783240;0.048223;,
  0.111932;0.778557;0.018237;,
  0.070049;0.777634;0.038191;,
  0.065662;0.781942;0.019474;,
  0.042784;0.673755;0.070859;,
  0.068380;0.681750;0.070168;,
  0.043116;0.787002;0.019964;,
  0.102990;0.764085;-0.015973;,
  0.064870;0.747081;-0.010819;,
  0.067992;0.765000;-0.000306;,
  0.098126;0.734986;-0.019589;,
  0.043630;0.725078;0.079110;,
  0.075645;0.765913;0.064945;,
  0.076715;0.734201;0.078915;,
  0.080971;0.712798;0.019816;,
  0.091060;0.716785;-0.006476;,
  0.080422;0.720228;0.066759;,
  0.068928;0.721502;-0.011717;,
  0.078617;0.665477;0.000570;,
  0.077729;0.676036;0.016636;,
  0.076119;0.675300;0.056537;,
  0.065662;0.781942;0.019474;,
  -0.008205;0.541467;-0.033342;,
  -0.017094;0.480759;-0.042026;,
  0.003620;0.508048;0.107881;,
  -0.003099;0.466218;0.116221;,
  -0.002779;0.598120;-0.031931;,
  0.038027;0.596947;-0.028564;,
  0.065203;0.594839;-0.001080;,
  0.062994;0.588337;0.036536;,
  0.000933;0.585893;0.066135;,
  0.043116;0.787002;0.019964;,
  0.065662;0.781942;0.019474;,
  0.042669;0.773899;0.007681;,
  0.120643;0.720993;0.064803;,
  0.073942;0.723585;0.082718;,
  0.080422;0.720228;0.066759;,
  0.076715;0.734201;0.078915;,
  0.073592;0.705638;0.032948;,
  0.080971;0.712798;0.019816;,
  0.075990;0.696615;-0.005944;,
  0.068928;0.721502;-0.011717;,
  0.026845;0.644763;-0.042146;,
  0.055351;0.641980;-0.039429;,
  0.072142;0.647269;-0.017860;,
  0.035137;0.720735;-0.029396;,
  0.068928;0.721502;-0.011717;,
  0.091060;0.716785;-0.006476;,
  0.004290;0.712315;-0.035259;,
  0.014718;0.674107;-0.044103;,
  0.014958;0.646880;-0.037374;,
  0.000543;0.635421;0.070174;,
  0.005775;0.649284;-0.037231;,
  0.005764;0.674474;-0.043593;,
  0.073592;0.705638;0.032948;,
  -0.061797;0.744843;-0.020207;,
  -0.066687;0.764493;-0.010233;,
  -0.041084;0.747381;-0.017050;,
  -0.060983;0.701250;-0.030122;,
  -0.041627;0.672054;-0.054882;,
  -0.064276;0.669182;-0.039525;,
  -0.038417;0.704450;-0.040672;,
  -0.047451;0.791180;0.034745;,
  -0.085251;0.767369;0.053898;,
  -0.050811;0.767827;0.062368;,
  -0.073051;0.780327;0.028090;,
  -0.070115;0.557773;0.060273;,
  -0.035287;0.579207;0.073861;,
  -0.066443;0.579143;0.049419;,
  -0.034076;0.560885;0.087005;,
  -0.077720;0.570092;0.007907;,
  -0.095588;0.545740;0.016659;,
  -0.058452;0.551213;-0.022197;,
  -0.093874;0.507985;-0.006372;,
  -0.061301;0.496984;-0.029282;,
  -0.013976;0.671875;-0.052125;,
  -0.012284;0.695640;-0.039974;,
  -0.000039;0.567711;0.072726;,
  0.004975;0.544913;0.084116;,
  -0.082738;0.450608;-0.024672;,
  -0.139480;0.349426;0.044947;,
  -0.128151;0.456919;0.036854;,
  -0.096748;0.345134;-0.031464;,
  -0.102842;0.252093;-0.018812;,
  -0.139932;0.260791;0.056077;,
  -0.105103;0.430147;0.110505;,
  -0.110108;0.359505;0.118705;,
  -0.115245;0.303364;0.120185;,
  -0.104345;0.179969;0.021311;,
  -0.130864;0.166895;0.131654;,
  -0.133846;0.212415;0.094323;,
  -0.105105;0.128721;0.060293;,
  -0.127480;0.121738;0.172247;,
  -0.085963;0.069772;0.112191;,
  -0.115412;0.268448;0.152595;,
  -0.115114;0.212789;0.192696;,
  -0.113110;0.163400;0.210852;,
  -0.115716;0.508854;0.030153;,
  -0.089287;0.524288;0.085944;,
  -0.043029;0.524022;0.110226;,
  -0.106513;0.465999;0.096423;,
  -0.052996;0.472726;0.118126;,
  -0.035671;0.592464;0.066808;,
  -0.034790;0.641779;0.064057;,
  -0.062762;0.634877;0.053672;,
  -0.067985;0.642054;0.036917;,
  -0.074943;0.672393;0.028023;,
  -0.064441;0.637122;-0.002713;,
  -0.063793;0.641884;-0.008764;,
  -0.039713;0.633985;-0.032349;,
  -0.038992;0.633207;-0.033322;,
  -0.013393;0.636080;-0.034619;,
  -0.010137;0.635375;-0.033172;,
  -0.128335;0.727053;-0.028824;,
  -0.077414;0.699314;-0.011926;,
  -0.091694;0.658178;-0.009292;,
  -0.099142;0.709150;0.051873;,
  -0.091694;0.658178;-0.009292;,
  -0.077414;0.699314;-0.011926;,
  -0.110767;0.659997;0.047515;,
  -0.104475;0.736921;0.057762;,
  -0.099152;0.719828;0.047917;,
  -0.121741;0.715865;0.048716;,
  -0.143744;0.738159;0.010371;,
  -0.142056;0.666374;-0.021379;,
  -0.153345;0.668205;0.027052;,
  -0.110114;0.786123;0.033558;,
  -0.109498;0.783719;0.003285;,
  -0.073051;0.780327;0.028090;,
  -0.067251;0.781441;0.009678;,
  -0.045931;0.672240;0.065448;,
  -0.071606;0.679253;0.061491;,
  -0.044751;0.786574;0.014418;,
  -0.096814;0.766978;-0.028520;,
  -0.061797;0.744843;-0.020207;,
  -0.091216;0.736904;-0.030857;,
  -0.066687;0.764493;-0.010233;,
  -0.053394;0.723227;0.071914;,
  -0.085251;0.767369;0.053898;,
  -0.088609;0.732301;0.062296;,
  -0.079862;0.709126;0.009055;,
  -0.088928;0.719649;0.051846;,
  -0.085727;0.714883;-0.015547;,
  -0.065177;0.720253;-0.021188;,
  -0.072221;0.661353;-0.010653;,
  -0.074294;0.671880;0.005324;,
  -0.077277;0.672641;0.047131;,
  -0.067251;0.781441;0.009678;,
  0.003620;0.508048;0.107881;,
  -0.003099;0.466218;0.116221;,
  -0.039618;0.447701;0.120649;,
  -0.044115;0.602323;-0.024709;,
  -0.065710;0.606487;0.006985;,
  -0.062872;0.598455;0.044061;,
  0.000933;0.585893;0.066135;,
  -0.044751;0.786574;0.014418;,
  -0.042458;0.773494;0.001405;,
  -0.067251;0.781441;0.009678;,
  -0.138925;0.722533;0.032721;,
  -0.085327;0.725034;0.061883;,
  -0.088609;0.732301;0.062296;,
  -0.088928;0.719649;0.051846;,
  -0.074365;0.701969;0.023147;,
  -0.079862;0.709126;0.009055;,
  -0.070023;0.693106;-0.016128;,
  -0.065177;0.720253;-0.021188;,
  -0.013653;0.643655;-0.045159;,
  -0.042053;0.639316;-0.046677;,
  -0.062112;0.643598;-0.027849;,
  -0.028119;0.719076;-0.034100;,
  -0.065177;0.720253;-0.021188;,
  -0.085727;0.714883;-0.015547;,
  -0.002982;0.673623;-0.045420;,
  -0.002734;0.646396;-0.038691;,
  0.000543;0.635421;0.070174;,
  -0.074365;0.701969;0.023147;,
  0.076607;0.235629;-0.190959;,
  0.015863;0.181354;-0.220715;,
  0.008642;0.262178;-0.197108;,
  0.082668;0.170897;-0.202798;,
  0.073146;0.308431;-0.173041;,
  0.003309;0.321240;-0.175616;,
  0.066510;0.387771;-0.124537;,
  -0.010941;0.395167;-0.113740;,
  0.052783;0.463197;-0.057576;,
  -0.008661;0.448930;-0.050889;,
  0.032558;0.488022;-0.035334;,
  0.014794;0.134973;-0.244502;,
  0.082177;0.117855;-0.214489;,
  0.048835;0.120230;-0.037098;,
  0.031176;0.140069;0.119972;,
  0.052682;0.071593;-0.053191;,
  0.009040;0.177800;0.086893;,
  0.006480;0.238199;0.080014;,
  0.045913;0.191736;-0.018867;,
  0.042427;0.238178;-0.013058;,
  0.015373;0.300212;0.090016;,
  0.000483;0.343593;0.089010;,
  0.035368;0.306228;0.033366;,
  0.003407;0.396944;0.110309;,
  -0.050476;0.197441;-0.039117;,
  -0.021513;0.140239;-0.098217;,
  -0.049238;0.120510;0.006130;,
  -0.029520;0.230142;-0.119567;,
  -0.053060;0.264757;-0.062369;,
  -0.043090;0.294201;-0.137445;,
  -0.042590;0.366104;-0.063594;,
  -0.036847;0.379206;-0.097963;,
  -0.035697;0.447140;-0.040289;,
  -0.022451;0.448432;-0.049909;,
  -0.017094;0.480759;-0.042026;,
  -0.061301;0.496984;-0.029282;,
  -0.017320;0.082994;-0.092756;,
  -0.014755;0.048387;0.082563;,
  -0.038693;0.186091;0.240536;,
  -0.115114;0.212789;0.192696;,
  -0.113110;0.163400;0.210852;,
  -0.045375;0.229974;0.206446;,
  -0.115412;0.268448;0.152595;,
  -0.049544;0.287216;0.166565;,
  -0.115245;0.303364;0.120185;,
  -0.050600;0.313404;0.139237;,
  -0.037204;0.370605;0.139378;,
  -0.110108;0.359505;0.118705;,
  -0.003099;0.466218;0.116221;,
  -0.039618;0.447701;0.120649;,
  -0.082738;0.450608;-0.024672;,
  -0.096748;0.345134;-0.031464;,
  -0.102842;0.252093;-0.018812;,
  -0.104345;0.179969;0.021311;,
  -0.105105;0.128721;0.060293;,
  -0.085963;0.069772;0.112191;,
  0.026459;0.419410;0.102596;,
  0.102824;0.311084;0.003097;,
  0.097554;0.374005;0.039386;,
  0.111207;0.246154;-0.039418;,
  0.112750;0.192372;-0.050214;,
  0.115737;0.125837;-0.071297;,
  0.114803;0.069768;-0.090517;,
  -0.105103;0.430147;0.110505;;
  452;
  3;0,1,2;,
  3;3,4,5;,
  3;4,3,6;,
  3;7,8,9;,
  3;8,7,10;,
  3;11,12,13;,
  3;12,11,14;,
  3;15,11,16;,
  3;11,15,14;,
  3;17,18,19;,
  3;18,17,15;,
  3;5,20,21;,
  3;20,5,4;,
  3;13,22,23;,
  3;22,13,12;,
  3;24,25,26;,
  3;25,24,27;,
  3;25,28,26;,
  3;28,25,29;,
  3;30,25,27;,
  3;25,30,31;,
  3;31,29,25;,
  3;29,31,32;,
  3;33,34,35;,
  3;34,33,36;,
  3;35,37,38;,
  3;37,35,34;,
  3;39,34,36;,
  3;34,39,40;,
  3;40,37,34;,
  3;37,40,41;,
  3;27,18,42;,
  3;18,27,24;,
  3;13,43,11;,
  3;43,13,44;,
  3;44,45,43;,
  3;45,44,46;,
  3;46,47,30;,
  3;33,29,36;,
  3;29,33,28;,
  3;36,32,39;,
  3;32,36,29;,
  3;11,42,16;,
  3;42,11,43;,
  3;43,27,42;,
  3;27,43,45;,
  3;45,30,27;,
  3;48,49,50;,
  3;51,52,53;,
  3;54,55,56;,
  3;55,54,52;,
  3;55,57,56;,
  3;57,55,58;,
  3;59,60,61;,
  3;62,63,64;,
  3;63,62,65;,
  3;66,62,67;,
  3;62,66,68;,
  3;69,70,71;,
  3;72,69,73;,
  3;73,74,72;,
  3;74,73,75;,
  3;49,76,50;,
  3;76,49,77;,
  3;9,78,7;,
  3;79,80,81;,
  3;80,79,82;,
  3;59,82,79;,
  3;8,10,83;,
  3;72,74,84;,
  3;66,84,85;,
  3;68,86,87;,
  3;86,68,88;,
  3;89,87,86;,
  3;90,91,54;,
  3;53,92,51;,
  3;18,24,19;,
  3;15,16,18;,
  3;16,42,18;,
  3;78,9,93;,
  3;19,94,17;,
  3;94,19,95;,
  3;23,44,13;,
  3;44,23,96;,
  3;44,97,46;,
  3;97,44,96;,
  3;46,97,47;,
  3;98,17,94;,
  3;17,98,99;,
  3;99,15,17;,
  3;15,99,100;,
  3;100,14,15;,
  3;14,100,101;,
  3;14,48,12;,
  3;48,14,101;,
  3;12,102,22;,
  3;102,12,48;,
  3;103,104,105;,
  3;105,104,2;,
  3;81,73,79;,
  3;73,81,75;,
  3;73,59,79;,
  3;59,73,69;,
  3;69,71,59;,
  3;70,69,106;,
  3;101,51,49;,
  3;107,108,109;,
  3;92,49,51;,
  3;49,92,77;,
  3;49,48,101;,
  3;83,77,107;,
  3;77,83,76;,
  3;77,108,107;,
  3;108,77,92;,
  3;108,53,110;,
  3;53,108,92;,
  3;110,91,111;,
  3;91,110,53;,
  3;112,111,91;,
  3;111,112,113;,
  3;114,4,115;,
  3;4,114,20;,
  3;115,6,116;,
  3;6,115,4;,
  3;117,0,113;,
  3;0,117,1;,
  3;118,82,119;,
  3;82,118,80;,
  3;82,59,119;,
  3;66,88,68;,
  3;88,66,85;,
  3;56,116,54;,
  3;116,56,115;,
  3;90,6,112;,
  3;112,3,113;,
  3;113,5,117;,
  3;5,113,3;,
  3;117,21,120;,
  3;121,21,20;,
  3;122,20,114;,
  3;20,122,121;,
  3;56,114,115;,
  3;6,90,116;,
  3;91,90,112;,
  3;116,90,54;,
  3;123,48,50;,
  3;48,123,102;,
  3;84,66,72;,
  3;60,59,71;,
  3;72,66,106;,
  3;69,72,106;,
  3;114,56,57;,
  3;121,124,125;,
  3;124,121,122;,
  3;21,121,125;,
  3;114,57,122;,
  3;21,125,120;,
  3;21,117,5;,
  3;3,112,6;,
  3;86,88,126;,
  3;59,61,119;,
  3;65,68,87;,
  3;68,65,62;,
  3;64,67,62;,
  3;66,67,106;,
  3;67,70,106;,
  3;70,67,64;,
  3;109,83,107;,
  3;83,109,8;,
  3;2,1,105;,
  3;58,55,99;,
  3;99,52,100;,
  3;52,99,55;,
  3;51,100,52;,
  3;100,51,101;,
  3;98,58,99;,
  3;58,98,124;,
  3;122,58,124;,
  3;58,122,57;,
  3;91,52,54;,
  3;52,91,53;,
  3;127,128,129;,
  3;130,131,132;,
  3;131,130,133;,
  3;134,135,136;,
  3;135,134,137;,
  3;138,139,140;,
  3;139,138,141;,
  3;142,138,140;,
  3;138,142,143;,
  3;144,145,142;,
  3;145,144,146;,
  3;133,147,131;,
  3;147,133,148;,
  3;141,149,139;,
  3;149,141,150;,
  3;151,152,153;,
  3;152,151,154;,
  3;152,155,156;,
  3;155,152,154;,
  3;157,152,158;,
  3;152,157,153;,
  3;158,156,159;,
  3;156,158,152;,
  3;160,161,162;,
  3;161,160,163;,
  3;163,164,161;,
  3;164,163,165;,
  3;166,161,167;,
  3;161,166,162;,
  3;167,164,168;,
  3;164,167,161;,
  3;153,145,151;,
  3;145,153,169;,
  3;141,170,171;,
  3;170,141,138;,
  3;171,172,173;,
  3;172,171,170;,
  3;173,172,157;,
  3;160,156,155;,
  3;156,160,162;,
  3;162,159,156;,
  3;159,162,166;,
  3;138,169,170;,
  3;169,138,143;,
  3;170,153,172;,
  3;153,170,169;,
  3;172,153,157;,
  3;174,175,176;,
  3;177,178,179;,
  3;180,181,179;,
  3;181,180,182;,
  3;181,183,184;,
  3;183,181,182;,
  3;185,186,187;,
  3;188,189,190;,
  3;189,188,191;,
  3;192,188,193;,
  3;188,192,194;,
  3;195,196,197;,
  3;198,199,195;,
  3;199,200,201;,
  3;200,199,198;,
  3;176,202,203;,
  3;202,176,175;,
  3;137,134,204;,
  3;205,206,207;,
  3;206,205,208;,
  3;185,205,207;,
  3;135,209,136;,
  3;198,210,200;,
  3;192,211,210;,
  3;193,212,213;,
  3;212,193,214;,
  3;215,212,214;,
  3;216,180,217;,
  3;178,177,218;,
  3;145,146,151;,
  3;142,145,143;,
  3;143,145,169;,
  3;204,219,137;,
  3;146,94,95;,
  3;94,146,144;,
  3;150,171,220;,
  3;171,150,141;,
  3;171,221,220;,
  3;221,171,173;,
  3;221,173,222;,
  3;98,144,223;,
  3;144,98,94;,
  3;223,142,224;,
  3;142,223,144;,
  3;224,140,225;,
  3;140,224,142;,
  3;140,174,225;,
  3;174,140,139;,
  3;139,226,174;,
  3;226,139,149;,
  3;227,228,229;,
  3;228,128,229;,
  3;208,199,201;,
  3;199,208,205;,
  3;185,199,205;,
  3;199,185,195;,
  3;195,185,196;,
  3;197,230,195;,
  3;225,176,177;,
  3;231,232,233;,
  3;218,176,203;,
  3;176,218,177;,
  3;176,225,174;,
  3;209,203,202;,
  3;203,209,231;,
  3;203,233,218;,
  3;233,203,231;,
  3;233,178,218;,
  3;178,233,234;,
  3;234,217,178;,
  3;217,234,235;,
  3;236,235,237;,
  3;235,236,217;,
  3;238,131,147;,
  3;131,238,239;,
  3;239,132,131;,
  3;132,239,240;,
  3;241,127,129;,
  3;127,241,237;,
  3;242,207,206;,
  3;207,242,243;,
  3;207,243,185;,
  3;192,213,211;,
  3;213,192,193;,
  3;182,240,239;,
  3;240,182,180;,
  3;216,236,132;,
  3;236,237,130;,
  3;237,133,130;,
  3;133,237,241;,
  3;241,120,148;,
  3;244,147,148;,
  3;245,147,244;,
  3;147,245,238;,
  3;182,239,238;,
  3;132,240,216;,
  3;217,236,216;,
  3;240,180,216;,
  3;246,174,226;,
  3;174,246,175;,
  3;210,198,192;,
  3;187,196,185;,
  3;198,230,192;,
  3;195,230,198;,
  3;238,183,182;,
  3;244,124,245;,
  3;124,244,125;,
  3;148,125,244;,
  3;238,245,183;,
  3;148,120,125;,
  3;148,133,241;,
  3;130,132,236;,
  3;212,247,213;,
  3;185,243,186;,
  3;190,193,188;,
  3;193,190,214;,
  3;191,188,194;,
  3;192,230,194;,
  3;194,197,191;,
  3;197,194,230;,
  3;232,209,135;,
  3;209,232,231;,
  3;128,228,129;,
  3;184,223,181;,
  3;223,179,181;,
  3;179,223,224;,
  3;177,224,225;,
  3;224,177,179;,
  3;98,223,184;,
  3;184,124,98;,
  3;245,184,183;,
  3;184,245,124;,
  3;217,179,178;,
  3;179,217,180;,
  3;248,249,250;,
  3;249,248,251;,
  3;252,250,253;,
  3;250,252,248;,
  3;254,253,255;,
  3;253,254,252;,
  3;256,255,257;,
  3;255,256,254;,
  3;257,258,256;,
  3;259,251,260;,
  3;251,259,249;,
  3;261,262,263;,
  3;262,261,264;,
  3;265,261,266;,
  3;261,265,264;,
  3;265,267,268;,
  3;267,265,266;,
  3;269,267,270;,
  3;267,269,268;,
  3;270,271,269;,
  3;272,273,274;,
  3;273,272,275;,
  3;276,275,272;,
  3;275,276,277;,
  3;278,277,276;,
  3;277,278,279;,
  3;280,279,278;,
  3;279,280,281;,
  3;282,280,283;,
  3;274,284,285;,
  3;284,274,273;,
  3;286,287,288;,
  3;287,286,289;,
  3;289,290,287;,
  3;290,289,291;,
  3;292,291,293;,
  3;291,292,290;,
  3;294,292,293;,
  3;292,294,295;,
  3;296,297,271;,
  3;297,294,271;,
  3;283,280,298;,
  3;280,282,281;,
  3;278,298,280;,
  3;298,278,299;,
  3;276,299,278;,
  3;299,276,300;,
  3;272,300,276;,
  3;300,272,301;,
  3;274,301,272;,
  3;301,274,302;,
  3;285,302,274;,
  3;302,285,303;,
  3;282,257,281;,
  3;257,282,258;,
  3;279,257,255;,
  3;257,279,281;,
  3;277,255,253;,
  3;255,277,279;,
  3;275,253,250;,
  3;253,275,277;,
  3;273,250,249;,
  3;250,273,275;,
  3;284,249,259;,
  3;249,284,273;,
  3;304,305,306;,
  3;305,304,270;,
  3;270,307,305;,
  3;307,270,267;,
  3;266,307,267;,
  3;307,266,308;,
  3;261,308,266;,
  3;308,261,309;,
  3;263,309,261;,
  3;309,263,310;,
  3;271,294,269;,
  3;269,293,268;,
  3;293,269,294;,
  3;265,293,291;,
  3;293,265,268;,
  3;289,265,291;,
  3;265,289,264;,
  3;262,289,286;,
  3;289,262,264;,
  3;270,304,271;,
  3;304,296,271;,
  3;295,297,311;,
  3;297,295,294;,
  3;46,30,45;,
  3;173,157,222;;

  MeshNormals {
   312;
   -0.042950;0.346900;-0.936918;,
   0.006678;0.551132;-0.834392;,
   -0.087576;0.690540;-0.717973;,
   0.742842;0.315653;-0.590381;,
   0.364150;0.098855;-0.926079;,
   0.269818;0.450122;-0.851228;,
   0.868120;0.021474;-0.495890;,
   0.389481;0.908569;0.151022;,
   0.110006;0.609818;0.784870;,
   0.167224;0.966974;0.192346;,
   0.150579;0.528694;0.835349;,
   0.877694;0.391580;0.276259;,
   0.372229;0.405382;0.834932;,
   0.465740;0.488708;0.737734;,
   0.894769;0.230017;0.382728;,
   0.874093;0.216012;-0.435087;,
   0.885023;0.282063;-0.370371;,
   0.364650;0.079720;-0.927726;,
   0.624193;0.259218;-0.737013;,
   0.127672;0.347525;-0.928938;,
   -0.165164;0.065905;-0.984062;,
   -0.004338;0.317408;-0.948279;,
   0.131629;0.418097;0.898815;,
   0.159590;0.485929;0.859304;,
   0.308676;0.643260;-0.700668;,
   0.967931;0.199139;-0.153142;,
   0.431279;0.588324;-0.684013;,
   0.960491;0.232015;-0.153709;,
   0.500175;0.363748;-0.785820;,
   0.964934;0.120730;-0.233083;,
   0.794691;-0.227554;0.562749;,
   0.772804;-0.286973;0.566058;,
   0.831525;-0.148856;0.535170;,
   0.546283;0.222709;-0.807450;,
   0.965884;0.062063;-0.251429;,
   0.627318;0.199285;-0.752833;,
   0.968593;0.076214;-0.236682;,
   0.986356;0.024005;-0.162866;,
   0.688567;0.150010;-0.709488;,
   0.803991;-0.116962;0.583025;,
   0.825326;-0.153233;0.543467;,
   0.835513;-0.190584;0.515359;,
   0.950164;0.237049;-0.202477;,
   0.864864;0.167521;0.473231;,
   0.463813;0.258560;0.847364;,
   0.839121;-0.103188;0.534068;,
   0.461840;-0.157588;0.872852;,
   0.423003;-0.244791;0.872437;,
   0.433813;0.095285;0.895950;,
   0.652843;-0.220194;0.724783;,
   0.193477;-0.111925;0.974700;,
   0.983519;-0.149166;0.102173;,
   0.914344;-0.088091;-0.395240;,
   0.998099;-0.059520;-0.015986;,
   0.940069;-0.337374;-0.049489;,
   0.411905;0.162517;-0.896617;,
   0.399853;-0.854037;-0.332775;,
   -0.080517;-0.573274;-0.815398;,
   0.069280;-0.264333;-0.961940;,
   0.772913;-0.061815;-0.631494;,
   -0.537524;-0.430972;-0.724797;,
   -0.643810;-0.253410;-0.722006;,
   -0.924513;0.300866;0.233998;,
   -0.537524;-0.430972;-0.724797;,
   -0.822808;0.032375;0.567397;,
   -0.643810;-0.253410;-0.722006;,
   0.278571;0.179003;0.943587;,
   -0.068445;0.110149;0.991556;,
   -0.668259;-0.655519;-0.351746;,
   0.915517;0.305972;0.261170;,
   0.584370;0.167430;0.794027;,
   0.891541;-0.228728;-0.390946;,
   0.363331;0.848861;0.383961;,
   0.522638;0.818165;-0.239699;,
   0.167224;0.966974;0.192346;,
   0.126478;0.953976;-0.271906;,
   0.119665;-0.196834;0.973107;,
   0.481084;-0.238796;0.843525;,
   0.280881;0.872750;-0.399266;,
   0.266089;0.570518;-0.776985;,
   -0.042950;0.346900;-0.936918;,
   -0.087576;0.690540;-0.717973;,
   0.121934;-0.180773;-0.975937;,
   -0.031298;0.058639;0.997789;,
   0.110006;0.609818;0.784870;,
   0.304666;0.127556;0.943879;,
   0.811318;-0.581633;0.058884;,
   -0.139532;-0.679949;-0.719861;,
   0.830159;-0.416017;0.371169;,
   0.448053;-0.057078;-0.892183;,
   0.985615;-0.163155;0.044085;,
   0.989492;-0.107302;0.096908;,
   0.950142;-0.167403;0.263073;,
   0.126478;0.953976;-0.271906;,
   -0.076008;0.079959;-0.993896;,
   -0.104652;0.187636;-0.976648;,
   0.154800;0.340329;0.927477;,
   0.174642;0.041605;0.983753;,
   -0.049633;-0.014947;-0.998656;,
   0.403264;-0.001312;-0.915083;,
   0.932454;-0.011489;-0.361107;,
   0.929287;-0.059024;0.364611;,
   0.077527;0.161161;0.983878;,
   0.280881;0.872750;-0.399266;,
   0.126478;0.953976;-0.271906;,
   0.046765;0.675189;-0.736161;,
   0.526075;0.300157;0.795708;,
   0.432680;-0.042679;0.900537;,
   0.830159;-0.416017;0.371169;,
   0.304666;0.127556;0.943879;,
   0.963751;-0.244233;0.107397;,
   0.811318;-0.581633;0.058884;,
   0.965230;0.121592;-0.231399;,
   0.448053;-0.057078;-0.892183;,
   -0.175705;-0.524546;-0.833054;,
   0.407713;-0.579807;-0.705403;,
   0.805389;-0.550906;-0.218749;,
   0.195430;0.387227;-0.901034;,
   0.448053;-0.057078;-0.892183;,
   -0.139532;-0.679949;-0.719861;,
   0.066095;0.239258;-0.968704;,
   -0.211493;0.054928;-0.975835;,
   -0.235809;-0.449098;-0.861803;,
   0.006133;-0.039336;0.999207;,
   0.083475;-0.268989;-0.959519;,
   0.073170;0.024408;-0.997021;,
   0.963751;-0.244233;0.107397;,
   0.156266;0.308580;-0.938275;,
   0.232962;0.669993;-0.704868;,
   0.094947;0.531480;-0.841733;,
   -0.671534;0.247725;-0.698337;,
   -0.228025;0.082664;-0.970140;,
   -0.787167;-0.021286;-0.616372;,
   -0.158996;0.427178;-0.890078;,
   -0.328630;0.936536;0.122081;,
   -0.222766;0.554660;0.801703;,
   -0.211727;0.510542;0.833378;,
   -0.134866;0.980578;0.142403;,
   -0.693769;0.560145;0.452682;,
   -0.225821;0.493391;0.839982;,
   -0.814109;0.343500;0.468225;,
   -0.099920;0.573548;0.813055;,
   -0.886554;0.382259;-0.260576;,
   -0.854112;0.496104;-0.156119;,
   -0.486617;0.173011;-0.856313;,
   -0.721138;0.181261;-0.668659;,
   -0.372687;0.130983;-0.918666;,
   0.305043;0.078762;-0.949076;,
   0.127381;0.320937;-0.938496;,
   0.131629;0.418097;0.898815;,
   0.159590;0.485929;0.859304;,
   -0.604131;0.119262;-0.787910;,
   -0.994269;0.064477;-0.085279;,
   -0.980467;0.144919;-0.132978;,
   -0.729061;0.061492;-0.681681;,
   -0.767808;-0.176911;-0.615771;,
   -0.993761;-0.064575;-0.090937;,
   -0.638875;0.162803;0.751887;,
   -0.664830;0.109733;0.738891;,
   -0.781090;0.256306;0.569391;,
   -0.800415;-0.334238;-0.497615;,
   -0.996765;-0.076833;-0.023584;,
   -0.995818;-0.090428;-0.012990;,
   -0.793390;-0.455192;-0.404144;,
   -0.988622;-0.150408;0.001772;,
   -0.670781;-0.600728;-0.434948;,
   -0.733801;0.422807;0.531762;,
   -0.732940;0.337792;0.590504;,
   -0.800785;0.177774;0.571962;,
   -0.939511;0.333181;-0.079435;,
   -0.672577;0.479624;0.563562;,
   -0.122134;0.394848;0.910592;,
   -0.752014;0.261064;0.605244;,
   -0.167275;0.153793;0.973841;,
   -0.311634;0.201793;0.928528;,
   -0.278698;-0.017116;0.960226;,
   -0.727497;-0.151034;0.669281;,
   -0.979214;-0.194829;0.056412;,
   -0.979529;-0.169229;-0.109014;,
   -0.926001;-0.196178;-0.322548;,
   -0.834029;-0.480362;-0.271382;,
   0.224701;-0.974407;-0.006330;,
   -0.040238;-0.996287;0.076111;,
   0.146608;-0.798312;-0.584127;,
   -0.010187;-0.332803;-0.942942;,
   -0.488198;0.116272;-0.864953;,
   0.914478;-0.018130;-0.404230;,
   0.826075;-0.313274;-0.468464;,
   0.577600;-0.108940;0.809018;,
   0.826075;-0.313274;-0.468464;,
   0.914478;-0.018130;-0.404230;,
   0.377511;-0.241470;0.893967;,
   -0.386255;0.045458;0.921271;,
   0.658560;-0.437220;0.612485;,
   -0.468143;0.012673;0.883562;,
   -0.930198;0.364855;-0.040148;,
   -0.550796;-0.031258;-0.834055;,
   -0.911404;0.039873;0.409576;,
   -0.398512;0.834532;0.380452;,
   -0.370526;0.873571;-0.315570;,
   -0.134866;0.980578;0.142403;,
