xof 0303txt 0032
template ColorRGBA {
 <35ff44e0-6c7c-11cf-8f52-0040333594a3>
 FLOAT red;
 FLOAT green;
 FLOAT blue;
 FLOAT alpha;
}

template ColorRGB {
 <d3e16e81-7835-11cf-8f52-0040333594a3>
 FLOAT red;
 FLOAT green;
 FLOAT blue;
}

template Material {
 <3d82ab4d-62da-11cf-ab39-0020af71e433>
 ColorRGBA faceColor;
 FLOAT power;
 ColorRGB specularColor;
 ColorRGB emissiveColor;
 [...]
}

template TextureFilename {
 <a42790e1-7810-11cf-8f52-0040333594a3>
 STRING filename;
}

template Frame {
 <3d82ab46-62da-11cf-ab39-0020af71e433>
 [...]
}

template Matrix4x4 {
 <f6f23f45-7686-11cf-8f52-0040333594a3>
 array FLOAT matrix[16];
}

template FrameTransformMatrix {
 <f6f23f41-7686-11cf-8f52-0040333594a3>
 Matrix4x4 frameMatrix;
}

template Vector {
 <3d82ab5e-62da-11cf-ab39-0020af71e433>
 FLOAT x;
 FLOAT y;
 FLOAT z;
}

template MeshFace {
 <3d82ab5f-62da-11cf-ab39-0020af71e433>
 DWORD nFaceVertexIndices;
 array DWORD faceVertexIndices[nFaceVertexIndices];
}

template Mesh {
 <3d82ab44-62da-11cf-ab39-0020af71e433>
 DWORD nVertices;
 array Vector vertices[nVertices];
 DWORD nFaces;
 array MeshFace faces[nFaces];
 [...]
}

template MeshNormals {
 <f6f23f43-7686-11cf-8f52-0040333594a3>
 DWORD nNormals;
 array Vector normals[nNormals];
 DWORD nFaceNormals;
 array MeshFace faceNormals[nFaceNormals];
}

template MeshMaterialList {
 <f6f23f42-7686-11cf-8f52-0040333594a3>
 DWORD nMaterials;
 DWORD nFaceIndexes;
 array DWORD faceIndexes[nFaceIndexes];
 [Material <3d82ab4d-62da-11cf-ab39-0020af71e433>]
}

template Coords2d {
 <f6f23f44-7686-11cf-8f52-0040333594a3>
 FLOAT u;
 FLOAT v;
}

template MeshTextureCoords {
 <f6f23f40-7686-11cf-8f52-0040333594a3>
 DWORD nTextureCoords;
 array Coords2d textureCoords[nTextureCoords];
}

template XSkinMeshHeader {
 <3cf169ce-ff7c-44ab-93c0-f78f62d172e2>
 WORD nMaxSkinWeightsPerVertex;
 WORD nMaxSkinWeightsPerFace;
 WORD nBones;
}

template SkinWeights {
 <6f0d123b-bad2-4167-a0d0-80224f25fabb>
 STRING transformNodeName;
 DWORD nWeights;
 array DWORD vertexIndices[nWeights];
 array FLOAT weights[nWeights];
 Matrix4x4 matrixOffset;
}

template AnimTicksPerSecond {
 <9e415a43-7ba6-4a73-8743-b73d47e88476>
 DWORD AnimTicksPerSecond;
}

template Animation {
 <3d82ab4f-62da-11cf-ab39-0020af71e433>
 [...]
}

template AnimationSet {
 <3d82ab50-62da-11cf-ab39-0020af71e433>
 [Animation <3d82ab4f-62da-11cf-ab39-0020af71e433>]
}

template FloatKeys {
 <10dd46a9-775b-11cf-8f52-0040333594a3>
 DWORD nValues;
 array FLOAT values[nValues];
}

template TimedFloatKeys {
 <f406b180-7b3b-11cf-8f52-0040333594a3>
 DWORD time;
 FloatKeys tfkeys;
}

template AnimationKey {
 <10dd46a8-775b-11cf-8f52-0040333594a3>
 DWORD keyType;
 DWORD nKeys;
 array TimedFloatKeys keys[nKeys];
}


Material _01_-_Default {
 1.000000;1.000000;1.000000;1.000000;;
 9.999999;
 0.000000;0.000000;0.000000;;
 0.000000;0.000000;0.000000;;

 TextureFilename {
  "WeddingVeil.png";
 }
}

Frame Dummy01 {
 

 FrameTransformMatrix {
  1.000000,0.000000,0.000000,0.000000,0.000000,-0.000000,-1.000000,0.000000,0.000000,1.000000,-0.000000,0.000000,0.000000,0.000000,0.000000,1.000000;;
 }

 Frame Bip01 {
  

  FrameTransformMatrix {
   -0.086823,0.993118,-0.078605,0.000000,0.007596,0.079560,0.996801,0.000000,0.996195,0.085948,-0.014451,0.000000,-0.010000,-0.012284,0.487369,1.000000;;
  }

  Frame Bip01_Pelvis {
   

   FrameTransformMatrix {
    -0.042264,0.984200,0.171942,0.000000,0.027524,-0.170883,0.984907,0.000000,0.998727,0.046358,-0.019867,0.000000,0.000000,0.000000,0.000000,1.000000;;
   }

   Frame Bip01_Spine {
    

    FrameTransformMatrix {
     0.987767,-0.086566,-0.129706,0.000000,0.086190,0.996242,-0.008523,0.000000,0.129957,-0.002760,0.991516,0.000000,0.050807,-0.008823,0.002310,1.000000;;
    }

    Frame Bip01_Spine1 {
     

     FrameTransformMatrix {
      0.988533,-0.132590,0.072259,0.000000,0.142448,0.977605,-0.154911,0.000000,-0.050101,0.163428,0.985282,0.000000,0.106484,-0.000014,-0.000084,1.000000;;
     }

     Frame Bip01_Neck {
      

      FrameTransformMatrix {
       0.917306,0.000001,0.398183,0.000000,-0.000001,1.000000,-0.000000,0.000000,-0.398183,-0.000000,0.917306,0.000000,0.130515,0.000000,0.004627,1.000000;;
      }

      Frame Bip01_Head {
       

       FrameTransformMatrix {
        0.976746,-0.007464,-0.214270,0.000000,0.023983,0.996925,0.074597,0.000000,0.213054,-0.078002,0.973922,0.000000,0.033674,0.000000,-0.000000,1.000000;;
       }

       Frame Bip01_HeadNub {
        

        FrameTransformMatrix {
         1.000000,0.000000,0.000000,0.000000,0.000000,1.000000,-0.000000,0.000000,0.000000,0.000000,1.000000,0.000000,0.169824,0.000000,-0.000000,1.000000;;
        }
       }
      }

      Frame Bip01_L_Clavicle {
       

       FrameTransformMatrix {
        -0.253901,0.960903,0.110451,0.000000,0.881137,0.276885,-0.383317,0.000000,-0.398913,-0.000003,-0.916989,0.000000,-0.023890,0.015715,0.005326,1.000000;;
       }

       Frame Bip01_L_UpperArm {
        

        FrameTransformMatrix {
         0.328221,-0.888363,0.321064,0.000000,0.922887,0.374043,0.091495,0.000000,-0.201373,0.266276,0.942627,0.000000,0.087086,0.000000,0.000000,1.000000;;
        }

        Frame Bip01_L_Forearm {
         

         FrameTransformMatrix {
          0.943939,0.000000,-0.330119,0.000000,-0.000000,1.000000,0.000000,0.000000,0.330119,0.000000,0.943939,0.000000,0.137062,0.000000,0.000000,1.000000;;
         }

         Frame Bip01_L_Hand {
          

          FrameTransformMatrix {
           1.000000,0.000000,-0.000000,0.000000,-0.000000,0.000796,1.000000,0.000000,0.000000,-1.000000,0.000796,0.000000,0.137062,0.000000,-0.000000,1.000000;;
          }

          Frame Bip01_L_Finger0 {
           

           FrameTransformMatrix {
            0.690342,-0.181728,0.700288,0.000000,0.558537,0.749101,-0.356210,0.000000,-0.459853,0.637043,0.618637,0.000000,0.057681,-0.023605,-0.000272,1.000000;;
           }

           Frame Bip01_L_Finger0Nub {
            

            FrameTransformMatrix {
             1.000000,-0.000000,0.000000,0.000000,-0.000000,1.000000,0.000000,0.000000,0.000000,0.000000,1.000000,0.000000,0.029435,-0.000000,0.000000,1.000000;;
            }
           }
          }

          Frame Bip01_L_Finger1 {
           

           FrameTransformMatrix {
            0.728079,-0.000546,0.685493,0.000000,-0.000000,1.000000,0.000796,0.000000,-0.685493,-0.000580,0.728079,0.000000,0.084102,0.000000,0.000000,1.000000;;
           }

           Frame Bip01_L_Finger1Nub {
            

            FrameTransformMatrix {
             1.000000,0.000000,0.000000,0.000000,0.000000,1.000000,0.000000,0.000000,-0.000000,0.000000,1.000000,0.000000,0.047988,0.000000,0.000000,1.000000;;
            }
           }
          }
         }
        }
       }
      }

      Frame Bip01_R_Clavicle {
       

       FrameTransformMatrix {
        -0.126461,-0.990445,0.055016,0.000000,-0.908227,0.137910,0.395101,0.000000,-0.398913,-0.000003,-0.916989,0.000000,-0.023890,-0.015714,0.005326,1.000000;;
       }

       Frame Bip01_R_UpperArm {
        

        FrameTransformMatrix {
         0.344214,0.938788,0.013900,0.000000,-0.909330,0.329655,0.253862,0.000000,0.233741,-0.100022,0.967141,0.000000,0.087086,0.000000,0.000000,1.000000;;
        }

        Frame Bip01_R_Forearm {
         

         FrameTransformMatrix {
          0.971548,-0.000000,-0.236845,0.000000,0.000000,1.000000,-0.000000,0.000000,0.236845,0.000000,0.971547,0.000000,0.137062,0.000000,-0.000000,1.000000;;
         }

         Frame Bip01_R_Hand {
          

          FrameTransformMatrix {
           0.975195,0.000000,-0.221346,0.000000,-0.221346,0.000796,-0.975195,0.000000,0.000176,1.000000,0.000777,0.000000,0.137062,0.000000,-0.000000,1.000000;;
          }

          Frame Bip01_R_Finger0 {
           

           FrameTransformMatrix {
            0.417774,-0.116941,0.900994,0.000000,-0.558537,0.749101,0.356210,0.000000,-0.716591,-0.652054,0.247639,0.000000,0.057681,0.023605,-0.000272,1.000000;;
           }

           Frame Bip01_R_Finger0Nub {
            

            FrameTransformMatrix {
             -1.000000,-0.000000,0.000000,0.000000,-0.000000,1.000000,0.000000,0.000000,0.000000,0.000000,-1.000000,0.000000,0.029435,0.000000,0.000000,1.000000;;
            }
           }
          }

          Frame Bip01_R_Finger1 {
           

           FrameTransformMatrix {
            0.352436,0.000745,0.935835,0.000000,-0.081563,0.996219,0.029924,0.000000,-0.932275,-0.086876,0.351165,0.000000,0.084102,0.000000,0.000000,1.000000;;
           }

           Frame Bip01_R_Finger1Nub {
            

            FrameTransformMatrix {
             -1.000000,0.000000,0.000000,0.000000,-0.000000,1.000000,0.000000,0.000000,0.000000,-0.000000,-1.000000,0.000000,0.047988,0.000000,0.000000,1.000000;;
            }
           }
          }
         }
        }
       }
      }
     }

     Frame Bip01_BackPack {
      

      FrameTransformMatrix {
       0.180560,0.080500,-0.980264,0.000000,0.047560,0.994765,0.090451,0.000000,0.982413,-0.062954,0.175786,0.000000,0.063697,0.000003,-0.088856,1.000000;;
      }

      Frame Bip01_BackPackNub {
       

       FrameTransformMatrix {
        0.000796,0.000003,1.000000,0.000000,0.000000,-1.000000,0.000003,0.000000,1.000000,-0.000000,-0.000796,0.000000,0.053240,0.000000,0.000000,1.000000;;
       }
      }
     }
    }

    Frame Bip01_L_Thigh {
     

     FrameTransformMatrix {
      -0.896114,0.099687,0.432484,0.000000,-0.110664,-0.993858,-0.000216,0.000000,0.429806,-0.048054,0.901641,0.000000,-0.055430,0.059448,-0.009069,1.000000;;
     }

     Frame Bip01_L_Calf {
      

      FrameTransformMatrix {
       0.925355,-0.000000,-0.379102,0.000000,0.000000,1.000000,-0.000000,0.000000,0.379102,-0.000000,0.925355,0.000000,0.237500,0.000000,0.000000,1.000000;;
      }

      Frame Bip01_L_Foot {
       

       FrameTransformMatrix {
        0.972362,-0.021824,0.232456,0.000000,0.014595,0.999356,0.032776,0.000000,-0.233022,-0.028477,0.972054,0.000000,0.206841,0.000000,0.000000,1.000000;;
       }

       Frame Bip01_L_Toe0 {
        

        FrameTransformMatrix {
         0.203422,-0.052732,0.977670,0.000000,0.010742,0.998609,0.051627,0.000000,-0.979032,-0.000000,0.203705,0.000000,0.065373,-0.000000,0.066450,1.000000;;
        }

        Frame Bip01_L_Toe0Nub {
         

         FrameTransformMatrix {
          -1.000000,0.000000,0.000000,0.000000,0.000000,1.000000,0.000000,0.000000,-0.000000,0.000000,-1.000000,0.000000,0.006735,0.000000,-0.000000,1.000000;;
         }
        }
       }
      }
     }
    }

    Frame Bip01_R_Thigh {
     

     FrameTransformMatrix {
      -0.973817,0.129476,-0.186863,0.000000,-0.128549,-0.991556,-0.017118,0.000000,-0.187501,0.007351,0.982237,0.000000,-0.045868,-0.050587,-0.008765,1.000000;;
     }

     Frame Bip01_R_Calf {
      

      FrameTransformMatrix {
       0.781916,0.000000,-0.623383,0.000000,0.000000,1.000000,-0.000000,0.000000,0.623384,0.000000,0.781916,0.000000,0.237500,0.000000,0.000000,1.000000;;
      }

      Frame Bip01_R_Foot {
       

       FrameTransformMatrix {
        0.985240,0.095666,-0.141951,0.000000,-0.074722,0.986433,0.146169,0.000000,0.154009,-0.133405,0.979022,0.000000,0.206841,0.000000,-0.000000,1.000000;;
       }

       Frame Bip01_R_Toe0 {
        

        FrameTransformMatrix {
         0.000001,0.000002,1.000000,0.000000,0.000001,1.000000,-0.000002,0.000000,-1.000000,0.000001,0.000001,0.000000,0.065373,-0.000000,0.066450,1.000000;;
        }

        Frame Bip01_R_Toe0Nub {
         

         FrameTransformMatrix {
          1.000000,0.000000,0.000000,0.000000,-0.000000,1.000000,0.000000,0.000000,-0.000000,-0.000000,1.000000,0.000000,0.006735,0.000000,0.000000,1.000000;;
         }
        }
       }
      }
     }
    }
   }

   Frame Bip01_DressFront {
    

    FrameTransformMatrix {
     -0.934132,0.128225,0.333101,0.000000,0.240714,0.915391,0.322671,0.000000,-0.263543,0.381599,-0.885961,0.000000,-0.043963,0.001344,0.061071,1.000000;;
    }

    Frame Bip01_DressFront02 {
     

     FrameTransformMatrix {
      0.912593,0.000001,0.408870,0.000000,-0.000001,1.000000,-0.000000,0.000000,-0.408870,-0.000000,0.912593,0.000000,0.183378,-0.000000,-0.000120,1.000000;;
     }

     Frame Bip01_DressFrontNub {
      

      FrameTransformMatrix {
       0.000796,0.000003,1.000000,0.000000,-0.000000,-1.000000,0.000003,0.000000,1.000000,0.000000,-0.000796,0.000000,0.165302,-0.000000,0.000000,1.000000;;
      }
     }
    }
   }

   Frame Bip01_DressBack {
    

    FrameTransformMatrix {
     -0.858478,0.255632,0.444600,0.000000,0.369004,0.909942,0.189318,0.000000,-0.356164,0.326584,-0.875494,0.000000,-0.047682,-0.000046,-0.078297,1.000000;;
    }

    Frame Bip01_DressBack02 {
     

     FrameTransformMatrix {
      0.933670,-0.058589,0.353309,0.000000,0.015064,0.992079,0.124707,0.000000,-0.357817,-0.111113,0.927157,0.000000,0.176198,0.000012,-0.000101,1.000000;;
     }

     Frame Bip01_DressBackNub {
      

      FrameTransformMatrix {
       0.000796,0.000003,1.000000,0.000000,0.000000,-1.000000,0.000003,0.000000,1.000000,0.000000,-0.000796,0.000000,0.136508,0.000000,-0.000000,1.000000;;
      }
     }
    }
   }
  }

  Frame Bip01_Prop1 {
   

   FrameTransformMatrix {
    0.449916,-0.886582,0.107463,0.000000,0.798979,0.453351,0.395101,0.000000,-0.399008,-0.091902,0.912330,0.000000,0.046954,-0.088180,-0.111402,1.000000;;
   }
  }

  Frame Bip01_Prop2 {
   

   FrameTransformMatrix {
    0.270457,0.549392,-0.790583,0.000000,0.312120,-0.826870,-0.467833,0.000000,-0.910732,-0.120228,-0.395110,0.000000,-0.061738,-0.027278,0.132557,1.000000;;
   }
  }
 }
}

Frame Translation_Data {
 

 FrameTransformMatrix {
  1.000000,0.000000,0.000000,0.000000,0.000000,-0.000000,-1.000000,0.000000,0.000000,1.000000,-0.000000,0.000000,0.000000,0.000000,0.000000,1.000000;;
 }
}

Frame F_WeddingVeil {
 

 FrameTransformMatrix {
  1.000000,0.000000,0.000000,0.000000,0.000000,1.000000,0.000000,0.000000,0.000000,0.000000,1.000000,0.000000,0.000000,0.000000,0.000000,1.000000;;
 }

 Mesh F_WeddingVeil {
  142;
  -0.064410;0.938890;-0.031285;,
  -0.034496;0.933571;-0.052862;,
  -0.056206;0.921109;-0.033849;,
  -0.050107;0.959747;-0.034804;,
  -0.004505;0.938611;-0.059909;,
  -0.004996;0.965668;-0.035817;,
  -0.076100;0.938269;0.016734;,
  -0.049926;0.960233;0.013024;,
  -0.004999;0.974350;0.010631;,
  -0.049387;0.941471;0.045958;,
  -0.065181;0.906554;0.051846;,
  -0.004238;0.946873;0.051819;,
  -0.038570;0.896384;0.073648;,
  -0.054122;0.860858;0.077548;,
  -0.003069;0.897859;0.077688;,
  -0.079130;0.905304;-0.007526;,
  -0.063816;0.904564;-0.007965;,
  -0.097419;0.887729;0.025244;,
  -0.079058;0.867035;0.059837;,
  -0.071328;0.815442;0.082290;,
  -0.071071;0.830358;-0.001303;,
  -0.094749;0.855409;0.008803;,
  -0.115572;0.833712;0.033473;,
  -0.097088;0.822658;0.056548;,
  -0.087182;0.787309;0.079779;,
  -0.092921;0.788609;0.019671;,
  -0.070285;0.792927;-0.005466;,
  -0.117242;0.784554;0.037159;,
  -0.104427;0.762134;0.062068;,
  -0.091090;0.767034;0.073460;,
  -0.036485;0.836598;0.094843;,
  -0.055529;0.797471;0.097783;,
  -0.003241;0.838165;0.100609;,
  -0.066444;0.755475;0.104973;,
  -0.079549;0.746112;0.089218;,
  -0.025615;0.767667;0.109996;,
  -0.004215;0.771968;0.111362;,
  -0.048061;0.756112;0.107218;,
  0.025733;0.934879;-0.053103;,
  0.055558;0.941497;-0.031765;,
  0.048114;0.923375;-0.034266;,
  0.040335;0.961712;-0.035166;,
  0.067648;0.941392;0.016159;,
  0.040516;0.962198;0.012663;,
  0.041055;0.943436;0.045596;,
  0.058398;0.909239;0.051352;,
  0.032429;0.897926;0.073364;,
  0.049540;0.863111;0.077134;,
  0.071913;0.908585;-0.008130;,
  0.052889;0.907099;-0.008432;,
  0.091209;0.891827;0.024490;,
  0.074041;0.870361;0.059225;,
  0.067093;0.815606;0.085997;,
  0.070648;0.829559;0.004196;,
  0.092552;0.856569;0.012072;,
  0.112926;0.834959;0.037568;,
  0.093919;0.823119;0.060921;,
  0.081911;0.786321;0.085848;,
  0.098142;0.790079;0.025932;,
  0.076957;0.790241;-0.000033;,
  0.114651;0.782887;0.045349;,
  0.099787;0.760930;0.069134;,
  0.085861;0.766098;0.079635;,
  0.030165;0.838121;0.095619;,
  0.050476;0.797706;0.100772;,
  0.059008;0.755189;0.109300;,
  0.072934;0.745591;0.094391;,
  0.023050;0.776786;0.110742;,
  0.033579;0.756923;0.109669;,
  0.049917;0.883697;0.015976;,
  0.052889;0.907099;-0.008432;,
  0.045799;0.890566;0.017449;,
  0.057583;0.901577;-0.012013;,
  0.045799;0.890566;0.017449;,
  0.045906;0.904656;-0.009856;,
  0.039701;0.890184;0.012798;,
  0.052889;0.907099;-0.008432;,
  0.046034;0.897992;-0.014077;,
  0.039829;0.883521;0.008577;,
  0.039829;0.883521;0.008577;,
  0.053104;0.895854;-0.015557;,
  0.046015;0.879321;0.010325;,
  0.046034;0.897992;-0.014077;,
  0.048114;0.923375;-0.034266;,
  0.052431;0.919177;-0.039950;,
  0.041710;0.918901;-0.032468;,
  0.048114;0.923375;-0.034266;,
  0.041838;0.912238;-0.036689;,
  0.048330;0.912130;-0.041391;,
  0.041838;0.912238;-0.036689;,
  0.025733;0.934879;-0.053103;,
  0.028227;0.931618;-0.060320;,
  0.022120;0.928971;-0.048955;,
  0.025733;0.934879;-0.053103;,
  0.022248;0.922307;-0.053177;,
  0.025948;0.923634;-0.060227;,
  0.022248;0.922307;-0.053177;,
  -0.004505;0.938611;-0.059909;,
  -0.004472;0.935654;-0.067680;,
  -0.004346;0.932237;-0.054913;,
  -0.004505;0.938611;-0.059909;,
  -0.004219;0.925574;-0.059134;,
  -0.004289;0.927366;-0.067034;,
  -0.004219;0.925574;-0.059134;,
  -0.034496;0.933571;-0.052862;,
  -0.036905;0.930203;-0.060059;,
  -0.030598;0.927825;-0.048744;,
  -0.034496;0.933571;-0.052862;,
  -0.030470;0.921162;-0.052966;,
  -0.034281;0.922325;-0.059986;,
  -0.030470;0.921162;-0.052966;,
  -0.056206;0.921109;-0.033849;,
  -0.060382;0.916726;-0.039499;,
  -0.049600;0.916918;-0.032103;,
  -0.056206;0.921109;-0.033849;,
  -0.049472;0.910254;-0.036324;,
  -0.055990;0.909863;-0.040974;,
  -0.049472;0.910254;-0.036324;,
  -0.063816;0.904564;-0.007965;,
  -0.064273;0.898929;-0.011525;,
  -0.052724;0.902513;-0.009461;,
  -0.063816;0.904564;-0.007965;,
  -0.052596;0.895850;-0.013683;,
  -0.059578;0.893406;-0.015106;,
  -0.052596;0.895850;-0.013683;,
  -0.051787;0.888446;0.017840;,
  -0.055614;0.881404;0.016398;,
  -0.045715;0.888329;0.013140;,
  -0.051787;0.888446;0.017840;,
  -0.045587;0.881665;0.008918;,
  -0.051571;0.877201;0.010715;,
  -0.045587;0.881665;0.008918;,
  -0.045587;0.881665;0.008918;,
  -0.055614;0.881404;0.016398;,
  -0.051571;0.877201;0.010715;,
  -0.045715;0.888329;0.013140;,
  -0.051787;0.888446;0.017840;,
  0.049917;0.883697;0.015976;,
  0.039829;0.883521;0.008577;,
  0.046015;0.879321;0.010325;,
  0.039701;0.890184;0.012798;,
  0.045799;0.890566;0.017449;;
  194;
  3;0,1,2;,
  3;1,0,3;,
  3;3,4,1;,
  3;4,3,5;,
  3;6,3,0;,
  3;3,6,7;,
  3;3,8,5;,
  3;8,3,7;,
  3;6,9,7;,
  3;9,6,10;,
  3;7,11,8;,
  3;11,7,9;,
  3;10,12,9;,
  3;12,10,13;,
  3;9,14,11;,
  3;14,9,12;,
  3;15,2,16;,
  3;2,15,0;,
  3;17,0,15;,
  3;0,17,6;,
  3;18,6,17;,
  3;6,18,10;,
  3;18,13,10;,
  3;13,18,19;,
  3;15,20,21;,
  3;20,15,16;,
  3;21,17,15;,
  3;17,21,22;,
  3;23,17,22;,
  3;17,23,18;,
  3;24,18,23;,
  3;18,24,19;,
  3;20,25,21;,
  3;25,20,26;,
  3;21,27,22;,
  3;27,21,25;,
  3;22,28,23;,
  3;28,22,27;,
  3;23,29,24;,
  3;29,23,28;,
  3;13,30,12;,
  3;30,13,31;,
  3;12,32,14;,
  3;32,12,30;,
  3;19,31,13;,
  3;31,19,33;,
  3;24,33,19;,
  3;33,24,34;,
  3;34,24,29;,
  3;35,30,31;,
  3;30,36,32;,
  3;36,30,35;,
  3;37,31,33;,
  3;31,37,35;,
  3;38,39,40;,
  3;39,38,41;,
  3;4,41,38;,
  3;41,4,5;,
  3;41,42,39;,
  3;42,41,43;,
  3;41,8,43;,
  3;8,41,5;,
  3;42,44,45;,
  3;44,42,43;,
  3;43,11,44;,
  3;11,43,8;,
  3;45,46,47;,
  3;46,45,44;,
  3;44,14,46;,
  3;14,44,11;,
  3;48,40,39;,
  3;40,48,49;,
  3;50,39,42;,
  3;39,50,48;,
  3;51,42,45;,
  3;42,51,50;,
  3;51,47,52;,
  3;47,51,45;,
  3;53,48,54;,
  3;48,53,49;,
  3;54,50,55;,
  3;50,54,48;,
  3;56,50,51;,
  3;50,56,55;,
  3;57,51,52;,
  3;51,57,56;,
  3;53,58,59;,
  3;58,53,54;,
  3;54,60,58;,
  3;60,54,55;,
  3;55,61,60;,
  3;61,55,56;,
  3;56,62,61;,
  3;62,56,57;,
  3;47,63,64;,
  3;63,47,46;,
  3;46,32,63;,
  3;32,46,14;,
  3;52,64,65;,
  3;64,52,47;,
  3;57,65,66;,
  3;65,57,52;,
  3;66,62,57;,
  3;67,64,63;,
  3;63,36,67;,
  3;36,63,32;,
  3;64,68,65;,
  3;68,64,67;,
  3;69,70,71;,
  3;70,69,72;,
  3;73,74,75;,
  3;74,73,76;,
  3;75,77,78;,
  3;77,75,74;,
  3;79,80,81;,
  3;80,79,82;,
  3;81,72,69;,
  3;72,81,80;,
  3;72,83,70;,
  3;83,72,84;,
  3;76,85,74;,
  3;85,76,86;,
  3;74,87,77;,
  3;87,74,85;,
  3;82,88,80;,
  3;88,82,89;,
  3;80,84,72;,
  3;84,80,88;,
  3;84,90,83;,
  3;90,84,91;,
  3;86,92,85;,
  3;92,86,93;,
  3;85,94,87;,
  3;94,85,92;,
  3;89,95,88;,
  3;95,89,96;,
  3;88,91,84;,
  3;91,88,95;,
  3;91,97,90;,
  3;97,91,98;,
  3;93,99,92;,
  3;99,93,100;,
  3;92,101,94;,
  3;101,92,99;,
  3;96,102,95;,
  3;102,96,103;,
  3;95,98,91;,
  3;98,95,102;,
  3;98,104,97;,
  3;104,98,105;,
  3;100,106,99;,
  3;106,100,107;,
  3;99,108,101;,
  3;108,99,106;,
  3;103,109,102;,
  3;109,103,110;,
  3;102,105,98;,
  3;105,102,109;,
  3;105,111,104;,
  3;111,105,112;,
  3;107,113,106;,
  3;113,107,114;,
  3;106,115,108;,
  3;115,106,113;,
  3;110,116,109;,
  3;116,110,117;,
  3;109,112,105;,
  3;112,109,116;,
  3;112,118,111;,
  3;118,112,119;,
  3;114,120,113;,
  3;120,114,121;,
  3;113,122,115;,
  3;122,113,120;,
  3;117,123,116;,
  3;123,117,124;,
  3;116,119,112;,
  3;119,116,123;,
  3;119,125,118;,
  3;125,119,126;,
  3;121,127,120;,
  3;127,121,128;,
  3;120,129,122;,
  3;129,120,127;,
  3;124,130,123;,
  3;130,124,131;,
  3;123,126,119;,
  3;126,123,130;,
  3;132,133,134;,
  3;135,133,132;,
  3;136,133,135;,
  3;137,138,139;,
  3;137,140,138;,
  3;141,140,137;;

  MeshNormals {
   142;
   -0.794254;0.208739;-0.570604;,
   -0.401434;0.296763;-0.866477;,
   -0.594918;-0.268416;-0.757645;,
   -0.492593;0.720943;-0.487435;,
   -0.015991;0.587043;-0.809398;,
   -0.020932;0.874160;-0.485188;,
   -0.810984;0.554126;0.187751;,
   -0.433979;0.869069;0.237448;,
   -0.020305;0.975166;0.220544;,
   -0.403090;0.627053;0.666575;,
   -0.626255;0.369101;0.686709;,
   -0.011809;0.678673;0.734346;,
   -0.309943;0.388612;0.867707;,
   -0.478951;0.293933;0.827169;,
   -0.004614;0.422643;0.906285;,
   -0.652760;-0.138725;-0.744755;,
   -0.050399;-0.546871;-0.835698;,
   -0.939423;0.322656;0.115664;,
   -0.641690;0.310638;0.701241;,
   -0.535143;0.263868;0.802494;,
   -0.544439;-0.099193;-0.832915;,
   -0.699815;0.004596;-0.714309;,
   -0.982272;0.184672;0.032219;,
   -0.727557;0.213694;0.651917;,
   -0.758170;0.130847;0.638794;,
   -0.608347;-0.095850;-0.787862;,
   -0.746794;0.058014;-0.662520;,
   -0.999432;-0.000394;0.033694;,
   -0.733245;0.130502;0.667324;,
   -0.786887;0.050721;0.615009;,
   -0.291578;0.259626;0.920639;,
   -0.361404;0.233450;0.902712;,
   -0.013734;0.252198;0.967578;,
   -0.488961;0.153920;0.858618;,
   -0.782547;-0.002347;0.622587;,
   -0.162989;0.188337;0.968485;,
   -0.053440;0.200260;0.978284;,
   -0.167394;0.190439;0.967322;,
   0.381227;0.313768;-0.869607;,
   0.779853;0.242938;-0.576898;,
   0.588267;-0.266224;-0.763588;,
   0.456905;0.741572;-0.491231;,
   0.787627;0.588857;0.181359;,
   0.397710;0.887138;0.234122;,
   0.380792;0.644084;0.663441;,
   0.615103;0.396071;0.681745;,
   0.299114;0.401076;0.865834;,
   0.459733;0.324136;0.826790;,
   0.643133;-0.134834;-0.753791;,
   0.057936;-0.575919;-0.815451;,
   0.925032;0.365003;0.105301;,
   0.623209;0.354098;0.697298;,
   0.506018;0.297182;0.809709;,
   0.523382;-0.077383;-0.848577;,
   0.707076;0.012861;-0.707020;,
   0.979237;0.197693;0.044860;,
   0.683653;0.249430;0.685859;,
   0.721568;0.132324;0.679581;,
   0.719584;-0.019948;-0.694119;,
   0.761456;0.188896;-0.620083;,
   0.971466;0.065919;0.227836;,
   0.686797;0.150133;0.711176;,
   0.751976;0.044273;0.657702;,
   0.252722;0.283891;0.924953;,
   0.325804;0.243398;0.913569;,
   0.419928;0.147213;0.895539;,
   0.739280;-0.021751;0.673047;,
   0.134416;0.180956;0.974262;,
   0.133499;0.158106;0.978356;,
   0.503924;-0.455338;0.733981;,
   0.345309;0.783973;0.515895;,
   -0.007193;0.310845;0.950433;,
   0.999330;-0.003828;0.036392;,
   -0.007193;0.310845;0.950433;,
   -0.809225;0.511712;0.288628;,
   -0.846229;0.212130;0.488772;,
   0.345309;0.783973;0.515895;,
   -0.789757;-0.501438;-0.353332;,
   -0.831494;-0.555529;0.002420;,
   -0.831494;-0.555529;0.002420;,
   0.375476;-0.791511;-0.482212;,
   0.017813;-0.991993;0.125027;,
   -0.789757;-0.501438;-0.353332;,
   0.338419;0.873683;0.349501;,
   0.886426;0.259771;-0.383103;,
   -0.699067;0.340804;0.628616;,
   0.338419;0.873683;0.349501;,
   -0.678397;-0.732885;-0.051544;,
   0.368149;-0.679544;-0.634575;,
   -0.678397;-0.732885;-0.051544;,
   0.170607;0.959976;0.222124;,
   0.491104;0.472908;-0.731557;,
   -0.394368;0.160345;0.904855;,
   0.170607;0.959976;0.222124;,
   -0.374073;-0.897164;0.234875;,
   0.200661;-0.605817;-0.769884;,
   -0.374073;-0.897164;0.234875;,
   -0.020657;0.983661;0.178844;,
   -0.015000;0.534919;-0.844770;,
   0.001520;0.112897;0.993606;,
   -0.020657;0.983661;0.178844;,
   0.021849;-0.946297;0.322561;,
   0.009394;-0.582041;-0.813105;,
   0.021849;-0.946297;0.322561;,
   -0.210356;0.951699;0.223651;,
   -0.517010;0.451006;-0.727526;,
   0.394253;0.177475;0.901702;,
   -0.210356;0.951699;0.223651;,
   0.414550;-0.880031;0.231721;,
   -0.180308;-0.614093;-0.768362;,
   0.414550;-0.880031;0.231721;,
   -0.345692;0.877528;0.332328;,
   -0.890819;0.218913;-0.398144;,
   0.689595;0.373969;0.620166;,
   -0.345692;0.877528;0.332328;,
   0.710174;-0.701375;-0.061036;,
   -0.345437;-0.695300;-0.630263;,
   0.710174;-0.701375;-0.061036;,
   -0.657412;0.579253;0.481949;,
   -0.964874;-0.257546;-0.051852;,
   0.746985;0.584341;0.317109;,
   -0.657412;0.579253;0.481949;,
   0.808397;-0.463726;-0.362564;,
   -0.343094;-0.808389;-0.478324;,
   0.808397;-0.463726;-0.362564;,
   0.007098;0.319948;0.947409;,
   -0.477787;-0.476670;0.737907;,
   0.834635;0.264778;0.482988;,
   0.007098;0.319948;0.947409;,
   0.854831;-0.518889;-0.004326;,
   0.026291;-0.991809;0.124995;,
   0.854831;-0.518889;-0.004326;,
   0.854831;-0.518889;-0.004326;,
   -0.477787;-0.476670;0.737907;,
   0.026291;-0.991809;0.124995;,
   0.834635;0.264778;0.482988;,
   0.007098;0.319948;0.947409;,
   0.503924;-0.455338;0.733981;,
   -0.831494;-0.555529;0.002420;,
   0.017813;-0.991993;0.125027;,
   -0.846229;0.212130;0.488772;,
   -0.007193;0.310845;0.950433;;
   194;
   3;0,1,2;,
   3;1,0,3;,
   3;3,4,1;,
   3;4,3,5;,
   3;6,3,0;,
   3;3,6,7;,
   3;3,8,5;,
   3;8,3,7;,
   3;6,9,7;,
   3;9,6,10;,
   3;7,11,8;,
   3;11,7,9;,
   3;10,12,9;,
   3;12,10,13;,
   3;9,14,11;,
   3;14,9,12;,
   3;15,2,16;,
   3;2,15,0;,
   3;17,0,15;,
   3;0,17,6;,
   3;18,6,17;,
   3;6,18,10;,
   3;18,13,10;,
   3;13,18,19;,
   3;15,20,21;,
   3;20,15,16;,
   3;21,17,15;,
   3;17,21,22;,
   3;23,17,22;,
   3;17,23,18;,
   3;24,18,23;,
   3;18,24,19;,
   3;20,25,21;,
   3;25,20,26;,
   3;21,27,22;,
   3;27,21,25;,
   3;22,28,23;,
   3;28,22,27;,
   3;23,29,24;,
   3;29,23,28;,
   3;13,30,12;,
   3;30,13,31;,
   3;12,32,14;,
   3;32,12,30;,
   3;19,31,13;,
   3;31,19,33;,
   3;24,33,19;,
   3;33,24,34;,
   3;34,24,29;,
   3;35,30,31;,
   3;30,36,32;,
   3;36,30,35;,
   3;37,31,33;,
   3;31,37,35;,
   3;38,39,40;,
   3;39,38,41;,
   3;4,41,38;,
   3;41,4,5;,
   3;41,42,39;,
   3;42,41,43;,
   3;41,8,43;,
   3;8,41,5;,
   3;42,44,45;,
   3;44,42,43;,
   3;43,11,44;,
   3;11,43,8;,
   3;45,46,47;,
   3;46,45,44;,
   3;44,14,46;,
   3;14,44,11;,
   3;48,40,39;,
   3;40,48,49;,
   3;50,39,42;,
   3;39,50,48;,
   3;51,42,45;,
   3;42,51,50;,
   3;51,47,52;,
   3;47,51,45;,
   3;53,48,54;,
   3;48,53,49;,
   3;54,50,55;,
   3;50,54,48;,
   3;56,50,51;,
   3;50,56,55;,
   3;57,51,52;,
   3;51,57,56;,
   3;53,58,59;,
   3;58,53,54;,
   3;54,60,58;,
   3;60,54,55;,
   3;55,61,60;,
   3;61,55,56;,
   3;56,62,61;,
   3;62,56,57;,
   3;47,63,64;,
   3;63,47,46;,
   3;46,32,63;,
   3;32,46,14;,
   3;52,64,65;,
   3;64,52,47;,
   3;57,65,66;,
   3;65,57,52;,
   3;66,62,57;,
   3;67,64,63;,
   3;63,36,67;,
   3;36,63,32;,
   3;64,68,65;,
   3;68,64,67;,
   3;69,70,71;,
   3;70,69,72;,
   3;73,74,75;,
   3;74,73,76;,
   3;75,77,78;,
   3;77,75,74;,
   3;79,80,81;,
   3;80,79,82;,
   3;81,72,69;,
   3;72,81,80;,
   3;72,83,70;,
   3;83,72,84;,
   3;76,85,74;,
   3;85,76,86;,
   3;74,87,77;,
   3;87,74,85;,
   3;82,88,80;,
   3;88,82,89;,
   3;80,84,72;,
   3;84,80,88;,
   3;84,90,83;,
   3;90,84,91;,
   3;86,92,85;,
   3;92,86,93;,
   3;85,94,87;,
   3;94,85,92;,
   3;89,95,88;,
   3;95,89,96;,
   3;88,91,84;,
   3;91,88,95;,
   3;91,97,90;,
   3;97,91,98;,
   3;93,99,92;,
   3;99,93,100;,
   3;92,101,94;,
   3;101,92,99;,
   3;96,102,95;,
   3;102,96,103;,
   3;95,98,91;,
   3;98,95,102;,
   3;98,104,97;,
   3;104,98,105;,
   3;100,106,99;,
   3;106,100,107;,
   3;99,108,101;,
   3;108,99,106;,
   3;103,109,102;,
   3;109,103,110;,
   3;102,105,98;,
   3;105,102,109;,
   3;105,111,104;,
   3;111,105,112;,
   3;107,113,106;,
   3;113,107,114;,
   3;106,115,108;,
   3;115,106,113;,
   3;110,116,109;,
   3;116,110,117;,
   3;109,112,105;,
   3;112,109,116;,
   3;112,118,111;,
   3;118,112,119;,
   3;114,120,113;,
   3;120,114,121;,
   3;113,122,115;,
   3;122,113,120;,
   3;117,123,116;,
   3;123,117,124;,
   3;116,119,112;,
   3;119,116,123;,
   3;119,125,118;,
   3;125,119,126;,
   3;121,127,120;,
   3;127,121,128;,
   3;120,129,122;,
   3;129,120,127;,
   3;124,130,123;,
   3;130,124,131;,
   3;123,126,119;,
   3;126,123,130;,
   3;132,133,134;,
   3;135,133,132;,
   3;136,133,135;,
   3;137,138,139;,
   3;137,140,138;,
   3;141,140,137;;
  }

  MeshMaterialList {
   1;
   194;
   0,
   0,
   0,
   0,
   0,
   0,
   0,
   0,
   0,
   0,
   0,
   0,
   0,
   0,
   0,
   0,
   0,
   0,
   0,
   0,
   0,
   0,
   0,
   0,
   0,
   0,
   0,
   0,
   0,
   0,
   0,
   0,
   0,
   0,
   0,
   0,
   0,
   0,
   0,
   0,
   0,
   0,
   0,
   0,
   0,
   0,
   0,
   0,
   0,
   0,
   0,
   0,
   0,
   0,
   0,
   0,
   0,
   0,
   0,
   0,
   0,
   0,
   0,
   0,
   0,
   0,
   0,
   0,
   0,
   0,
   0,
   0,
   0,
   0,
   0,
   0,
   0,
   0,
   0,
   0,
   0,
   0,
   0,
   0,
   0,
   0,
   0,
   0,
   0,
   0,
   0,
   0,
   0,
   0,
   0,
   0,
   0,
   0,
   0,
   0,
   0,
   0,
   0,
   0,
   0,
   0,
   0,
   0,
   0,
   0,
   0,
   0,
   0,
   0,
   0,
   0,
   0,
   0,
   0,
   0,
   0,
   0,
   0,
   0,
   0,
   0,
   0,
   0,
   0,
   0,
   0,
   0,
   0,
   0,
   0,
   0,
   0,
   0,
   0,
   0,
   0,
   0,
   0,
   0,
   0,
   0,
   0,
   0,
   0,
   0,
   0,
   0,
   0,
   0,
   0,
   0,
   0,
   0,
   0,
   0,
   0,
   0,
   0,
   0,
   0,
   0,
   0,
   0,
   0,
   0,
   0,
   0,
   0,
   0,
   0,
   0,
   0,
   0,
   0,
   0,
   0,
   0,
   0,
   0,
   0,
   0,
   0,
   0,
   0,
   0,
   0,
   0,
   0,
   0;
   { _01_-_Default }
  }

  MeshTextureCoords tc0 {
   142;
   0.669753;0.851217;,
   0.615173;0.948717;,
   0.704141;0.876018;,
   0.608172;0.870772;,
   0.495324;0.977419;,
   0.496188;0.891959;,
   0.654179;0.732466;,
   0.593260;0.764117;,
   0.497322;0.782880;,
   0.596252;0.679434;,
   0.650596;0.614281;,
   0.498476;0.670144;,
   0.594664;0.553679;,
   0.658871;0.481634;,
   0.499763;0.542675;,
   0.741804;0.759365;,
   0.762306;0.792520;,
   0.749638;0.648219;,
   0.712043;0.537303;,
   0.715936;0.399020;,
   0.907494;0.673509;,
   0.821475;0.650009;,
   0.825528;0.547604;,
   0.785379;0.471382;,
   0.775711;0.358314;,
   0.943714;0.539722;,
   0.986275;0.617030;,
   0.898139;0.464190;,
   0.878191;0.359125;,
   0.819915;0.327266;,
   0.593814;0.403079;,
   0.651027;0.326174;,
   0.502075;0.393846;,
   0.704462;0.237860;,
   0.781260;0.247328;,
   0.584257;0.230533;,
   0.503568;0.233976;,
   0.653890;0.222360;,
   0.376105;0.946284;,
   0.323318;0.847805;,
   0.288752;0.871729;,
   0.384637;0.868489;,
   0.341639;0.729258;,
   0.401816;0.762149;,
   0.400583;0.677351;,
   0.347585;0.611124;,
   0.404423;0.551563;,
   0.341840;0.478255;,
   0.254058;0.754064;,
   0.227575;0.794246;,
   0.247991;0.642975;,
   0.287666;0.532938;,
   0.286483;0.394669;,
   0.087269;0.669967;,
   0.175768;0.643539;,
   0.173914;0.541027;,
   0.215566;0.465624;,
   0.227498;0.352827;,
   0.067616;0.524575;,
   0.015018;0.592699;,
   0.102841;0.456248;,
   0.124971;0.351569;,
   0.183930;0.320885;,
   0.410091;0.400948;,
   0.354023;0.322923;,
   0.301144;0.234108;,
   0.224233;0.241780;,
   0.409907;0.249692;,
   0.368299;0.219292;,
   0.925614;0.237432;,
   0.852431;0.118543;,
   0.927768;0.207918;,
   0.841154;0.146421;,
   0.697718;0.180986;,
   0.646872;0.169791;,
   0.693220;0.169160;,
   0.646990;0.182314;,
   0.646450;0.156651;,
   0.692714;0.156478;,
   0.875404;0.266326;,
   0.823098;0.170713;,
   0.900640;0.253629;,
   0.806303;0.193089;,
   0.749423;0.063186;,
   0.738076;0.088882;,
   0.600476;0.170142;,
   0.599949;0.183193;,
   0.600378;0.156881;,
   0.727450;0.115996;,
   0.717222;0.142812;,
   0.630875;0.026729;,
   0.625079;0.055218;,
   0.552700;0.169452;,
   0.552592;0.182431;,
   0.552781;0.156394;,
   0.619281;0.084863;,
   0.613712;0.113537;,
   0.507782;0.013417;,
   0.507584;0.042368;,
   0.505063;0.169338;,
   0.505125;0.182333;,
   0.504999;0.156267;,
   0.507416;0.072430;,
   0.507165;0.101630;,
   0.384345;0.024694;,
   0.389845;0.053138;,
   0.457432;0.169852;,
   0.457686;0.182810;,
   0.457186;0.156809;,
   0.395347;0.082727;,
   0.400581;0.111433;,
   0.265505;0.060835;,
   0.276558;0.086178;,
   0.409617;0.171181;,
   0.410480;0.184032;,
   0.409566;0.158049;,
   0.287087;0.113334;,
   0.297201;0.140200;,
   0.163437;0.123058;,
   0.174002;0.144365;,
   0.363044;0.171340;,
   0.362145;0.182743;,
   0.363489;0.157891;,
   0.191998;0.168667;,
   0.208747;0.191061;,
   0.081277;0.207758;,
   0.089480;0.235356;,
   0.316544;0.170071;,
   0.311578;0.181420;,
   0.317159;0.157710;,
   0.114439;0.251571;,
   0.139664;0.264280;,
   0.087533;0.287284;,
   0.042958;0.292867;,
   0.060563;0.307239;,
   0.087533;0.261635;,
   0.060563;0.263954;,
   0.984166;0.299265;,
   0.939591;0.293682;,
   0.966561;0.313637;,
   0.939591;0.268034;,
   0.966561;0.270352;;
  }

  XSkinMeshHeader {
   2;
   3;
   4;
  }

  SkinWeights {
   "Bip01_L_Clavicle";
   15;
   52,
   53,
   54,
   55,
   56,
   57,
   58,
   59,
   60,
   61,
   62,
   64,
   65,
   66,
   68;
   0.360000,
   0.500000,
   0.240000,
   0.260000,
   0.320000,
   0.500000,
   0.440000,
   0.440000,
   0.500000,
   0.500000,
   0.500000,
   0.380000,
   0.500000,
   0.500000,
   0.600000;
   0.966029,0.247801,-0.073363,0.000000,-0.250472,0.967671,-0.029622,0.000000,0.063651,0.046991,0.996865,0.000000,0.172664,-0.731434,0.001772,1.000000;;
  }

  SkinWeights {
   "Bip01_R_Clavicle";
   15;
   19,
   20,
   21,
   22,
   23,
   24,
   25,
   26,
   27,
   28,
   29,
   31,
   33,
   34,
   37;
   0.360000,
   0.500000,
   0.240000,
   0.260000,
   0.320000,
   0.500000,
   0.500000,
   0.500000,
   0.500000,
   0.500000,
   0.500000,
   0.380000,
   0.500000,
   0.500000,
   0.500000;
   -0.983298,0.166564,-0.073363,0.000000,-0.164792,-0.985883,-0.029622,0.000000,-0.077261,-0.017038,0.996865,0.000000,0.108652,0.742758,0.001772,1.000000;;
  }

  SkinWeights {
   "Bip01_Spine1";
   6;
   30,
   32,
   35,
   36,
   63,
   67;
   0.200000,
   0.200000,
   0.500000,
   0.500000,
   0.200000,
   0.500000;
   -0.029308,0.996873,0.073383,0.000000,0.999213,0.027255,0.028827,0.000000,0.026736,0.074171,-0.996887,0.000000,-0.644166,-0.020896,-0.001175,1.000000;;
  }

  SkinWeights {
   "Bip01_Head";
   142;
   0,
   1,
   2,
   3,
   4,
   5,
   6,
   7,
   8,
   9,
   10,
   11,
   12,
   13,
   14,
   15,
   16,
   17,
   18,
   19,
   20,
   21,
   22,
   23,
   24,
   25,
   26,
   27,
   28,
   29,
   30,
   31,
   32,
   33,
   34,
   35,
   36,
   37,
   38,
   39,
   40,
   41,
   42,
   43,
   44,
   45,
   46,
   47,
   48,
   49,
   50,
   51,
   52,
   53,
   54,
   55,
   56,
   57,
   58,
   59,
   60,
   61,
   62,
   63,
   64,
   65,
   66,
   67,
   68,
   69,
   70,
   71,
   72,
   73,
   74,
   75,
   76,
   77,
   78,
   79,
   80,
   81,
   82,
   83,
   84,
   85,
   86,
   87,
   88,
   89,
   90,
   91,
   92,
   93,
   94,
   95,
   96,
   97,
   98,
   99,
   100,
   101,
   102,
   103,
   104,
   105,
   106,
   107,
   108,
   109,
   110,
   111,
   112,
   113,
   114,
   115,
   116,
   117,
   118,
   119,
   120,
   121,
   122,
   123,
   124,
   125,
   126,
   127,
   128,
   129,
   130,
   131,
   132,
   133,
   134,
   135,
   136,
   137,
   138,
   139,
   140,
   141;
   1.000000,
   1.000000,
   1.000000,
   1.000000,
   1.000000,
   1.000000,
   1.000000,
   1.000000,
   1.000000,
   1.000000,
   1.000000,
   1.000000,
   1.000000,
   1.000000,
   1.000000,
   1.000000,
   1.000000,
   1.000000,
   1.000000,
   0.640000,
   0.500000,
   0.760000,
   0.740000,
   0.680000,
   0.500000,
   0.500000,
   0.500000,
   0.500000,
   0.500000,
   0.500000,
   0.800000,
   0.620000,
   0.800000,
   0.500000,
   0.500000,
   0.500000,
   0.500000,
   0.500000,
   1.000000,
   1.000000,
   1.000000,
   1.000000,
   1.000000,
   1.000000,
   1.000000,
   1.000000,
   1.000000,
   1.000000,
   1.000000,
   1.000000,
   1.000000,
   1.000000,
   0.640000,
   0.500000,
   0.760000,
   0.740000,
   0.680000,
   0.500000,
   0.560000,
   0.560000,
   0.500000,
   0.500000,
   0.500000,
   0.800000,
   0.620000,
   0.500000,
   0.500000,
   0.500000,
   0.400000,
   1.000000,
   1.000000,
   1.000000,
   1.000000,
   1.000000,
   1.000000,
   1.000000,
   1.000000,
   1.000000,
   1.000000,
   1.000000,
   1.000000,
   1.000000,
   1.000000,
   1.000000,
   1.000000,
   1.000000,
   1.000000,
   1.000000,
   1.000000,
   1.000000,
   1.000000,
   1.000000,
   1.000000,
   1.000000,
   1.000000,
   1.000000,
   1.000000,
   1.000000,
   1.000000,
   1.000000,
   1.000000,
   1.000000,
   1.000000,
   1.000000,
   1.000000,
   1.000000,
   1.000000,
   1.000000,
   1.000000,
   1.000000,
   1.000000,
   1.000000,
   1.000000,
   1.000000,
   1.000000,
