xof 0303txt 0032
template ColorRGBA {
 <35ff44e0-6c7c-11cf-8f52-0040333594a3>
 FLOAT red;
 FLOAT green;
 FLOAT blue;
 FLOAT alpha;
}

template ColorRGB {
 <d3e16e81-7835-11cf-8f52-0040333594a3>
 FLOAT red;
 FLOAT green;
 FLOAT blue;
}

template Material {
 <3d82ab4d-62da-11cf-ab39-0020af71e433>
 ColorRGBA faceColor;
 FLOAT power;
 ColorRGB specularColor;
 ColorRGB emissiveColor;
 [...]
}

template TextureFilename {
 <a42790e1-7810-11cf-8f52-0040333594a3>
 STRING filename;
}

template Frame {
 <3d82ab46-62da-11cf-ab39-0020af71e433>
 [...]
}

template Matrix4x4 {
 <f6f23f45-7686-11cf-8f52-0040333594a3>
 array FLOAT matrix[16];
}

template FrameTransformMatrix {
 <f6f23f41-7686-11cf-8f52-0040333594a3>
 Matrix4x4 frameMatrix;
}

template Vector {
 <3d82ab5e-62da-11cf-ab39-0020af71e433>
 FLOAT x;
 FLOAT y;
 FLOAT z;
}

template MeshFace {
 <3d82ab5f-62da-11cf-ab39-0020af71e433>
 DWORD nFaceVertexIndices;
 array DWORD faceVertexIndices[nFaceVertexIndices];
}

template Mesh {
 <3d82ab44-62da-11cf-ab39-0020af71e433>
 DWORD nVertices;
 array Vector vertices[nVertices];
 DWORD nFaces;
 array MeshFace faces[nFaces];
 [...]
}

template MeshNormals {
 <f6f23f43-7686-11cf-8f52-0040333594a3>
 DWORD nNormals;
 array Vector normals[nNormals];
 DWORD nFaceNormals;
 array MeshFace faceNormals[nFaceNormals];
}

template MeshMaterialList {
 <f6f23f42-7686-11cf-8f52-0040333594a3>
 DWORD nMaterials;
 DWORD nFaceIndexes;
 array DWORD faceIndexes[nFaceIndexes];
 [Material <3d82ab4d-62da-11cf-ab39-0020af71e433>]
}

template Coords2d {
 <f6f23f44-7686-11cf-8f52-0040333594a3>
 FLOAT u;
 FLOAT v;
}

template MeshTextureCoords {
 <f6f23f40-7686-11cf-8f52-0040333594a3>
 DWORD nTextureCoords;
 array Coords2d textureCoords[nTextureCoords];
}

template XSkinMeshHeader {
 <3cf169ce-ff7c-44ab-93c0-f78f62d172e2>
 WORD nMaxSkinWeightsPerVertex;
 WORD nMaxSkinWeightsPerFace;
 WORD nBones;
}

template SkinWeights {
 <6f0d123b-bad2-4167-a0d0-80224f25fabb>
 STRING transformNodeName;
 DWORD nWeights;
 array DWORD vertexIndices[nWeights];
 array FLOAT weights[nWeights];
 Matrix4x4 matrixOffset;
}

template AnimTicksPerSecond {
 <9e415a43-7ba6-4a73-8743-b73d47e88476>
 DWORD AnimTicksPerSecond;
}

template Animation {
 <3d82ab4f-62da-11cf-ab39-0020af71e433>
 [...]
}

template AnimationSet {
 <3d82ab50-62da-11cf-ab39-0020af71e433>
 [Animation <3d82ab4f-62da-11cf-ab39-0020af71e433>]
}

template FloatKeys {
 <10dd46a9-775b-11cf-8f52-0040333594a3>
 DWORD nValues;
 array FLOAT values[nValues];
}

template TimedFloatKeys {
 <f406b180-7b3b-11cf-8f52-0040333594a3>
 DWORD time;
 FloatKeys tfkeys;
}

template AnimationKey {
 <10dd46a8-775b-11cf-8f52-0040333594a3>
 DWORD keyType;
 DWORD nKeys;
 array TimedFloatKeys keys[nKeys];
}


Material _21_-_Default {
 1.000000;1.000000;1.000000;1.000000;;
 9.999999;
 0.000000;0.000000;0.000000;;
 0.000000;0.000000;0.000000;;

 TextureFilename {
  "WeddingJacket.png";
 }
}

Frame Dummy01 {
 

 FrameTransformMatrix {
  1.000000,0.000000,0.000000,0.000000,0.000000,-0.000000,-1.000000,0.000000,0.000000,1.000000,-0.000000,0.000000,0.000000,0.000000,0.000000,1.000000;;
 }

 Frame Bip01 {
  

  FrameTransformMatrix {
   -0.086823,0.993118,-0.078605,0.000000,0.007596,0.079560,0.996801,0.000000,0.996195,0.085948,-0.014451,0.000000,-0.010000,-0.012284,0.487369,1.000000;;
  }

  Frame Bip01_Pelvis {
   

   FrameTransformMatrix {
    -0.042264,0.984200,0.171942,0.000000,0.027524,-0.170883,0.984907,0.000000,0.998727,0.046358,-0.019867,0.000000,0.000000,0.000000,0.000000,1.000000;;
   }

   Frame Bip01_Spine {
    

    FrameTransformMatrix {
     0.987767,-0.086566,-0.129706,0.000000,0.086190,0.996242,-0.008523,0.000000,0.129957,-0.002760,0.991516,0.000000,0.050807,-0.008823,0.002310,1.000000;;
    }

    Frame Bip01_Spine1 {
     

     FrameTransformMatrix {
      0.988533,-0.132590,0.072259,0.000000,0.142448,0.977605,-0.154911,0.000000,-0.050101,0.163428,0.985282,0.000000,0.106484,-0.000014,-0.000084,1.000000;;
     }

     Frame Bip01_Neck {
      

      FrameTransformMatrix {
       0.917306,0.000001,0.398183,0.000000,-0.000001,1.000000,-0.000000,0.000000,-0.398183,-0.000000,0.917306,0.000000,0.130515,0.000000,0.004627,1.000000;;
      }

      Frame Bip01_Head {
       

       FrameTransformMatrix {
        0.976746,-0.007464,-0.214270,0.000000,0.023983,0.996925,0.074597,0.000000,0.213054,-0.078002,0.973922,0.000000,0.033674,0.000000,-0.000000,1.000000;;
       }

       Frame Bip01_HeadNub {
        

        FrameTransformMatrix {
         1.000000,0.000000,0.000000,0.000000,0.000000,1.000000,-0.000000,0.000000,0.000000,0.000000,1.000000,0.000000,0.169824,0.000000,-0.000000,1.000000;;
        }
       }
      }

      Frame Bip01_L_Clavicle {
       

       FrameTransformMatrix {
        -0.253901,0.960903,0.110451,0.000000,0.881137,0.276885,-0.383317,0.000000,-0.398913,-0.000003,-0.916989,0.000000,-0.023890,0.015715,0.005326,1.000000;;
       }

       Frame Bip01_L_UpperArm {
        

        FrameTransformMatrix {
         0.328221,-0.888363,0.321064,0.000000,0.922887,0.374043,0.091495,0.000000,-0.201373,0.266276,0.942627,0.000000,0.087086,0.000000,0.000000,1.000000;;
        }

        Frame Bip01_L_Forearm {
         

         FrameTransformMatrix {
          0.943939,0.000000,-0.330119,0.000000,-0.000000,1.000000,0.000000,0.000000,0.330119,0.000000,0.943939,0.000000,0.137062,0.000000,0.000000,1.000000;;
         }

         Frame Bip01_L_Hand {
          

          FrameTransformMatrix {
           1.000000,0.000000,-0.000000,0.000000,-0.000000,0.000796,1.000000,0.000000,0.000000,-1.000000,0.000796,0.000000,0.137062,0.000000,-0.000000,1.000000;;
          }

          Frame Bip01_L_Finger0 {
           

           FrameTransformMatrix {
            0.690342,-0.181728,0.700288,0.000000,0.558537,0.749101,-0.356210,0.000000,-0.459853,0.637043,0.618637,0.000000,0.057681,-0.023605,-0.000272,1.000000;;
           }

           Frame Bip01_L_Finger0Nub {
            

            FrameTransformMatrix {
             1.000000,-0.000000,0.000000,0.000000,-0.000000,1.000000,0.000000,0.000000,0.000000,0.000000,1.000000,0.000000,0.029435,-0.000000,0.000000,1.000000;;
            }
           }
          }

          Frame Bip01_L_Finger1 {
           

           FrameTransformMatrix {
            0.728079,-0.000546,0.685493,0.000000,-0.000000,1.000000,0.000796,0.000000,-0.685493,-0.000580,0.728079,0.000000,0.084102,0.000000,0.000000,1.000000;;
           }

           Frame Bip01_L_Finger1Nub {
            

            FrameTransformMatrix {
             1.000000,0.000000,0.000000,0.000000,0.000000,1.000000,0.000000,0.000000,-0.000000,0.000000,1.000000,0.000000,0.047988,0.000000,0.000000,1.000000;;
            }
           }
          }
         }
        }
       }
      }

      Frame Bip01_R_Clavicle {
       

       FrameTransformMatrix {
        -0.126461,-0.990445,0.055016,0.000000,-0.908227,0.137910,0.395101,0.000000,-0.398913,-0.000003,-0.916989,0.000000,-0.023890,-0.015714,0.005326,1.000000;;
       }

       Frame Bip01_R_UpperArm {
        

        FrameTransformMatrix {
         0.344214,0.938788,0.013900,0.000000,-0.909330,0.329655,0.253862,0.000000,0.233741,-0.100022,0.967141,0.000000,0.087086,0.000000,0.000000,1.000000;;
        }

        Frame Bip01_R_Forearm {
         

         FrameTransformMatrix {
          0.971548,-0.000000,-0.236845,0.000000,0.000000,1.000000,-0.000000,0.000000,0.236845,0.000000,0.971547,0.000000,0.137062,0.000000,-0.000000,1.000000;;
         }

         Frame Bip01_R_Hand {
          

          FrameTransformMatrix {
           0.975195,0.000000,-0.221346,0.000000,-0.221346,0.000796,-0.975195,0.000000,0.000176,1.000000,0.000777,0.000000,0.137062,0.000000,-0.000000,1.000000;;
          }

          Frame Bip01_R_Finger0 {
           

           FrameTransformMatrix {
            0.417774,-0.116941,0.900994,0.000000,-0.558537,0.749101,0.356210,0.000000,-0.716591,-0.652054,0.247639,0.000000,0.057681,0.023605,-0.000272,1.000000;;
           }

           Frame Bip01_R_Finger0Nub {
            

            FrameTransformMatrix {
             -1.000000,-0.000000,0.000000,0.000000,-0.000000,1.000000,0.000000,0.000000,0.000000,0.000000,-1.000000,0.000000,0.029435,0.000000,0.000000,1.000000;;
            }
           }
          }

          Frame Bip01_R_Finger1 {
           

           FrameTransformMatrix {
            0.352436,0.000745,0.935835,0.000000,-0.081563,0.996219,0.029924,0.000000,-0.932275,-0.086876,0.351165,0.000000,0.084102,0.000000,0.000000,1.000000;;
           }

           Frame Bip01_R_Finger1Nub {
            

            FrameTransformMatrix {
             -1.000000,0.000000,0.000000,0.000000,-0.000000,1.000000,0.000000,0.000000,0.000000,-0.000000,-1.000000,0.000000,0.047988,0.000000,0.000000,1.000000;;
            }
           }
          }
         }
        }
       }
      }
     }

     Frame Bip01_BackPack {
      

      FrameTransformMatrix {
       0.180560,0.080500,-0.980264,0.000000,0.047560,0.994765,0.090451,0.000000,0.982413,-0.062954,0.175786,0.000000,0.063697,0.000003,-0.088856,1.000000;;
      }

      Frame Bip01_BackPackNub {
       

       FrameTransformMatrix {
        0.000796,0.000003,1.000000,0.000000,0.000000,-1.000000,0.000003,0.000000,1.000000,-0.000000,-0.000796,0.000000,0.053240,0.000000,0.000000,1.000000;;
       }
      }
     }
    }

    Frame Bip01_L_Thigh {
     

     FrameTransformMatrix {
      -0.896114,0.099687,0.432484,0.000000,-0.110664,-0.993858,-0.000216,0.000000,0.429806,-0.048054,0.901641,0.000000,-0.055430,0.059448,-0.009069,1.000000;;
     }

     Frame Bip01_L_Calf {
      

      FrameTransformMatrix {
       0.925355,-0.000000,-0.379102,0.000000,0.000000,1.000000,-0.000000,0.000000,0.379102,-0.000000,0.925355,0.000000,0.237500,0.000000,0.000000,1.000000;;
      }

      Frame Bip01_L_Foot {
       

       FrameTransformMatrix {
        0.972362,-0.021824,0.232456,0.000000,0.014595,0.999356,0.032776,0.000000,-0.233022,-0.028477,0.972054,0.000000,0.206841,0.000000,0.000000,1.000000;;
       }

       Frame Bip01_L_Toe0 {
        

        FrameTransformMatrix {
         0.203422,-0.052732,0.977670,0.000000,0.010742,0.998609,0.051627,0.000000,-0.979032,-0.000000,0.203705,0.000000,0.065373,-0.000000,0.066450,1.000000;;
        }

        Frame Bip01_L_Toe0Nub {
         

         FrameTransformMatrix {
          -1.000000,0.000000,0.000000,0.000000,0.000000,1.000000,0.000000,0.000000,-0.000000,0.000000,-1.000000,0.000000,0.006735,0.000000,-0.000000,1.000000;;
         }
        }
       }
      }
     }
    }

    Frame Bip01_R_Thigh {
     

     FrameTransformMatrix {
      -0.973817,0.129476,-0.186863,0.000000,-0.128549,-0.991556,-0.017118,0.000000,-0.187501,0.007351,0.982237,0.000000,-0.045868,-0.050587,-0.008765,1.000000;;
     }

     Frame Bip01_R_Calf {
      

      FrameTransformMatrix {
       0.781916,0.000000,-0.623383,0.000000,0.000000,1.000000,-0.000000,0.000000,0.623384,0.000000,0.781916,0.000000,0.237500,0.000000,0.000000,1.000000;;
      }

      Frame Bip01_R_Foot {
       

       FrameTransformMatrix {
        0.985240,0.095666,-0.141951,0.000000,-0.074722,0.986433,0.146169,0.000000,0.154009,-0.133405,0.979022,0.000000,0.206841,0.000000,-0.000000,1.000000;;
       }

       Frame Bip01_R_Toe0 {
        

        FrameTransformMatrix {
         0.000001,0.000002,1.000000,0.000000,0.000001,1.000000,-0.000002,0.000000,-1.000000,0.000001,0.000001,0.000000,0.065373,-0.000000,0.066450,1.000000;;
        }

        Frame Bip01_R_Toe0Nub {
         

         FrameTransformMatrix {
          1.000000,0.000000,0.000000,0.000000,-0.000000,1.000000,0.000000,0.000000,-0.000000,-0.000000,1.000000,0.000000,0.006735,0.000000,0.000000,1.000000;;
         }
        }
       }
      }
     }
    }
   }

   Frame Bip01_DressFront {
    

    FrameTransformMatrix {
     -0.934132,0.128225,0.333101,0.000000,0.240714,0.915391,0.322671,0.000000,-0.263543,0.381599,-0.885961,0.000000,-0.043963,0.001344,0.061071,1.000000;;
    }

    Frame Bip01_DressFront02 {
     

     FrameTransformMatrix {
      0.912593,0.000001,0.408870,0.000000,-0.000001,1.000000,-0.000000,0.000000,-0.408870,-0.000000,0.912593,0.000000,0.183378,-0.000000,-0.000120,1.000000;;
     }

     Frame Bip01_DressFrontNub {
      

      FrameTransformMatrix {
       0.000796,0.000003,1.000000,0.000000,-0.000000,-1.000000,0.000003,0.000000,1.000000,0.000000,-0.000796,0.000000,0.165302,-0.000000,0.000000,1.000000;;
      }
     }
    }
   }

   Frame Bip01_DressBack {
    

    FrameTransformMatrix {
     -0.858478,0.255632,0.444600,0.000000,0.369004,0.909942,0.189318,0.000000,-0.356164,0.326584,-0.875494,0.000000,-0.047682,-0.000046,-0.078297,1.000000;;
    }

    Frame Bip01_DressBack02 {
     

     FrameTransformMatrix {
      0.933670,-0.058589,0.353309,0.000000,0.015064,0.992079,0.124707,0.000000,-0.357817,-0.111113,0.927157,0.000000,0.176198,0.000012,-0.000101,1.000000;;
     }

     Frame Bip01_DressBackNub {
      

      FrameTransformMatrix {
       0.000796,0.000003,1.000000,0.000000,0.000000,-1.000000,0.000003,0.000000,1.000000,0.000000,-0.000796,0.000000,0.136508,0.000000,-0.000000,1.000000;;
      }
     }
    }
   }
  }

  Frame Bip01_Prop1 {
   

   FrameTransformMatrix {
    0.449916,-0.886582,0.107463,0.000000,0.798979,0.453351,0.395101,0.000000,-0.399008,-0.091902,0.912330,0.000000,0.046954,-0.088180,-0.111402,1.000000;;
   }
  }

  Frame Bip01_Prop2 {
   

   FrameTransformMatrix {
    0.270457,0.549392,-0.790583,0.000000,0.312120,-0.826870,-0.467833,0.000000,-0.910732,-0.120228,-0.395110,0.000000,-0.061738,-0.027278,0.132557,1.000000;;
   }
  }
 }
}

Frame Translation_Data {
 

 FrameTransformMatrix {
  1.000000,0.000000,0.000000,0.000000,0.000000,-0.000000,-1.000000,0.000000,0.000000,1.000000,-0.000000,0.000000,0.000000,0.000000,0.000000,1.000000;;
 }
}

Frame Kate_WeddingJacket {
 

 FrameTransformMatrix {
  1.000000,0.000000,0.000000,0.000000,0.000000,1.000000,0.000000,0.000000,0.000000,0.000000,1.000000,0.000000,0.000000,0.000000,0.000000,1.000000;;
 }

 Mesh Kate_WeddingJacket {
  269;
  0.069361;0.750507;-0.002321;,
  0.038189;0.750464;-0.012363;,
  0.042978;0.775526;0.006114;,
  0.078969;0.732897;-0.012269;,
  0.090698;0.720546;-0.013047;,
  0.057529;0.684702;-0.042910;,
  0.045649;0.720426;-0.031615;,
  0.091618;0.685390;-0.004014;,
  0.026971;0.797160;0.051779;,
  0.073806;0.769791;0.079093;,
  0.069868;0.775704;0.046575;,
  0.040978;0.774261;0.083613;,
  0.099525;0.520150;0.052206;,
  0.058669;0.536730;0.092793;,
  0.060711;0.523658;0.094747;,
  0.098389;0.531564;0.052320;,
  0.082970;0.533207;-0.023791;,
  0.094061;0.502518;-0.004374;,
  0.043945;0.533254;-0.050379;,
  0.065517;0.484312;-0.035054;,
  0.030004;0.483545;-0.041382;,
  0.031147;0.683403;-0.048479;,
  0.035663;0.720573;-0.032959;,
  0.008563;0.542771;0.103167;,
  0.007112;0.530003;0.105964;,
  0.056113;0.632648;0.090107;,
  -0.001261;0.672743;0.095881;,
  0.001539;0.635677;0.095871;,
  0.060284;0.674813;0.093718;,
  0.052789;0.462017;-0.054944;,
  0.087501;0.375075;-0.073631;,
  0.042575;0.400074;-0.105623;,
  0.090715;0.442323;-0.022766;,
  0.102108;0.408361;0.059006;,
  0.095154;0.333764;0.010151;,
  0.081023;0.305471;-0.096438;,
  0.083310;0.252819;-0.052356;,
  0.093547;0.474481;0.002672;,
  0.103775;0.467440;0.071050;,
  0.059130;0.473466;0.105620;,
  0.056174;0.430378;0.108463;,
  0.084079;0.237411;-0.059795;,
  0.056128;0.584871;0.089558;,
  0.079561;0.631611;0.071553;,
  0.091115;0.637990;0.048448;,
  0.079615;0.592476;-0.014988;,
  0.085283;0.648019;-0.007693;,
  0.093115;0.583543;0.057475;,
  0.056307;0.648632;-0.045784;,
  0.050485;0.594811;-0.043688;,
  0.138662;0.700324;0.006858;,
  0.144724;0.651964;0.025768;,
  0.073738;0.699385;-0.007205;,
  0.083880;0.588900;0.021615;,
  0.078178;0.641039;0.007937;,
  0.148714;0.600855;0.038971;,
  0.058465;0.705807;0.055350;,
  0.078178;0.641039;0.007937;,
  0.056757;0.658754;0.076701;,
  0.061790;0.605957;0.091072;,
  0.083880;0.588900;0.021615;,
  0.066385;0.709065;0.071376;,
  0.123245;0.670070;0.094563;,
  0.116798;0.718349;0.077844;,
  0.126267;0.617742;0.108398;,
  0.138348;0.711867;0.039620;,
  0.149921;0.577371;0.040802;,
  0.099298;0.505024;0.031321;,
  0.087689;0.563835;0.025249;,
  0.153491;0.519507;0.044777;,
  0.104654;0.463727;0.031768;,
  0.154730;0.472396;0.045210;,
  0.087689;0.563835;0.025249;,
  0.083089;0.510667;0.093525;,
  0.068442;0.571145;0.093035;,
  0.099298;0.505024;0.031321;,
  0.093046;0.464667;0.095979;,
  0.104654;0.463727;0.031768;,
  0.136260;0.525177;0.106398;,
  0.130270;0.584471;0.108571;,
  0.138547;0.472828;0.106312;,
  0.100093;0.765758;0.050191;,
  0.109231;0.767233;0.018945;,
  0.069868;0.775704;0.046575;,
  0.071388;0.780123;0.017550;,
  0.089846;0.679737;0.081541;,
  0.040227;0.792031;0.021151;,
  0.106927;0.747754;-0.005398;,
  0.078969;0.732897;-0.012269;,
  0.069361;0.750507;-0.002321;,
  0.101489;0.718651;-0.009307;,
  0.091786;0.729325;0.082715;,
  0.053518;0.717354;0.093650;,
  0.096174;0.732571;0.080547;,
  -0.005349;0.710654;0.092478;,
  -0.005600;0.768576;0.074584;,
  0.073806;0.769791;0.079093;,
  0.096174;0.732571;0.080547;,
  0.093472;0.707127;0.016933;,
  0.096232;0.717914;0.066121;,
  0.073738;0.699385;-0.007205;,
  0.094764;0.679093;0.044240;,
  0.089863;0.679063;0.010533;,
  0.090698;0.720546;-0.013047;,
  0.098994;0.680599;0.062350;,
  0.071388;0.780123;0.017550;,
  -0.008033;0.540679;-0.050233;,
  -0.018696;0.480182;-0.045662;,
  0.000494;0.486363;0.118758;,
  -0.006219;0.447106;0.126361;,
  0.003883;0.588566;0.095693;,
  0.040227;0.792031;0.021151;,
  0.071388;0.780123;0.017550;,
  0.096232;0.717914;0.066121;,
  -0.004885;0.796887;0.055911;,
  0.093598;0.709245;0.034294;,
  0.093472;0.707127;0.016933;,
  0.022957;0.647686;-0.051133;,
  0.090698;0.720546;-0.013047;,
  -0.002363;0.594552;-0.049565;,
  -0.001254;0.458028;-0.057845;,
  -0.019742;0.268581;-0.000204;,
  0.019677;0.215263;-0.032852;,
  0.050701;0.250884;-0.025038;,
  -0.014173;0.230993;-0.023828;,
  0.059037;0.334116;0.038578;,
  -0.007242;0.336153;0.058480;,
  -0.004023;0.418837;0.119313;,
  0.093598;0.709245;0.034294;,
  -0.066243;0.753935;-0.017508;,
  -0.035032;0.748547;-0.017808;,
  -0.076287;0.733101;-0.023678;,
  -0.043265;0.774143;-0.000274;,
  -0.085230;0.715866;-0.026133;,
  -0.046384;0.682226;-0.050164;,
  -0.085438;0.682864;-0.014162;,
  -0.037843;0.718211;-0.037740;,
  -0.035656;0.795571;0.047184;,
  -0.085693;0.766549;0.067728;,
  -0.053235;0.771705;0.076604;,
  -0.076202;0.783959;0.034866;,
  -0.094421;0.552720;0.070065;,
  -0.046011;0.553244;0.102139;,
  -0.091047;0.561880;0.069088;,
  -0.046738;0.543846;0.105458;,
  -0.089202;0.561092;-0.008756;,
  -0.102640;0.540098;0.015426;,
  -0.058374;0.550547;-0.041419;,
  -0.090555;0.510832;-0.020532;,
  -0.060466;0.495737;-0.034115;,
  0.008563;0.542771;0.103167;,
  0.007112;0.530003;0.105964;,
  -0.053133;0.636343;0.090716;,
  -0.001261;0.672743;0.095881;,
  -0.062214;0.674918;0.089120;,
  0.001539;0.635677;0.095871;,
  -0.083581;0.452468;-0.025461;,
  -0.113261;0.368428;0.018280;,
  -0.115088;0.456149;0.017287;,
  -0.073383;0.369102;-0.027765;,
  -0.100133;0.298819;0.043225;,
  -0.115718;0.457822;0.102191;,
  -0.107369;0.378945;0.106450;,
  -0.091681;0.288807;0.104749;,
  -0.111183;0.513094;0.023250;,
  -0.108957;0.509160;0.093282;,
  -0.058559;0.500313;0.118842;,
  -0.067043;0.455409;0.128435;,
  -0.115718;0.457822;0.102191;,
  -0.048454;0.593398;0.094329;,
  -0.076310;0.637205;0.072843;,
  -0.087351;0.644414;0.049950;,
  -0.078735;0.605859;-0.007321;,
  -0.082777;0.601183;0.066764;,
  -0.080891;0.653976;-0.006327;,
  -0.044547;0.647172;-0.051591;,
  -0.054712;0.602042;-0.039311;,
  -0.125869;0.716405;-0.031406;,
  -0.062667;0.712380;-0.010797;,
  -0.138634;0.666051;-0.031102;,
  -0.082293;0.598033;-0.020391;,
  -0.147229;0.612288;-0.035475;,
  -0.071948;0.652986;-0.015354;,
  -0.080443;0.702518;0.055161;,
  -0.089113;0.651888;0.056794;,
  -0.071948;0.652986;-0.015354;,
  -0.098620;0.599586;0.052782;,
  -0.082293;0.598033;-0.020391;,
  -0.094836;0.702657;0.061607;,
  -0.155778;0.665318;0.041199;,
  -0.142908;0.715606;0.043156;,
  -0.163232;0.613661;0.037830;,
  -0.142444;0.720046;-0.000925;,
  -0.149452;0.587236;-0.038579;,
  -0.100867;0.513065;-0.033589;,
  -0.154532;0.529883;-0.046431;,
  -0.087776;0.570992;-0.023411;,
  -0.105680;0.475051;-0.041793;,
  -0.155988;0.484835;-0.053116;,
  -0.087776;0.570992;-0.023411;,
  -0.117937;0.508620;0.028549;,
  -0.100867;0.513065;-0.033589;,
  -0.104966;0.566891;0.045102;,
  -0.124132;0.459642;0.017577;,
  -0.105680;0.475051;-0.041793;,
  -0.170400;0.525312;0.015647;,
  -0.166295;0.583004;0.030179;,
  -0.172759;0.470872;0.005449;,
  -0.104525;0.772134;0.035460;,
  -0.108221;0.774510;0.002732;,
  -0.076202;0.783959;0.034866;,
  -0.070748;0.782285;0.006475;,
  -0.090691;0.679854;0.074692;,
  -0.043890;0.789799;0.014517;,
  -0.101324;0.756221;-0.022001;,
  -0.076287;0.733101;-0.023678;,
  -0.095185;0.728684;-0.023441;,
  -0.066243;0.753935;-0.017508;,
  -0.103345;0.723760;0.069417;,
  -0.106855;0.727001;0.066170;,
  -0.063838;0.714213;0.085006;,
  -0.005349;0.710654;0.092478;,
  -0.005600;0.768576;0.074584;,
  -0.085693;0.766549;0.067728;,
  -0.106855;0.727001;0.066170;,
  -0.092767;0.706649;0.006045;,
  -0.062667;0.712380;-0.010797;,
  -0.106476;0.713754;0.052947;,
  -0.092101;0.679654;0.037751;,
  -0.084579;0.679501;0.004363;,
  -0.085230;0.715866;-0.026133;,
  -0.098003;0.680872;0.055092;,
  -0.044260;0.449498;-0.035865;,
  -0.070748;0.782285;0.006475;,
  0.000494;0.486363;0.118758;,
  -0.006219;0.447106;0.126361;,
  0.003883;0.588566;0.095693;,
  -0.043890;0.789799;0.014517;,
  -0.070748;0.782285;0.006475;,
  -0.106476;0.713754;0.052947;,
  -0.004885;0.796887;0.055911;,
  -0.097182;0.707619;0.022918;,
  -0.092767;0.706649;0.006045;,
  -0.085230;0.715866;-0.026133;,
  -0.044260;0.449498;-0.035865;,
  -0.060466;0.495737;-0.034115;,
  -0.091681;0.288807;0.104749;,
  -0.030082;0.289309;0.134983;,
  -0.054815;0.299250;0.120476;,
  -0.107369;0.378945;0.106450;,
  -0.061148;0.371352;0.125699;,
  -0.006219;0.447106;0.126361;,
  -0.067043;0.455409;0.128435;,
  -0.097182;0.707619;0.022918;,
  -0.021554;0.463097;-0.041618;,
  0.095154;0.333764;0.010151;,
  0.056174;0.430378;0.108463;,
  0.102108;0.408361;0.059006;,
  0.083310;0.252819;-0.052356;,
  0.084079;0.237411;-0.059795;,
  0.005723;0.380549;0.114986;,
  0.012035;0.314909;0.111370;,
  0.000371;0.316024;0.116108;,
  -0.115718;0.457822;0.102191;,
  -0.028464;0.718839;-0.037641;,
  -0.020718;0.682013;-0.052110;,
  -0.013202;0.647211;-0.052857;,
  -0.092199;0.276886;0.108713;,
  -0.092199;0.276886;0.108713;;
  377;
  3;0,1,2;,
  3;1,0,3;,
  3;4,5,6;,
  3;5,4,7;,
  3;8,9,10;,
  3;9,8,11;,
  3;12,13,14;,
  3;13,12,15;,
  3;16,12,17;,
  3;12,16,15;,
  3;18,19,20;,
  3;19,18,16;,
  3;21,6,5;,
  3;6,21,22;,
  3;14,23,24;,
  3;23,14,13;,
  3;25,26,27;,
  3;26,25,28;,
  3;29,30,31;,
  3;30,29,32;,
  3;33,30,32;,
  3;30,33,34;,
  3;34,35,30;,
  3;35,34,36;,
  3;32,19,37;,
  3;19,32,29;,
  3;14,38,12;,
  3;38,14,39;,
  3;39,33,38;,
  3;33,39,40;,
  3;36,41,35;,
  3;12,37,17;,
  3;37,12,38;,
  3;38,32,37;,
  3;32,38,33;,
  3;42,43,25;,
  3;44,45,46;,
  3;45,44,47;,
  3;45,48,46;,
  3;48,45,49;,
  3;50,51,52;,
  3;51,53,54;,
  3;53,51,55;,
  3;56,57,58;,
  3;57,59,58;,
  3;59,57,60;,
  3;61,62,63;,
  3;61,58,62;,
  3;61,56,58;,
  3;58,64,62;,
  3;64,58,59;,
  3;65,62,51;,
  3;62,55,51;,
  3;55,62,64;,
  3;66,67,68;,
  3;67,66,69;,
  3;69,70,67;,
  3;70,69,71;,
  3;72,73,74;,
  3;73,72,75;,
  3;75,76,73;,
  3;76,75,77;,
  3;74,78,79;,
  3;78,74,73;,
  3;73,80,78;,
  3;80,73,76;,
  3;79,69,66;,
  3;69,79,78;,
  3;78,71,69;,
  3;71,78,80;,
  3;64,66,55;,
  3;66,64,79;,
  3;55,68,53;,
  3;68,55,66;,
  3;59,72,74;,
  3;72,59,60;,
  3;74,64,59;,
  3;64,74,79;,
  3;81,65,82;,
  3;65,81,63;,
  3;82,83,81;,
  3;83,82,84;,
  3;43,28,25;,
  3;28,43,85;,
  3;10,86,8;,
  3;87,88,89;,
  3;88,87,90;,
  3;50,90,87;,
  3;91,11,92;,
  3;91,9,11;,
  3;91,93,9;,
  3;94,11,95;,
  3;11,94,92;,
  3;81,83,96;,
  3;63,97,61;,
  3;63,96,97;,
  3;63,81,96;,
  3;98,56,99;,
  3;56,98,100;,
  3;46,101,44;,
  3;101,46,102;,
  3;103,100,98;,
  3;7,102,46;,
  3;101,104,44;,
  3;19,29,20;,
  3;16,17,19;,
  3;17,37,19;,
  3;86,10,105;,
  3;20,106,18;,
  3;106,20,107;,
  3;24,39,14;,
  3;39,24,108;,
  3;39,109,40;,
  3;109,39,108;,
  3;57,56,100;,
  3;52,51,54;,
  3;49,16,18;,
  3;16,49,45;,
  3;45,15,16;,
  3;15,45,47;,
  3;15,42,13;,
  3;42,15,47;,
  3;13,110,23;,
  3;110,13,42;,
  3;111,112,2;,
  3;2,112,0;,
  3;89,82,87;,
  3;82,89,84;,
  3;87,65,50;,
  3;65,87,82;,
  3;65,51,50;,
  3;62,65,63;,
  3;47,44,43;,
  3;91,113,93;,
  3;44,85,43;,
  3;85,44,104;,
  3;43,42,47;,
  3;114,11,8;,
  3;28,94,26;,
  3;94,28,92;,
  3;92,85,91;,
  3;85,92,28;,
  3;85,113,91;,
  3;113,85,104;,
  3;113,101,115;,
  3;101,113,104;,
  3;115,102,116;,
  3;102,115,101;,
  3;7,116,102;,
  3;116,7,4;,
  3;48,21,5;,
  3;21,48,117;,
  3;48,7,46;,
  3;7,48,5;,
  3;6,3,4;,
  3;3,6,1;,
  3;118,90,52;,
  3;90,118,88;,
  3;90,50,52;,
  3;61,99,56;,
  3;99,61,97;,
  3;22,1,6;,
  3;27,42,25;,
  3;42,27,110;,
  3;114,95,11;,
  3;18,119,49;,
  3;119,18,106;,
  3;31,120,29;,
  3;29,120,20;,
  3;121,122,123;,
  3;122,121,124;,
  3;125,121,123;,
  3;121,125,126;,
  3;125,127,126;,
  3;98,99,128;,
  3;129,130,131;,
  3;130,129,132;,
  3;133,134,135;,
  3;134,133,136;,
  3;137,138,139;,
  3;138,137,140;,
  3;141,142,143;,
  3;142,141,144;,
  3;145,141,143;,
  3;141,145,146;,
  3;147,148,145;,
  3;148,147,149;,
  3;144,150,142;,
  3;150,144,151;,
  3;152,153,154;,
  3;153,152,155;,
  3;156,157,158;,
  3;157,156,159;,
  3;159,160,157;,
  3;161,157,162;,
  3;157,161,158;,
  3;162,160,163;,
  3;160,162,157;,
  3;158,148,156;,
  3;148,158,164;,
  3;144,165,166;,
  3;165,144,141;,
  3;166,161,167;,
  3;161,166,165;,
  3;141,164,165;,
  3;164,141,146;,
  3;165,158,168;,
  3;158,165,164;,
  3;169,152,170;,
  3;171,172,173;,
  3;172,171,174;,
  3;172,175,176;,
  3;175,172,174;,
  3;177,178,179;,
  3;179,180,181;,
  3;180,179,182;,
  3;183,184,185;,
  3;185,186,187;,
  3;186,185,184;,
  3;188,184,183;,
  3;188,189,184;,
  3;188,190,189;,
  3;184,191,186;,
  3;191,184,189;,
  3;192,179,189;,
  3;189,181,191;,
  3;181,189,179;,
  3;193,194,195;,
  3;194,193,196;,
  3;195,197,198;,
  3;197,195,194;,
  3;199,200,201;,
  3;200,199,202;,
  3;201,203,204;,
  3;203,201,200;,
  3;202,205,200;,
  3;205,202,206;,
  3;200,207,203;,
  3;207,200,205;,
  3;206,195,205;,
  3;195,206,193;,
  3;205,198,207;,
  3;198,205,195;,
  3;191,193,206;,
  3;193,191,181;,
  3;181,196,193;,
  3;196,181,180;,
  3;186,199,187;,
  3;199,186,202;,
  3;202,191,206;,
  3;191,202,186;,
  3;208,192,190;,
  3;192,208,209;,
  3;209,210,211;,
  3;210,209,208;,
  3;170,154,212;,
  3;154,170,152;,
  3;140,137,213;,
  3;214,215,216;,
  3;215,214,217;,
  3;177,214,216;,
  3;218,138,219;,
  3;218,139,138;,
  3;218,220,139;,
  3;221,139,220;,
  3;139,221,222;,
  3;208,223,210;,
  3;190,223,208;,
  3;190,224,223;,
  3;190,188,224;,
  3;225,183,226;,
  3;183,225,227;,
  3;174,228,229;,
  3;228,174,171;,
  3;230,225,226;,
  3;135,174,229;,
  3;228,171,231;,
  3;149,232,156;,
  3;148,149,156;,
  3;145,148,146;,
  3;146,148,164;,
  3;213,233,140;,
  3;149,106,107;,
  3;106,149,147;,
  3;151,166,234;,
  3;166,151,144;,
  3;166,235,234;,
  3;235,166,167;,
  3;185,226,183;,
  3;178,182,179;,
  3;176,145,172;,
  3;145,176,147;,
  3;172,143,173;,
  3;143,172,145;,
  3;143,169,173;,
  3;169,143,142;,
  3;142,236,169;,
  3;236,142,150;,
  3;237,132,238;,
  3;132,129,238;,
  3;217,209,211;,
  3;209,217,214;,
  3;214,192,209;,
  3;192,214,177;,
  3;192,177,179;,
  3;189,190,192;,
  3;173,170,171;,
  3;218,219,239;,
  3;171,212,231;,
  3;212,171,170;,
  3;170,173,169;,
  3;240,137,139;,
  3;154,221,220;,
  3;221,154,153;,
  3;220,212,154;,
  3;212,220,218;,
  3;212,239,231;,
  3;239,212,218;,
  3;239,228,231;,
  3;228,239,241;,
  3;241,229,228;,
  3;229,241,242;,
  3;135,242,133;,
  3;242,135,229;,
  3;175,135,134;,
  3;135,175,174;,
  3;136,131,130;,
  3;131,136,133;,
  3;243,216,215;,
  3;216,243,178;,
  3;216,178,177;,
  3;188,227,224;,
  3;227,188,183;,
  3;155,169,236;,
  3;169,155,152;,
  3;240,139,222;,
  3;119,147,176;,
  3;147,119,106;,
  3;107,244,245;,
  3;246,247,248;,
  3;248,249,246;,
  3;249,248,250;,
  3;251,252,127;,
  3;252,250,127;,
  3;225,253,227;,
  3;245,244,156;,
  3;244,107,254;,
  3;107,120,254;,
  3;120,107,20;,
  3;255,256,125;,
  3;256,255,257;,
  3;255,123,258;,
  3;123,255,125;,
  3;259,258,122;,
  3;127,250,260;,
  3;261,250,248;,
  3;250,261,260;,
  3;247,261,248;,
  3;261,247,262;,
  3;125,256,127;,
  3;256,251,127;,
  3;252,249,250;,
  3;249,252,263;,
  3;130,264,136;,
  3;136,265,134;,
  3;265,136,264;,
  3;265,175,134;,
  3;175,265,266;,
  3;266,176,175;,
  3;176,266,119;,
  3;49,117,48;,
  3;117,49,119;,
  3;122,258,123;,
  3;247,246,267;,
  3;35,31,30;,
  3;244,159,156;,
  3;160,268,163;;

  MeshNormals {
   269;
   0.172713;0.572110;-0.801786;,
   0.239661;0.557078;-0.795127;,
   0.221848;0.593589;-0.773586;,
   0.213005;0.419136;-0.882584;,
   0.447144;0.205611;-0.870509;,
   0.455198;0.157797;-0.876296;,
   0.218671;0.457816;-0.861735;,
   0.949246;-0.107781;-0.295492;,
   0.251157;0.893040;0.373362;,
   0.373785;0.629571;0.681120;,
   0.370492;0.920524;0.123983;,
   0.045800;0.540874;0.839856;,
   0.962070;0.140527;0.233825;,
   0.478756;0.151765;0.864731;,
   0.495080;0.211109;0.842810;,
   0.955245;0.087670;0.282526;,
   0.819593;0.053502;-0.570442;,
   0.931309;-0.003106;-0.364216;,
   0.266529;-0.048150;-0.962623;,
   0.581209;0.123445;-0.804337;,
   0.078281;0.207075;-0.975188;,
   0.178259;0.182117;-0.966983;,
   0.125235;0.456787;-0.880717;,
   0.132947;0.189034;0.972929;,
   0.146416;0.224104;0.963504;,
   0.359953;-0.053254;0.931449;,
   -0.024004;0.034255;0.999125;,
   0.017876;0.006996;0.999816;,
   0.246412;-0.063190;0.967103;,
   0.367187;0.513862;-0.775319;,
   0.876345;0.157876;-0.455076;,
   0.537347;0.418410;-0.732251;,
   0.905838;0.198694;-0.374136;,
   0.888376;-0.235590;0.394064;,
   0.881912;-0.335039;0.331633;,
   0.966915;0.003573;-0.255074;,
   0.889491;-0.274304;0.365463;,
   0.952968;0.038199;-0.300656;,
   0.907679;0.016569;0.419339;,
   0.463995;0.089077;0.881348;,
   0.467341;-0.237065;0.851700;,
   0.763115;-0.249692;0.596078;,
   0.408721;0.022325;0.912386;,
   0.750987;-0.090460;0.654091;,
   0.990821;-0.088991;0.101760;,
   0.892084;0.035612;-0.450464;,
   0.927673;-0.072182;-0.366350;,
   0.937053;0.034750;0.347454;,
   0.496810;-0.014702;-0.867735;,
   0.421429;0.002630;-0.906858;,
   0.773426;0.044378;-0.632331;,
   0.875503;-0.094922;-0.473797;,
   -0.602565;0.224788;-0.765758;,
   -0.489713;-0.235567;-0.839458;,
   -0.482067;-0.253876;-0.838545;,
   0.895422;-0.025988;-0.444459;,
   -0.832174;0.551303;-0.059591;,
   -0.482067;-0.253876;-0.838545;,
   -0.889534;0.056392;0.453375;,
   -0.854179;-0.037504;0.518626;,
   -0.489713;-0.235567;-0.839458;,
   -0.562618;0.624476;0.541748;,
   0.467895;0.247929;0.848296;,
   0.517563;0.339376;0.785463;,
   0.446471;0.160906;0.880212;,
   0.936020;0.322455;0.141026;,
   0.869537;0.017294;-0.493565;,
   -0.511157;-0.142952;-0.847516;,
   -0.496363;-0.194046;-0.846150;,
   0.873548;0.021184;-0.486276;,
   -0.539350;-0.087082;-0.837567;,
   0.844163;0.021421;-0.535659;,
   -0.496363;-0.194046;-0.846150;,
   -0.835232;-0.174338;0.521530;,
   -0.839497;-0.169203;0.516349;,
   -0.511157;-0.142952;-0.847516;,
   -0.824795;-0.125718;0.551279;,
   -0.539350;-0.087082;-0.837567;,
   0.523839;0.021285;0.851551;,
   0.503711;0.042553;0.862824;,
   0.486223;0.024698;0.873485;,
   0.585574;0.752936;0.300319;,
   0.605881;0.757649;-0.242643;,
   0.370492;0.920524;0.123983;,
   0.321284;0.861421;-0.393359;,
   0.688060;-0.133056;0.713351;,
   0.370874;0.905471;-0.206339;,
   0.439029;0.481134;-0.758791;,
   0.213005;0.419136;-0.882584;,
   0.172713;0.572110;-0.801786;,
   0.286248;-0.128739;-0.949467;,
   0.508340;-0.044236;0.860020;,
   0.122877;0.089927;0.988339;,
   0.273571;0.035141;0.961210;,
   -0.065068;0.142411;0.987667;,
   -0.078491;0.423618;0.902434;,
   0.373785;0.629571;0.681120;,
   0.273571;0.035141;0.961210;,
   0.702106;0.710728;-0.043745;,
   0.722147;0.668670;-0.177157;,
   -0.602565;0.224788;-0.765758;,
   0.985639;-0.035841;-0.165019;,
   0.993728;-0.102194;-0.045403;,
   0.447144;0.205611;-0.870509;,
   0.989916;-0.075537;0.119838;,
   0.321284;0.861421;-0.393359;,
   -0.090681;-0.044256;-0.994896;,
   -0.207484;0.019673;-0.978041;,
   0.155431;0.208479;0.965597;,
   0.125515;-0.036482;0.991421;,
   0.065834;0.077410;0.994824;,
   0.370874;0.905471;-0.206339;,
   0.321284;0.861421;-0.393359;,
   0.722147;0.668670;-0.177157;,
   -0.071922;0.685926;0.724108;,
   0.971955;-0.234319;-0.019978;,
   0.702106;0.710728;-0.043745;,
   0.145329;-0.026585;-0.989026;,
   0.447144;0.205611;-0.870509;,
   -0.055775;-0.009815;-0.998395;,
   -0.092961;0.484881;-0.869625;,
   0.140633;-0.567698;0.811136;,
   0.264355;-0.471778;0.841155;,
   0.406606;-0.563858;0.718843;,
   -0.023097;-0.534430;0.844897;,
   0.371573;-0.570584;0.732371;,
   0.207704;-0.621524;0.755359;,
   0.169401;-0.256235;0.951655;,
   0.971955;-0.234319;-0.019978;,
   0.058724;0.480760;-0.874884;,
   0.006956;0.519425;-0.854488;,
   -0.053735;0.251369;-0.966399;,
   0.037191;0.643413;-0.764615;,
   -0.833631;0.091836;-0.544633;,
   -0.344607;0.125080;-0.930377;,
   -0.899903;-0.207355;-0.383639;,
   -0.102696;0.437641;-0.893266;,
   -0.251830;0.897853;0.361168;,
   -0.437731;0.552660;0.709196;,
   -0.179050;0.530080;0.828828;,
   -0.310736;0.941006;0.133980;,
   -0.814395;0.425085;0.395050;,
   -0.267550;0.254020;0.929457;,
   -0.854202;0.280776;0.437611;,
   -0.195197;0.354361;0.914509;,
   -0.884136;0.223998;-0.410035;,
   -0.929771;0.330769;-0.161612;,
   -0.432393;0.021563;-0.901428;,
   -0.721725;0.052619;-0.690177;,
   -0.336543;-0.046736;-0.940508;,
   0.132947;0.189034;0.972929;,
   0.146416;0.224104;0.963504;,
   -0.361741;-0.004657;0.932267;,
   -0.024004;0.034255;0.999125;,
   -0.319525;-0.008497;0.947540;,
   0.017876;0.006996;0.999816;,
   -0.522034;-0.035162;-0.852200;,
   -0.925477;-0.176131;-0.335364;,
   -0.955078;0.016669;-0.295886;,
   -0.675577;-0.147950;-0.722293;,
   -0.977597;-0.202223;-0.058398;,
   -0.849701;0.087971;0.519874;,
   -0.807008;-0.110520;0.580106;,
   -0.815305;0.056686;0.576251;,
   -0.969950;0.179204;-0.164568;,
   -0.793954;0.316560;0.519063;,
   -0.180832;0.275117;0.944251;,
   -0.211250;0.097236;0.972583;,
   -0.849701;0.087971;0.519874;,
   -0.332756;0.098478;0.937857;,
   -0.751545;-0.085904;0.654065;,
   -0.982499;-0.164230;0.087889;,
   -0.928083;0.085295;-0.362474;,
   -0.897412;0.083397;0.433240;,
   -0.925545;-0.127624;-0.356482;,
   -0.394297;-0.100295;-0.913494;,
   -0.531877;0.019311;-0.846602;,
   -0.356588;0.226642;-0.906355;,
   0.707100;0.611690;-0.354746;,
   -0.508278;0.108813;-0.854291;,
   0.842726;-0.112016;-0.526559;,
   -0.530554;0.143663;-0.835388;,
   0.847514;-0.099430;-0.521377;,
   0.725224;0.442472;0.527512;,
   0.525310;-0.166605;0.834441;,
   0.847514;-0.099430;-0.521377;,
   0.486228;-0.220834;0.845467;,
   0.842726;-0.112016;-0.526559;,
   0.146759;0.264368;0.953190;,
   -0.844010;0.083787;0.529743;,
   -0.807381;0.287032;0.515509;,
   -0.839122;0.021447;0.543521;,
   -0.898952;0.371536;-0.232050;,
   -0.506623;0.158748;-0.847427;,
   0.862230;-0.050968;-0.503945;,
   -0.512766;0.155925;-0.844251;,
   0.852940;-0.112121;-0.509825;,
   0.879845;-0.021277;-0.474784;,
   -0.500122;0.149198;-0.853005;,
   0.852940;-0.112121;-0.509825;,
   0.456604;-0.289057;0.841403;,
   0.862230;-0.050968;-0.503945;,
   0.471247;-0.316597;0.823221;,
   0.470556;-0.248689;0.846600;,
   0.879845;-0.021277;-0.474784;,
   -0.879396;-0.054560;0.472954;,
   -0.870152;-0.048753;0.490367;,
   -0.843293;-0.067410;0.533209;,
   -0.615236;0.740082;0.271595;,
   -0.522406;0.798278;-0.299741;,
   -0.310736;0.941006;0.133980;,
   -0.120278;0.867686;-0.482343;,
   -0.720116;-0.168129;0.673175;,
   -0.154637;0.922504;-0.353658;,
   -0.203008;0.539338;-0.817253;,
   -0.053735;0.251369;-0.966399;,
   0.100583;-0.039293;-0.994152;,
   0.058724;0.480760;-0.874884;,
   -0.647140;-0.046457;0.760954;,
   -0.594648;0.021130;0.803709;,
   -0.250898;0.118778;0.960699;,
   -0.065068;0.142411;0.987667;,
   -0.078491;0.423618;0.902434;,
   -0.437731;0.552660;0.709196;,
   -0.594648;0.021130;0.803709;,
   -0.821554;0.565843;-0.069793;,
   0.707100;0.611690;-0.354746;,
   -0.704772;0.708981;-0.025350;,
   -0.945565;-0.227391;-0.232810;,
   -0.976156;-0.181404;-0.119218;,
   -0.833631;0.091836;-0.544633;,
   -0.963665;-0.264858;0.034627;,
   -0.259229;-0.054358;-0.964285;,
   -0.120278;0.867686;-0.482343;,
   0.155431;0.208479;0.965597;,
   0.125515;-0.036482;0.991421;,
   0.065834;0.077410;0.994824;,
   -0.154637;0.922504;-0.353658;,
   -0.120278;0.867686;-0.482343;,
   -0.704772;0.708981;-0.025350;,
   -0.071922;0.685926;0.724108;,
   -0.930123;-0.291145;-0.223842;,
   -0.821554;0.565843;-0.069793;,
   -0.833631;0.091836;-0.544633;,
   -0.254904;-0.054049;-0.965455;,
   -0.274137;-0.059751;-0.959833;,
   -0.815305;0.056686;0.576251;,
   -0.205478;0.678066;0.705695;,
   -0.265415;0.150770;0.952273;,
   -0.807008;-0.110520;0.580106;,
   -0.128359;-0.065860;0.989539;,
   0.125515;-0.036482;0.991421;,
   -0.211250;0.097236;0.972583;,
   -0.930123;-0.291145;-0.223842;,
   -0.335744;-0.163434;-0.927667;,
   0.881912;-0.335039;0.331633;,
   0.467341;-0.237065;0.851700;,
   0.888376;-0.235590;0.394064;,
   0.889491;-0.274304;0.365463;,
   0.763115;-0.249692;0.596078;,
   0.165094;-0.053150;0.984845;,
   -0.000067;0.088078;0.996114;,
   -0.385024;-0.197993;-0.901419;,
   -0.849701;0.087971;0.519874;,
   -0.020880;0.452013;-0.891767;,
   -0.060242;0.164124;-0.984599;,
   -0.090524;-0.094118;-0.991437;,
   -0.716863;0.247845;0.651675;,
   -0.716863;0.247845;0.651675;;
   377;
   3;0,1,2;,
   3;1,0,3;,
   3;4,5,6;,
   3;5,4,7;,
   3;8,9,10;,
   3;9,8,11;,
   3;12,13,14;,
   3;13,12,15;,
   3;16,12,17;,
   3;12,16,15;,
   3;18,19,20;,
   3;19,18,16;,
   3;21,6,5;,
   3;6,21,22;,
   3;14,23,24;,
   3;23,14,13;,
   3;25,26,27;,
   3;26,25,28;,
   3;29,30,31;,
   3;30,29,32;,
   3;33,30,32;,
   3;30,33,34;,
   3;34,35,30;,
   3;35,34,36;,
   3;32,19,37;,
   3;19,32,29;,
   3;14,38,12;,
   3;38,14,39;,
   3;39,33,38;,
   3;33,39,40;,
   3;36,41,35;,
   3;12,37,17;,
