xof 0303txt 0032
template ColorRGBA {
 <35ff44e0-6c7c-11cf-8f52-0040333594a3>
 FLOAT red;
 FLOAT green;
 FLOAT blue;
 FLOAT alpha;
}

template ColorRGB {
 <d3e16e81-7835-11cf-8f52-0040333594a3>
 FLOAT red;
 FLOAT green;
 FLOAT blue;
}

template Material {
 <3d82ab4d-62da-11cf-ab39-0020af71e433>
 ColorRGBA faceColor;
 FLOAT power;
 ColorRGB specularColor;
 ColorRGB emissiveColor;
 [...]
}

template TextureFilename {
 <a42790e1-7810-11cf-8f52-0040333594a3>
 STRING filename;
}

template Frame {
 <3d82ab46-62da-11cf-ab39-0020af71e433>
 [...]
}

template Matrix4x4 {
 <f6f23f45-7686-11cf-8f52-0040333594a3>
 array FLOAT matrix[16];
}

template FrameTransformMatrix {
 <f6f23f41-7686-11cf-8f52-0040333594a3>
 Matrix4x4 frameMatrix;
}

template Vector {
 <3d82ab5e-62da-11cf-ab39-0020af71e433>
 FLOAT x;
 FLOAT y;
 FLOAT z;
}

template MeshFace {
 <3d82ab5f-62da-11cf-ab39-0020af71e433>
 DWORD nFaceVertexIndices;
 array DWORD faceVertexIndices[nFaceVertexIndices];
}

template Mesh {
 <3d82ab44-62da-11cf-ab39-0020af71e433>
 DWORD nVertices;
 array Vector vertices[nVertices];
 DWORD nFaces;
 array MeshFace faces[nFaces];
 [...]
}

template MeshNormals {
 <f6f23f43-7686-11cf-8f52-0040333594a3>
 DWORD nNormals;
 array Vector normals[nNormals];
 DWORD nFaceNormals;
 array MeshFace faceNormals[nFaceNormals];
}

template MeshMaterialList {
 <f6f23f42-7686-11cf-8f52-0040333594a3>
 DWORD nMaterials;
 DWORD nFaceIndexes;
 array DWORD faceIndexes[nFaceIndexes];
 [Material <3d82ab4d-62da-11cf-ab39-0020af71e433>]
}

template Coords2d {
 <f6f23f44-7686-11cf-8f52-0040333594a3>
 FLOAT u;
 FLOAT v;
}

template MeshTextureCoords {
 <f6f23f40-7686-11cf-8f52-0040333594a3>
 DWORD nTextureCoords;
 array Coords2d textureCoords[nTextureCoords];
}

template XSkinMeshHeader {
 <3cf169ce-ff7c-44ab-93c0-f78f62d172e2>
 WORD nMaxSkinWeightsPerVertex;
 WORD nMaxSkinWeightsPerFace;
 WORD nBones;
}

template SkinWeights {
 <6f0d123b-bad2-4167-a0d0-80224f25fabb>
 STRING transformNodeName;
 DWORD nWeights;
 array DWORD vertexIndices[nWeights];
 array FLOAT weights[nWeights];
 Matrix4x4 matrixOffset;
}

template AnimTicksPerSecond {
 <9e415a43-7ba6-4a73-8743-b73d47e88476>
 DWORD AnimTicksPerSecond;
}

template Animation {
 <3d82ab4f-62da-11cf-ab39-0020af71e433>
 [...]
}

template AnimationSet {
 <3d82ab50-62da-11cf-ab39-0020af71e433>
 [Animation <3d82ab4f-62da-11cf-ab39-0020af71e433>]
}

template FloatKeys {
 <10dd46a9-775b-11cf-8f52-0040333594a3>
 DWORD nValues;
 array FLOAT values[nValues];
}

template TimedFloatKeys {
 <f406b180-7b3b-11cf-8f52-0040333594a3>
 DWORD time;
 FloatKeys tfkeys;
}

template AnimationKey {
 <10dd46a8-775b-11cf-8f52-0040333594a3>
 DWORD keyType;
 DWORD nKeys;
 array TimedFloatKeys keys[nKeys];
}


Material _21_-_Default {
 1.000000;1.000000;1.000000;1.000000;;
 9.999999;
 0.000000;0.000000;0.000000;;
 0.000000;0.000000;0.000000;;

 TextureFilename {
  "WeddingJacket.png";
 }
}

Frame Dummy01 {
 

 FrameTransformMatrix {
  1.000000,0.000000,0.000000,0.000000,0.000000,-0.000000,-1.000000,0.000000,0.000000,1.000000,-0.000000,0.000000,0.000000,0.000000,0.000000,1.000000;;
 }

 Frame Bip01 {
  

  FrameTransformMatrix {
   -0.087155,0.982405,-0.165183,0.000000,-0.000001,0.165814,0.986157,0.000000,0.996195,0.085949,-0.014450,0.000000,-0.010000,-0.012284,0.490453,1.000000;;
  }

  Frame Bip01_Pelvis {
   

   FrameTransformMatrix {
    0.000000,1.000000,-0.000001,0.000000,-0.000001,0.000001,1.000000,0.000000,1.000000,0.000000,0.000001,0.000000,0.000000,0.000000,0.000000,1.000000;;
   }

   Frame Bip01_Spine {
    

    FrameTransformMatrix {
     0.984686,0.000002,-0.174337,0.000000,-0.000001,1.000000,0.000004,0.000000,0.174337,-0.000004,0.984686,0.000000,0.051619,0.000000,-0.000083,1.000000;;
    }

    Frame Bip01_Spine1 {
     

     FrameTransformMatrix {
      0.997819,0.052687,0.039774,0.000000,-0.044862,0.983198,-0.176942,0.000000,-0.048428,0.174771,0.983417,0.000000,0.106484,-0.000015,-0.000083,1.000000;;
     }

     Frame Bip01_Neck {
      

      FrameTransformMatrix {
       0.966067,-0.020835,0.257451,0.000000,0.025191,0.999590,-0.013632,0.000000,-0.257061,0.019655,0.966195,0.000000,0.130511,-0.000001,0.004626,1.000000;;
      }

      Frame Bip01_Head {
       

       FrameTransformMatrix {
        0.989321,-0.051753,-0.136255,0.000000,0.064251,0.993958,0.088989,0.000000,0.130826,-0.096793,0.986669,0.000000,0.033674,-0.000000,0.000000,1.000000;;
       }
      }

      Frame Bip01_L_Clavicle {
       

       FrameTransformMatrix {
        -0.205975,0.976135,0.068811,0.000000,0.943873,0.216738,-0.249254,0.000000,-0.258220,0.013609,-0.965990,0.000000,-0.024734,0.015166,0.002017,1.000000;;
       }

       Frame Bip01_L_UpperArm {
        

        FrameTransformMatrix {
         0.385871,-0.777669,0.496320,0.000000,0.922466,0.332598,-0.196046,0.000000,-0.012616,0.533487,0.845714,0.000000,0.073469,0.000000,-0.000000,1.000000;;
        }

        Frame Bip01_L_Forearm {
         

         FrameTransformMatrix {
          0.943939,0.000000,-0.330119,0.000000,0.000000,1.000000,-0.000000,0.000000,0.330119,-0.000000,0.943939,0.000000,0.148340,0.000000,-0.000000,1.000000;;
         }

         Frame Bip01_L_Hand {
          

          FrameTransformMatrix {
           1.000000,-0.000000,0.000000,0.000000,0.000000,0.000796,1.000000,0.000000,0.000000,-1.000000,0.000796,0.000000,0.131860,-0.000000,0.000000,1.000000;;
          }

          Frame Bip01_L_Finger0 {
           

           FrameTransformMatrix {
            0.690342,-0.181727,0.700288,0.000000,0.558537,0.749101,-0.356210,0.000000,-0.459853,0.637043,0.618637,0.000000,0.057681,-0.023605,-0.000272,1.000000;;
           }
          }

          Frame Bip01_L_Finger1 {
           

           FrameTransformMatrix {
            0.728079,-0.000546,0.685493,0.000000,0.000000,1.000000,0.000796,0.000000,-0.685493,-0.000580,0.728079,0.000000,0.084102,0.000000,0.000000,1.000000;;
           }
          }
         }
        }
       }
      }

      Frame Bip01_R_Clavicle {
       

       FrameTransformMatrix {
        -0.028509,-0.999573,-0.006461,0.000000,-0.965665,0.025871,0.258498,0.000000,-0.258220,0.013609,-0.965990,0.000000,-0.024080,-0.016250,0.001399,1.000000;;
       }

       Frame Bip01_R_UpperArm {
        

        FrameTransformMatrix {
         0.221390,0.975047,0.016433,0.000000,-0.974986,0.221654,-0.016512,0.000000,-0.019742,-0.012366,0.999728,0.000000,0.073469,0.000000,-0.000000,1.000000;;
        }

        Frame Bip01_R_Forearm {
         

         FrameTransformMatrix {
          0.915660,-0.000000,-0.401954,0.000000,-0.000000,1.000000,-0.000000,0.000000,0.401954,-0.000000,0.915660,0.000000,0.148340,0.000000,-0.000000,1.000000;;
         }

         Frame Bip01_R_Hand {
          

          FrameTransformMatrix {
           0.975195,-0.000000,-0.221346,0.000000,-0.221346,0.000796,-0.975195,0.000000,0.000176,1.000000,0.000777,0.000000,0.131860,0.000000,0.000000,1.000000;;
          }

          Frame Bip01_R_Finger0 {
           

           FrameTransformMatrix {
            0.417774,-0.116941,0.900994,0.000000,-0.558537,0.749101,0.356210,0.000000,-0.716591,-0.652054,0.247639,0.000000,0.057681,0.023605,-0.000272,1.000000;;
           }
          }

          Frame Bip01_R_Finger1 {
           

           FrameTransformMatrix {
            0.352436,0.000745,0.935835,0.000000,-0.000000,1.000000,-0.000796,0.000000,-0.935836,0.000281,0.352436,0.000000,0.084102,-0.000000,0.000000,1.000000;;
           }
          }
         }
        }
       }
      }
     }

     Frame Bip01_BackPack {
      

      FrameTransformMatrix {
       0.180560,0.080500,-0.980264,0.000000,0.047560,0.994764,0.090451,0.000000,0.982413,-0.062954,0.175786,0.000000,0.063697,0.000003,-0.088856,1.000000;;
      }
     }
    }

    Frame Bip01_L_Thigh {
     

     FrameTransformMatrix {
      -0.888504,0.030427,0.457858,0.000000,-0.032107,-0.999476,0.004114,0.000000,0.457744,-0.011045,0.889016,0.000000,-0.050843,0.055225,-0.008917,1.000000;;
     }

     Frame Bip01_L_Calf {
      

      FrameTransformMatrix {
       0.942235,-0.000000,-0.334952,0.000000,-0.000000,1.000000,-0.000000,0.000000,0.334952,-0.000000,0.942235,0.000000,0.237500,0.000000,-0.000000,1.000000;;
      }

      Frame Bip01_L_Foot {
       

       FrameTransformMatrix {
        0.924325,-0.026487,0.380687,0.000000,-0.068962,0.969570,0.234901,0.000000,-0.375325,-0.243378,0.894371,0.000000,0.206841,0.000000,0.000000,1.000000;;
       }

       Frame Bip01_L_Toe0 {
        

        FrameTransformMatrix {
         0.000000,0.000000,1.000000,0.000000,0.000000,1.000000,-0.000000,0.000000,-1.000000,0.000000,0.000000,0.000000,0.065373,0.000000,0.066450,1.000000;;
        }
       }
      }
     }
    }

    Frame Bip01_R_Thigh {
     

     FrameTransformMatrix {
      -0.996965,0.030321,-0.071704,0.000000,-0.029454,-0.999480,-0.013113,0.000000,-0.072065,-0.010961,0.997340,0.000000,-0.050843,-0.055225,-0.008917,1.000000;;
     }

     Frame Bip01_R_Calf {
      

      FrameTransformMatrix {
       0.730239,0.000000,-0.683192,0.000000,0.000000,1.000000,0.000000,0.000000,0.683192,0.000000,0.730239,0.000000,0.237500,0.000000,0.000000,1.000000;;
      }

      Frame Bip01_R_Foot {
       

       FrameTransformMatrix {
        0.991957,0.087165,-0.091782,0.000000,-0.093276,0.993546,-0.064539,0.000000,0.085565,0.072581,0.993685,0.000000,0.206841,0.000000,0.000000,1.000000;;
       }

       Frame Bip01_R_Toe0 {
        

        FrameTransformMatrix {
         0.000000,0.000000,1.000000,0.000000,0.000000,1.000000,-0.000000,0.000000,-1.000000,0.000000,0.000000,0.000000,0.065373,0.000000,0.066450,1.000000;;
        }
       }
      }
     }
    }
   }

   Frame Bip01_DressFront {
    

    FrameTransformMatrix {
     -0.880185,-0.088339,0.466338,0.000000,0.121847,0.907542,0.401896,0.000000,-0.458725,0.410564,-0.788041,0.000000,-0.043935,0.001339,0.061057,1.000000;;
    }

    Frame Bip01_DressFront02 {
     

     FrameTransformMatrix {
      0.912593,0.000001,0.408870,0.000000,-0.000001,1.000000,-0.000000,0.000000,-0.408870,-0.000000,0.912593,0.000000,0.183378,-0.000000,-0.000120,1.000000;;
     }
    }
   }

   Frame Bip01_DressBack {
    

    FrameTransformMatrix {
     -0.886023,0.038029,0.462080,0.000000,0.191625,0.937561,0.290274,0.000000,-0.422190,0.345735,-0.837988,0.000000,-0.047673,-0.000048,-0.078302,1.000000;;
    }

    Frame Bip01_DressBack02 {
     

     FrameTransformMatrix {
      0.936852,0.174932,-0.302833,0.000000,-0.166408,0.984581,0.053939,0.000000,0.307600,-0.000139,0.951516,0.000000,0.176125,0.000000,-0.000103,1.000000;;
     }
    }
   }
  }

  Frame Bip01_Prop1 {
   

   FrameTransformMatrix {
    -0.233929,-0.108090,0.966227,0.000000,0.687222,0.684611,0.242967,0.000000,-0.687752,0.720849,-0.085868,0.000000,0.072994,-0.055506,-0.134034,1.000000;;
   }
  }

  Frame Bip01_Prop2 {
   

   FrameTransformMatrix {
    -0.163643,-0.967062,0.194966,0.000000,0.985576,-0.168906,-0.010564,0.000000,0.043147,0.190425,0.980753,0.000000,-0.140709,-0.103585,0.102365,1.000000;;
   }
  }
 }
}

Frame Translation_Data {
 

 FrameTransformMatrix {
  1.000000,0.000000,0.000000,0.000000,0.000000,-0.000000,-1.000000,0.000000,0.000000,1.000000,-0.000000,0.000000,0.000000,0.000000,0.000000,1.000000;;
 }
}

Frame Kate_WeddingJacket {
 

 FrameTransformMatrix {
  1.000000,0.000000,0.000000,0.000000,0.000000,1.000000,0.000000,0.000000,0.000000,0.000000,1.000000,0.000000,0.000000,0.000000,0.000000,1.000000;;
 }

 Mesh Kate_WeddingJacket {
  304;
  0.075111;0.787308;0.010116;,
  0.036752;0.776163;0.001044;,
  0.042244;0.799418;0.023215;,
  0.079890;0.762958;-0.001724;,
  0.088362;0.742222;-0.007059;,
  0.054028;0.711828;-0.044843;,
  0.041879;0.745529;-0.021951;,
  0.088777;0.706375;-0.009144;,
  0.031559;0.807973;0.070348;,
  0.078251;0.778929;0.084360;,
  0.065500;0.805118;0.069953;,
  0.047238;0.779946;0.087532;,
  0.098836;0.553529;0.062096;,
  0.053233;0.561476;0.098864;,
  0.054791;0.549935;0.101779;,
  0.096446;0.563973;0.061832;,
  0.087548;0.566538;-0.015645;,
  0.100527;0.539828;0.006000;,
  0.051896;0.561461;-0.045159;,
  0.079498;0.515999;-0.029363;,
  0.046025;0.506034;-0.040199;,
  0.025184;0.711985;-0.048457;,
  0.031831;0.746038;-0.022476;,
  -0.000091;0.558811;0.105096;,
  -0.000091;0.545623;0.107454;,
  0.054867;0.648206;0.087342;,
  -0.000095;0.681976;0.093474;,
  -0.000095;0.649023;0.092922;,
  0.061441;0.684716;0.089263;,
  0.074679;0.463181;-0.035665;,
  0.119453;0.383320;0.001485;,
  0.077411;0.380286;-0.040372;,
  0.109446;0.467605;0.003843;,
  0.115042;0.460314;0.088197;,
  0.119688;0.388328;0.090181;,
  0.121950;0.313174;0.024713;,
  0.123151;0.286482;0.093350;,
  0.104581;0.511765;0.012014;,
  0.108796;0.505251;0.081736;,
  0.060259;0.503584;0.112186;,
  0.064165;0.460870;0.118360;,
  0.126896;0.265189;0.093534;,
  0.052738;0.604954;0.091335;,
  0.078333;0.649541;0.071822;,
  0.089703;0.657881;0.049166;,
  0.079924;0.618793;-0.011834;,
  0.083517;0.671405;-0.006690;,
  0.088970;0.609289;0.062254;,
  0.050523;0.676100;-0.052897;,
  0.047698;0.618865;-0.043185;,
  0.134853;0.796376;0.002634;,
  0.185388;0.793972;0.010223;,
  0.117527;0.731678;0.007296;,
  0.234412;0.719224;0.012418;,
  0.177868;0.724625;0.010253;,
  0.240149;0.787153;0.012466;,
  0.123431;0.734032;0.071732;,
  0.177868;0.724625;0.010253;,
  0.172795;0.725121;0.084247;,
  0.225175;0.719634;0.086838;,
  0.234412;0.719224;0.012418;,
  0.126148;0.740854;0.085409;,
  0.179939;0.794524;0.084331;,
  0.130003;0.796499;0.079025;,
  0.230973;0.787182;0.086957;,
  0.133355;0.806422;0.035994;,
  0.265709;0.782578;0.012920;,
  0.323018;0.714750;0.014236;,
  0.262810;0.717093;0.014039;,
  0.322925;0.772429;0.013293;,
  0.363120;0.709764;0.011586;,
  0.371424;0.761901;0.010721;,
  0.262810;0.717093;0.014039;,
  0.320511;0.716499;0.078692;,
  0.258747;0.717779;0.084641;,
  0.323018;0.714750;0.014236;,
  0.363891;0.716025;0.076629;,
  0.363120;0.709764;0.011586;,
  0.320094;0.773083;0.077463;,
  0.261599;0.782859;0.083718;,
  0.371291;0.762880;0.074037;,
  0.096504;0.802880;0.069962;,
  0.101665;0.808454;0.035020;,
  0.065500;0.805118;0.069953;,
  0.065881;0.807781;0.036404;,
  0.090625;0.691220;0.082446;,
  0.042361;0.807652;0.041969;,
  0.096034;0.793538;0.006698;,
  0.079890;0.762958;-0.001724;,
  0.075111;0.787308;0.010116;,
  0.104263;0.762163;0.000077;,
  0.101306;0.734805;0.089762;,
  0.058864;0.722048;0.094066;,
  0.104281;0.738967;0.087419;,
  0.000000;0.716395;0.096386;,
  0.000000;0.776462;0.090623;,
  0.078251;0.778929;0.084360;,
  0.104281;0.738967;0.087419;,
  0.105685;0.725368;0.023693;,
  0.111253;0.729243;0.072834;,
  0.117527;0.731678;0.007296;,
  0.093782;0.695339;0.045190;,
  0.087539;0.699151;0.011666;,
  0.088362;0.742222;-0.007059;,
  0.098863;0.694518;0.063143;,
  0.065881;0.807781;0.036404;,
  -0.000088;0.560340;-0.049792;,
  -0.001468;0.499247;-0.047714;,
  -0.000046;0.500968;0.117798;,
  -0.000010;0.460444;0.123511;,
  -0.000098;0.604217;0.095050;,
  0.042361;0.807652;0.041969;,
  0.065881;0.807781;0.036404;,
  0.111253;0.729243;0.072834;,
  0.000000;0.807498;0.076839;,
  0.108492;0.725329;0.041183;,
  0.105685;0.725368;0.023693;,
  0.016835;0.676131;-0.056361;,
  0.088362;0.742222;-0.007059;,
  -0.000095;0.614738;-0.049906;,
  0.022798;0.458475;-0.048719;,
  0.009945;0.292858;0.122080;,
  0.063394;0.234472;0.117715;,
  0.085709;0.290329;0.114273;,
  0.026011;0.258503;0.121206;,
  0.076451;0.383659;0.117283;,
  0.004573;0.385278;0.123624;,
  0.000668;0.439293;0.124107;,
  0.108492;0.725329;0.041183;,
  -0.073750;0.789901;0.005225;,
  -0.036752;0.776163;0.001044;,
  -0.079890;0.762958;-0.001724;,
  -0.042244;0.799418;0.023215;,
  -0.088362;0.742222;-0.007059;,
  -0.054203;0.711828;-0.044844;,
  -0.088951;0.706375;-0.009144;,
  -0.041879;0.745530;-0.031181;,
  -0.031257;0.808085;0.070432;,
  -0.078409;0.778600;0.084475;,
  -0.047238;0.779946;0.087532;,
  -0.065604;0.805255;0.069777;,
  -0.099017;0.553530;0.062096;,
  -0.053414;0.561476;0.098864;,
  -0.096627;0.563973;0.061832;,
  -0.054972;0.549936;0.101779;,
  -0.087729;0.566538;-0.015645;,
  -0.100708;0.539830;0.006000;,
  -0.052077;0.561462;-0.045159;,
  -0.079716;0.516002;-0.029363;,
  -0.046274;0.506028;-0.040189;,
  -0.000091;0.558811;0.105096;,
  -0.000091;0.545623;0.107454;,
  -0.055058;0.648206;0.087342;,
  -0.000095;0.681976;0.093474;,
  -0.061616;0.684716;0.089263;,
  -0.000095;0.649023;0.092922;,
  -0.074832;0.463185;-0.035665;,
  -0.120801;0.383320;0.001485;,
  -0.109597;0.467612;0.003845;,
  -0.077581;0.380286;-0.040372;,
  -0.122113;0.313174;0.024713;,
  -0.115062;0.460321;0.088196;,
  -0.119727;0.388328;0.090181;,
  -0.123183;0.286482;0.093350;,
  -0.104799;0.511771;0.012015;,
  -0.108887;0.505255;0.081736;,
  -0.060350;0.503586;0.112186;,
  -0.064187;0.460873;0.118359;,
  -0.115062;0.460321;0.088196;,
  -0.052935;0.604954;0.091335;,
  -0.078524;0.649541;0.071822;,
  -0.089893;0.657881;0.049166;,
  -0.080115;0.618793;-0.011834;,
  -0.089167;0.609289;0.062254;,
  -0.083708;0.671405;-0.006690;,
  -0.050713;0.676100;-0.052897;,
  -0.047889;0.618865;-0.043185;,
  -0.134853;0.796376;0.002634;,
  -0.117527;0.731678;0.007296;,
  -0.185388;0.793972;0.010223;,
  -0.234412;0.719224;0.012418;,
  -0.240149;0.787153;0.012466;,
  -0.177868;0.724625;0.010253;,
  -0.122140;0.728937;0.075618;,
  -0.172795;0.725121;0.084247;,
  -0.177868;0.724625;0.010253;,
  -0.225175;0.719634;0.086838;,
  -0.234412;0.719224;0.012418;,
  -0.126148;0.740854;0.085409;,
  -0.179939;0.794524;0.084331;,
  -0.130003;0.796499;0.079025;,
  -0.230973;0.787183;0.086957;,
  -0.133355;0.806422;0.035994;,
  -0.265709;0.782579;0.012920;,
  -0.323018;0.714750;0.014236;,
  -0.322924;0.772429;0.013293;,
  -0.262810;0.717094;0.014039;,
  -0.363127;0.709875;0.011475;,
  -0.371424;0.761901;0.010721;,
  -0.262810;0.717094;0.014039;,
  -0.320362;0.716553;0.078749;,
  -0.323018;0.714750;0.014236;,
  -0.258747;0.717780;0.084641;,
  -0.363539;0.712028;0.076398;,
  -0.363127;0.709875;0.011475;,
  -0.320094;0.773084;0.077463;,
  -0.261599;0.782859;0.083718;,
  -0.371288;0.762857;0.074061;,
  -0.097001;0.802804;0.070134;,
  -0.101665;0.808454;0.035020;,
  -0.065604;0.805255;0.069777;,
  -0.065781;0.807612;0.035681;,
  -0.090800;0.691220;0.082446;,
  -0.042046;0.807780;0.041611;,
  -0.096034;0.793538;0.006698;,
  -0.079890;0.762958;-0.001724;,
  -0.104263;0.762163;0.000077;,
  -0.073750;0.789901;0.005225;,
  -0.101306;0.734805;0.089762;,
  -0.104281;0.738967;0.087419;,
  -0.058864;0.722048;0.094066;,
  0.000000;0.716395;0.096386;,
  0.000000;0.776462;0.090623;,
  -0.078409;0.778600;0.084475;,
  -0.104281;0.738967;0.087419;,
  -0.105685;0.725368;0.023693;,
  -0.117527;0.731678;0.007296;,
  -0.111253;0.729243;0.072834;,
  -0.093956;0.695339;0.045190;,
  -0.087713;0.699151;0.011666;,
  -0.088362;0.742222;-0.007059;,
  -0.099038;0.694518;0.063143;,
  -0.031556;0.459864;-0.043917;,
  -0.065781;0.807612;0.035681;,
  -0.000046;0.500968;0.117798;,
  -0.000010;0.460444;0.123511;,
  -0.000098;0.604217;0.095050;,
  -0.042046;0.807780;0.041611;,
  -0.065781;0.807612;0.035681;,
  -0.111253;0.729243;0.072834;,
  0.000000;0.807498;0.076839;,
  -0.108492;0.725329;0.041183;,
  -0.105685;0.725368;0.023693;,
  -0.088362;0.742222;-0.007059;,
  -0.031556;0.459864;-0.043917;,
  -0.046274;0.506028;-0.040189;,
  -0.123183;0.286482;0.093350;,
  -0.070806;0.232399;0.118790;,
  -0.085700;0.291798;0.118043;,
  -0.119727;0.388328;0.090181;,
  -0.076371;0.382993;0.120152;,
  -0.000010;0.460444;0.123511;,
  -0.064187;0.460873;0.118359;,
  -0.108492;0.725329;0.041183;,
  -0.002244;0.479218;-0.046004;,
  0.119688;0.388328;0.090181;,
  0.064165;0.460870;0.118360;,
  0.115042;0.460314;0.088197;,
  0.123151;0.286482;0.093350;,
  0.126896;0.265189;0.093534;,
  -0.007460;0.385278;0.123624;,
  -0.016927;0.292858;0.122080;,
  -0.034611;0.258503;0.121206;,
  -0.115062;0.460321;0.088196;,
  -0.032498;0.746009;-0.022447;,
  -0.026826;0.711976;-0.048228;,
  -0.019439;0.676127;-0.056000;,
  -0.126926;0.265189;0.093534;,
  -0.126926;0.265189;0.093534;,
  -0.026826;0.711976;-0.048228;,
  0.000000;0.705999;0.000000;,
  -0.019439;0.676127;-0.056000;,
  -0.031257;0.808085;0.070432;,
  0.000000;0.744524;0.000000;,
  -0.042046;0.807780;0.041611;,
  -0.000095;0.614738;-0.049906;,
  -0.032498;0.746009;-0.022447;,
  0.000000;0.744524;0.000000;,
  -0.036752;0.776163;0.001044;,
  -0.042244;0.799418;0.023215;,
  -0.042046;0.807780;0.041611;,
  0.000000;0.744524;0.000000;,
  0.000000;0.807498;0.076839;,
  0.000000;0.744524;0.000000;,
  0.031559;0.807973;0.070348;,
  0.000000;0.744524;0.000000;,
  0.000000;0.807498;0.076839;,
  0.042361;0.807652;0.041969;,
  0.000000;0.744524;0.000000;,
  0.042244;0.799418;0.023215;,
  0.000000;0.744524;0.000000;,
  0.042361;0.807652;0.041969;,
  0.036752;0.776163;0.001044;,
  0.031831;0.746038;-0.022476;,
  0.025184;0.711985;-0.048457;,
  0.016835;0.676131;-0.056361;,
  0.371424;0.761901;0.010721;,
  0.363891;0.716025;0.076629;,
  0.363120;0.709764;0.011586;,
  0.371291;0.762880;0.074037;,
  -0.371288;0.762857;0.074061;,
  -0.363127;0.709875;0.011475;,
  -0.363539;0.712028;0.076398;,
  -0.371424;0.761901;0.010721;;
  399;
  3;0,1,2;,
  3;1,0,3;,
  3;4,5,6;,
  3;5,4,7;,
  3;8,9,10;,
  3;9,8,11;,
  3;12,13,14;,
  3;13,12,15;,
  3;16,12,17;,
  3;12,16,15;,
  3;18,19,20;,
  3;19,18,16;,
  3;21,6,5;,
  3;6,21,22;,
  3;14,23,24;,
  3;23,14,13;,
  3;25,26,27;,
  3;26,25,28;,
  3;29,30,31;,
  3;30,29,32;,
  3;33,30,32;,
  3;30,33,34;,
  3;34,35,30;,
  3;35,34,36;,
  3;32,19,37;,
  3;19,32,29;,
  3;14,38,12;,
  3;38,14,39;,
  3;39,33,38;,
  3;33,39,40;,
  3;36,41,35;,
  3;12,37,17;,
  3;37,12,38;,
  3;38,32,37;,
  3;32,38,33;,
  3;42,43,25;,
  3;44,45,46;,
  3;45,44,47;,
  3;45,48,46;,
  3;48,45,49;,
  3;50,51,52;,
  3;51,53,54;,
  3;53,51,55;,
  3;56,57,58;,
  3;57,59,58;,
  3;59,57,60;,
  3;61,62,63;,
  3;61,58,62;,
  3;61,56,58;,
  3;58,64,62;,
  3;64,58,59;,
  3;65,62,51;,
  3;62,55,51;,
  3;55,62,64;,
  3;66,67,68;,
  3;67,66,69;,
  3;69,70,67;,
  3;70,69,71;,
  3;72,73,74;,
  3;73,72,75;,
  3;75,76,73;,
  3;76,75,77;,
  3;74,78,79;,
  3;78,74,73;,
  3;73,80,78;,
  3;80,73,76;,
  3;79,69,66;,
  3;69,79,78;,
  3;78,71,69;,
  3;71,78,80;,
  3;64,66,55;,
  3;66,64,79;,
  3;55,68,53;,
  3;68,55,66;,
  3;59,72,74;,
  3;72,59,60;,
  3;74,64,59;,
  3;64,74,79;,
  3;81,65,82;,
  3;65,81,63;,
  3;82,83,81;,
  3;83,82,84;,
  3;43,28,25;,
  3;28,43,85;,
  3;10,86,8;,
  3;87,88,89;,
  3;88,87,90;,
  3;50,90,87;,
  3;91,11,92;,
  3;91,9,11;,
  3;91,93,9;,
  3;94,11,95;,
  3;11,94,92;,
  3;81,83,96;,
  3;63,97,61;,
  3;63,96,97;,
  3;63,81,96;,
  3;98,56,99;,
  3;56,98,100;,
  3;46,101,44;,
  3;101,46,102;,
  3;103,100,98;,
  3;7,102,46;,
  3;101,104,44;,
  3;19,29,20;,
  3;16,17,19;,
  3;17,37,19;,
  3;86,10,105;,
  3;20,106,18;,
  3;106,20,107;,
  3;24,39,14;,
  3;39,24,108;,
  3;39,109,40;,
  3;109,39,108;,
  3;57,56,100;,
  3;52,51,54;,
  3;49,16,18;,
  3;16,49,45;,
  3;45,15,16;,
  3;15,45,47;,
  3;15,42,13;,
  3;42,15,47;,
  3;13,110,23;,
  3;110,13,42;,
  3;111,112,2;,
  3;2,112,0;,
  3;89,82,87;,
  3;82,89,84;,
  3;87,65,50;,
  3;65,87,82;,
  3;65,51,50;,
  3;62,65,63;,
  3;47,44,43;,
  3;91,113,93;,
  3;44,85,43;,
  3;85,44,104;,
  3;43,42,47;,
  3;114,11,8;,
  3;28,94,26;,
  3;94,28,92;,
  3;92,85,91;,
  3;85,92,28;,
  3;85,113,91;,
  3;113,85,104;,
  3;113,101,115;,
  3;101,113,104;,
  3;115,102,116;,
  3;102,115,101;,
  3;7,116,102;,
  3;116,7,4;,
  3;48,21,5;,
  3;21,48,117;,
  3;48,7,46;,
  3;7,48,5;,
  3;6,3,4;,
  3;3,6,1;,
  3;118,90,52;,
  3;90,118,88;,
  3;90,50,52;,
  3;61,99,56;,
  3;99,61,97;,
  3;22,1,6;,
  3;27,42,25;,
  3;42,27,110;,
  3;114,95,11;,
  3;18,119,49;,
  3;119,18,106;,
  3;31,120,29;,
  3;29,120,20;,
  3;121,122,123;,
  3;122,121,124;,
  3;125,121,123;,
  3;121,125,126;,
  3;125,127,126;,
  3;98,99,128;,
  3;129,130,131;,
  3;130,129,132;,
  3;133,134,135;,
  3;134,133,136;,
  3;137,138,139;,
  3;138,137,140;,
  3;141,142,143;,
  3;142,141,144;,
  3;145,141,143;,
  3;141,145,146;,
  3;147,148,145;,
  3;148,147,149;,
  3;144,150,142;,
  3;150,144,151;,
  3;152,153,154;,
  3;153,152,155;,
  3;156,157,158;,
  3;157,156,159;,
  3;159,160,157;,
  3;161,157,162;,
  3;157,161,158;,
  3;162,160,163;,
  3;160,162,157;,
  3;158,148,156;,
  3;148,158,164;,
  3;144,165,166;,
  3;165,144,141;,
  3;166,161,167;,
  3;161,166,165;,
  3;141,164,165;,
  3;164,141,146;,
  3;165,158,168;,
  3;158,165,164;,
  3;169,152,170;,
  3;171,172,173;,
  3;172,171,174;,
  3;172,175,176;,
  3;175,172,174;,
  3;177,178,179;,
  3;179,180,181;,
  3;180,179,182;,
  3;183,184,185;,
  3;185,186,187;,
  3;186,185,184;,
  3;188,184,183;,
  3;188,189,184;,
  3;188,190,189;,
  3;184,191,186;,
  3;191,184,189;,
  3;192,179,189;,
  3;189,181,191;,
  3;181,189,179;,
  3;193,194,195;,
  3;194,193,196;,
  3;195,197,198;,
  3;197,195,194;,
  3;199,200,201;,
  3;200,199,202;,
  3;201,203,204;,
  3;203,201,200;,
  3;202,205,200;,
  3;205,202,206;,
  3;200,207,203;,
  3;207,200,205;,
  3;206,195,205;,
  3;195,206,193;,
  3;205,198,207;,
  3;198,205,195;,
  3;191,193,206;,
  3;193,191,181;,
  3;181,196,193;,
  3;196,181,180;,
  3;186,199,187;,
  3;199,186,202;,
  3;202,191,206;,
  3;191,202,186;,
  3;208,192,190;,
  3;192,208,209;,
  3;209,210,211;,
  3;210,209,208;,
  3;170,154,212;,
  3;154,170,152;,
  3;140,137,213;,
  3;214,215,216;,
  3;215,214,217;,
  3;177,214,216;,
  3;218,138,219;,
  3;218,139,138;,
  3;218,220,139;,
  3;221,139,220;,
  3;139,221,222;,
  3;208,223,210;,
  3;190,223,208;,
  3;190,224,223;,
  3;190,188,224;,
  3;225,183,226;,
  3;183,225,227;,
  3;174,228,229;,
  3;228,174,171;,
  3;230,225,226;,
  3;135,174,229;,
  3;228,171,231;,
  3;149,232,156;,
  3;148,149,156;,
  3;145,148,146;,
  3;146,148,164;,
  3;213,233,140;,
  3;149,106,107;,
  3;106,149,147;,
  3;151,166,234;,
  3;166,151,144;,
  3;166,235,234;,
  3;235,166,167;,
  3;185,226,183;,
  3;178,182,179;,
  3;176,145,172;,
  3;145,176,147;,
  3;172,143,173;,
  3;143,172,145;,
  3;143,169,173;,
  3;169,143,142;,
  3;142,236,169;,
  3;236,142,150;,
  3;237,132,238;,
  3;132,129,238;,
  3;217,209,211;,
  3;209,217,214;,
  3;214,192,209;,
  3;192,214,177;,
  3;192,177,179;,
  3;189,190,192;,
  3;173,170,171;,
  3;218,219,239;,
  3;171,212,231;,
  3;212,171,170;,
  3;170,173,169;,
  3;240,137,139;,
  3;154,221,220;,
  3;221,154,153;,
  3;220,212,154;,
  3;212,220,218;,
  3;212,239,231;,
  3;239,212,218;,
  3;239,228,231;,
  3;228,239,241;,
  3;241,229,228;,
  3;229,241,242;,
  3;135,242,133;,
  3;242,135,229;,
  3;175,135,134;,
  3;135,175,174;,
  3;136,131,130;,
  3;131,136,133;,
  3;243,216,215;,
  3;216,243,178;,
  3;216,178,177;,
  3;188,227,224;,
  3;227,188,183;,
  3;155,169,236;,
  3;169,155,152;,
  3;240,139,222;,
  3;119,147,176;,
  3;147,119,106;,
  3;107,244,245;,
  3;246,247,248;,
  3;248,249,246;,
  3;249,248,250;,
  3;251,252,127;,
  3;252,250,127;,
  3;225,253,227;,
  3;245,244,156;,
  3;244,107,254;,
  3;107,120,254;,
  3;120,107,20;,
  3;255,256,125;,
  3;256,255,257;,
  3;255,123,258;,
  3;123,255,125;,
  3;259,258,122;,
  3;127,250,260;,
  3;261,250,248;,
  3;250,261,260;,
  3;247,261,248;,
  3;261,247,262;,
  3;125,256,127;,
  3;256,251,127;,
  3;252,249,250;,
  3;249,252,263;,
  3;130,264,136;,
  3;136,265,134;,
  3;265,136,264;,
  3;265,175,134;,
  3;175,265,266;,
  3;266,176,175;,
  3;176,266,119;,
  3;49,117,48;,
  3;117,49,119;,
  3;122,258,123;,
  3;247,246,267;,
  3;35,31,30;,
  3;244,159,156;,
  3;160,268,163;,
  3;269,270,271;,
  3;272,273,274;,
  3;271,270,275;,
  3;276,270,269;,
  3;270,276,277;,
  3;278,277,276;,
  3;279,277,278;,
  3;280,281,279;,
  3;282,283,272;,
  3;284,285,286;,
  3;287,288,284;,
  3;289,290,291;,
  3;292,277,289;,
  3;293,277,292;,
  3;293,270,277;,
  3;270,293,294;,
  3;295,270,294;,
  3;270,295,275;,
  3;296,297,298;,
  3;297,296,299;,
  3;300,301,302;,
  3;301,300,303;;

  MeshNormals {
   304;
   -0.045002;0.629766;-0.775480;,
   0.097492;0.560307;-0.822527;,
   -0.003440;0.770226;-0.637761;,
   0.120772;0.397866;-0.909460;,
   0.477898;0.124826;-0.869501;,
   0.427935;0.282560;-0.858506;,
   0.217452;0.535041;-0.816361;,
   0.861679;-0.003156;-0.507444;,
   0.126615;0.754279;0.644230;,
   0.065907;0.304859;0.950114;,
   0.057490;0.849554;0.524360;,
   0.075238;0.334156;0.939510;,
   0.890013;0.297077;0.345863;,
   0.370873;0.197794;0.907376;,
   0.355032;0.261098;0.897653;,
   0.896791;0.239577;0.371979;,
   0.846825;0.125112;-0.516948;,
   0.951667;0.161577;-0.261195;,
   0.368849;0.018029;-0.929314;,
   0.642547;0.044991;-0.764924;,
   0.255055;0.025726;-0.966584;,
   0.106700;0.372627;-0.921827;,
   0.084790;0.596231;-0.798323;,
   0.000005;0.204754;0.978813;,
   -0.000026;0.220960;0.975283;,
   0.290099;-0.036333;0.956307;,
   -0.000054;-0.073380;0.997304;,
   -0.000001;0.011399;0.999935;,
   0.207608;-0.149297;0.966752;,
   0.515865;0.079652;-0.852959;,
   0.910217;-0.007805;-0.414059;,
   0.636125;0.002370;-0.771582;,
   0.922144;0.102696;-0.372968;,
   0.868794;0.131948;0.477270;,
   0.874121;0.065714;0.481243;,
   0.990344;-0.000777;-0.138631;,
   0.830658;0.071560;0.552165;,
   0.953390;0.112173;-0.280116;,
   0.858142;0.232091;0.457958;,
   0.317974;0.226939;0.920538;,
   0.300328;0.099799;0.948601;,
   0.649408;0.120698;0.750801;,
   0.364216;0.103778;0.925514;,
   0.716950;-0.109759;0.688430;,
   0.990387;-0.119161;0.070240;,
   0.897263;0.034980;-0.440109;,
   0.920946;-0.074942;-0.382416;,
   0.917061;0.076931;0.391256;,
   0.454637;-0.011714;-0.890600;,
   0.442647;-0.029264;-0.896219;,
   0.096550;0.554178;-0.826780;,
   0.160254;0.686983;-0.708782;,
   0.043859;-0.737910;-0.673473;,
   -0.030166;-0.708231;-0.705336;,
   -0.055462;-0.712536;-0.699440;,
   0.131491;0.707377;-0.694499;,
   0.037048;-0.910046;0.412848;,
   -0.055462;-0.712536;-0.699440;,
   -0.133069;-0.693040;0.708512;,
   -0.046268;-0.697990;0.714611;,
   -0.030166;-0.708231;-0.705336;,
   0.017171;-0.209244;0.977713;,
   0.056143;0.679533;0.731494;,
   0.043250;0.631231;0.774388;,
   0.108862;0.678774;0.726233;,
   0.118871;0.990953;-0.062305;,
   0.132157;0.694996;-0.706764;,
   -0.054836;-0.723302;-0.688351;,
   -0.019216;-0.724614;-0.688887;,
   0.117980;0.700507;-0.703826;,
   -0.088667;-0.706055;-0.702585;,
   0.094618;0.663911;-0.741802;,
   -0.019216;-0.724614;-0.688887;,
   0.025613;-0.692081;0.721365;,
   0.032002;-0.702475;0.710989;,
   -0.054836;-0.723302;-0.688351;,
   0.002790;-0.648785;0.760967;,
   -0.088667;-0.706055;-0.702585;,
   0.188078;0.706440;0.682326;,
   0.178219;0.695318;0.696255;,
   0.184871;0.709573;0.679947;,
   0.081557;0.790706;0.606739;,
   0.029645;0.987315;-0.155984;,
   0.057490;0.849554;0.524360;,
   -0.023571;0.968241;-0.248906;,
   0.622615;-0.293739;0.725305;,
   -0.009407;0.991887;-0.126778;,
   -0.080551;0.625880;-0.775749;,
   0.120772;0.397866;-0.909460;,
   -0.045002;0.629766;-0.775480;,
   0.139161;0.082090;-0.986861;,
   0.461310;-0.104030;0.881119;,
   0.102744;-0.012112;0.994634;,
   0.299308;-0.118491;0.946771;,
   0.000057;-0.004907;0.999988;,
   -0.000001;0.251594;0.967833;,
   0.065907;0.304859;0.950114;,
   0.299308;-0.118491;0.946771;,
   0.606964;-0.764627;-0.216657;,
   0.605537;-0.732595;0.310852;,
   0.043859;-0.737910;-0.673473;,
   0.946392;-0.264913;-0.184837;,
   0.961321;-0.203562;-0.185537;,
   0.477898;0.124826;-0.869501;,
   0.938539;-0.326756;0.111246;,
   -0.023571;0.968241;-0.248906;,
   0.000078;-0.023490;-0.999724;,
   -0.019869;-0.020648;-0.999589;,
   0.000001;0.184633;0.982808;,
   -0.000807;0.086254;0.996273;,
   -0.000007;0.132048;0.991243;,
   -0.009407;0.991887;-0.126778;,
   -0.023571;0.968241;-0.248906;,
   0.605537;-0.732595;0.310852;,
   0.000314;0.478727;0.877964;,
   0.986023;0.022577;-0.165072;,
   0.606964;-0.764627;-0.216657;,
   0.123963;-0.006267;-0.992267;,
   0.477898;0.124826;-0.869501;,
   0.000941;-0.054312;-0.998524;,
   0.169349;0.060525;-0.983696;,
   0.098633;-0.001794;0.995122;,
   0.223501;-0.011734;0.974633;,
   0.332863;-0.030689;0.942476;,
   0.104233;0.021088;0.994329;,
   0.314357;0.020736;0.949079;,
   0.091161;-0.009340;0.995792;,
   0.008969;0.016632;0.999822;,
   0.986023;0.022577;-0.165072;,
   0.039944;0.616011;-0.786724;,
   -0.018014;0.569074;-0.822089;,
   -0.168695;0.404904;-0.898663;,
   0.073801;0.774187;-0.628640;,
   -0.515217;0.127729;-0.847489;,
   -0.410991;0.237270;-0.880221;,
   -0.867822;-0.025067;-0.496242;,
   -0.087548;0.528417;-0.844459;,
   -0.126185;0.752915;0.645907;,
   -0.065583;0.303178;0.950675;,
   -0.075925;0.334208;0.939436;,
   -0.058144;0.852024;0.520264;,
   -0.890052;0.296716;0.346073;,
   -0.370853;0.197744;0.907395;,
   -0.896817;0.239463;0.371991;,
   -0.355219;0.260827;0.897658;,
   -0.846833;0.125181;-0.516918;,
   -0.951724;0.161837;-0.260826;,
   -0.369483;0.018789;-0.929048;,
   -0.642734;0.044931;-0.764770;,
   -0.268202;0.003703;-0.963356;,
   0.000005;0.204754;0.978813;,
   -0.000026;0.220960;0.975283;,
   -0.290109;-0.036276;0.956306;,
   -0.000054;-0.073380;0.997304;,
   -0.207634;-0.148999;0.966792;,
   -0.000001;0.011399;0.999935;,
   -0.451113;0.066824;-0.889962;,
   -0.910094;-0.009987;-0.414282;,
   -0.921794;0.105394;-0.373079;,
   -0.634291;-0.001420;-0.773093;,
   -0.990649;-0.008864;-0.136145;,
   -0.869321;0.138380;0.474481;,
   -0.880792;0.072795;0.467874;,
   -0.847130;0.070820;0.526646;,
   -0.953678;0.111639;-0.279349;,
   -0.858083;0.230964;0.458639;,
   -0.318018;0.226398;0.920657;,
   -0.302378;0.111444;0.946651;,
   -0.869321;0.138380;0.474481;,
   -0.364262;0.103724;0.925502;,
   -0.716956;-0.109584;0.688451;,
   -0.990415;-0.118905;0.070278;,
   -0.897261;0.034901;-0.440119;,
   -0.917087;0.076839;0.391212;,
   -0.920984;-0.074702;-0.382372;,
   -0.454007;-0.011496;-0.890924;,
   -0.442535;-0.029185;-0.896276;,
   -0.096551;0.554178;-0.826779;,
   -0.009379;-0.724358;-0.689361;,
   -0.160253;0.686984;-0.708782;,
   0.030164;-0.708231;-0.705336;,
   -0.131490;0.707377;-0.694499;,
   0.039283;-0.706531;-0.706591;,
   0.068593;-0.871407;0.485741;,
   0.096398;-0.689394;0.717944;,
   0.039283;-0.706531;-0.706591;,
   0.046266;-0.697991;0.714610;,
   0.030164;-0.708231;-0.705336;,
   0.034498;-0.130293;0.990875;,
   -0.059898;0.684269;0.726766;,
   -0.047400;0.635872;0.770338;,
   -0.108861;0.678775;0.726233;,
   -0.119068;0.990921;-0.062433;,
   -0.132157;0.694996;-0.706764;,
   0.072717;-0.716464;-0.693824;,
   -0.117734;0.700727;-0.703648;,
   0.019064;-0.724686;-0.688815;,
   0.121304;-0.690291;-0.713291;,
   -0.093989;0.664484;-0.741369;,
   0.019064;-0.724686;-0.688815;,
   -0.012500;-0.685851;0.727635;,
   0.072717;-0.716464;-0.693824;,
   -0.032004;-0.702517;0.710947;,
   0.032053;-0.685021;0.727818;,
   0.121304;-0.690291;-0.713291;,
   -0.189245;0.705902;0.682560;,
   -0.178104;0.695386;0.696217;,
   -0.187643;0.706540;0.682342;,
   -0.080841;0.789538;0.608354;,
   -0.049930;0.988918;-0.139818;,
   -0.058144;0.852024;0.520264;,
   0.020574;0.975046;-0.221047;,
   -0.623176;-0.292552;0.725303;,
   0.004337;0.991148;-0.132688;,
   0.019444;0.635270;-0.772045;,
   -0.168695;0.404904;-0.898663;,
   -0.164345;0.068790;-0.984001;,
   0.039944;0.616011;-0.786724;,
   -0.460755;-0.103480;0.881474;,
   -0.258411;-0.097013;0.961151;,
   -0.102381;-0.012007;0.994673;,
   0.000057;-0.004907;0.999988;,
   -0.000001;0.251594;0.967833;,
   -0.065583;0.303178;0.950675;,
   -0.258411;-0.097013;0.961151;,
   -0.541222;-0.807675;-0.233966;,
   -0.009379;-0.724358;-0.689361;,
   -0.508999;-0.783217;0.357059;,
   -0.947052;-0.262504;-0.184888;,
   -0.961900;-0.201277;-0.185031;,
   -0.515217;0.127729;-0.847489;,
   -0.939383;-0.324354;0.111149;,
   -0.185787;0.020102;-0.982384;,
   0.020574;0.975046;-0.221047;,
   0.000001;0.184633;0.982808;,
   -0.000807;0.086254;0.996273;,
   -0.000007;0.132048;0.991243;,
   0.004337;0.991148;-0.132688;,
   0.020574;0.975046;-0.221047;,
   -0.508999;-0.783217;0.357059;,
   0.000314;0.478727;0.877964;,
   -0.985968;0.024945;-0.165063;,
   -0.541222;-0.807675;-0.233966;,
   -0.515217;0.127729;-0.847489;,
   -0.162659;0.025616;-0.986350;,
   -0.172431;0.024548;-0.984716;,
   -0.847130;0.070820;0.526646;,
   -0.246178;-0.027295;0.968840;,
   -0.340385;-0.025105;0.939951;,
   -0.880792;0.072795;0.467874;,
   -0.316289;0.032538;0.948105;,
   -0.000807;0.086254;0.996273;,
   -0.302378;0.111444;0.946651;,
   -0.985968;0.024945;-0.165063;,
   -0.093375;-0.081114;-0.992321;,
   0.874121;0.065714;0.481243;,
   0.300328;0.099799;0.948601;,
   0.868794;0.131948;0.477270;,
   0.830658;0.071560;0.552165;,
   0.649408;0.120698;0.750801;,
   -0.051990;-0.007198;0.998622;,
   -0.056975;-0.008552;0.998339;,
   -0.061475;0.000479;0.998109;,
   -0.869321;0.138380;0.474481;,
   0.393966;0.550308;-0.736174;,
   -0.010724;0.331717;-0.943318;,
   -0.122610;-0.006040;-0.992437;,
   -0.667961;0.123763;0.733833;,
   -0.667961;0.123763;0.733833;,
   0.813419;0.273388;-0.513429;,
   -0.011454;0.459031;-0.888346;,
   0.867221;0.246601;-0.432568;,
   0.399670;0.761680;-0.510008;,
   -0.004695;0.647930;-0.761686;,
   0.702929;0.652879;-0.282207;,
   -0.016352;0.479745;-0.877256;,
   0.648263;0.413712;-0.639216;,
   -0.004695;0.647930;-0.761686;,
   0.523306;0.626922;-0.577165;,
   0.661599;0.659807;-0.356289;,
   0.702929;0.652879;-0.282207;,
   -0.004695;0.647930;-0.761686;,
   0.001340;0.773433;-0.633877;,
   -0.004695;0.647930;-0.761686;,
   -0.396274;0.763117;-0.510510;,
   -0.004695;0.647930;-0.761686;,
   0.001340;0.773433;-0.633877;,
   -0.702001;0.655759;-0.277802;,
   -0.004695;0.647930;-0.761686;,
   -0.671063;0.659589;-0.338551;,
   -0.004695;0.647930;-0.761686;,
   -0.702001;0.655759;-0.277802;,
   -0.524815;0.628566;-0.573998;,
   -0.656810;0.421230;-0.625433;,
   -0.823467;0.287570;-0.489086;,
   -0.888942;0.237712;-0.391504;,
   0.987663;-0.156547;0.003926;,
   0.987663;-0.156547;0.003926;,
   0.987663;-0.156547;0.003926;,
   0.987663;-0.156547;0.003926;,
   -0.988055;-0.154093;0.001605;,
   -0.988055;-0.154093;0.001605;,
   -0.988055;-0.154093;0.001605;,
   -0.988055;-0.154093;0.001605;;
   399;
   3;0,1,2;,
   3;1,0,3;,
   3;4,5,6;,
   3;5,4,7;,
   3;8,9,10;,
   3;9,8,11;,
   3;12,13,14;,
   3;13,12,15;,
   3;16,12,17;,
   3;12,16,15;,
   3;18,19,20;,
   3;19,18,16;,
   3;21,6,5;,
   3;6,21,22;,
   3;14,23,24;,
   3;23,14,13;,
   3;25,26,27;,
   3;26,25,28;,
   3;29,30,31;,
   3;30,29,32;,
   3;33,30,32;,
   3;30,33,34;,
   3;34,35,30;,
   3;35,34,36;,
   3;32,19,37;,
   3;19,32,29;,
   3;14,38,12;,
   3;38,14,39;,
   3;39,33,38;,
