xof 0303txt 0032
template ColorRGBA {
 <35ff44e0-6c7c-11cf-8f52-0040333594a3>
 FLOAT red;
 FLOAT green;
 FLOAT blue;
 FLOAT alpha;
}

template ColorRGB {
 <d3e16e81-7835-11cf-8f52-0040333594a3>
 FLOAT red;
 FLOAT green;
 FLOAT blue;
}

template Material {
 <3d82ab4d-62da-11cf-ab39-0020af71e433>
 ColorRGBA faceColor;
 FLOAT power;
 ColorRGB specularColor;
 ColorRGB emissiveColor;
 [...]
}

template TextureFilename {
 <a42790e1-7810-11cf-8f52-0040333594a3>
 STRING filename;
}

template Frame {
 <3d82ab46-62da-11cf-ab39-0020af71e433>
 [...]
}

template Matrix4x4 {
 <f6f23f45-7686-11cf-8f52-0040333594a3>
 array FLOAT matrix[16];
}

template FrameTransformMatrix {
 <f6f23f41-7686-11cf-8f52-0040333594a3>
 Matrix4x4 frameMatrix;
}

template Vector {
 <3d82ab5e-62da-11cf-ab39-0020af71e433>
 FLOAT x;
 FLOAT y;
 FLOAT z;
}

template MeshFace {
 <3d82ab5f-62da-11cf-ab39-0020af71e433>
 DWORD nFaceVertexIndices;
 array DWORD faceVertexIndices[nFaceVertexIndices];
}

template Mesh {
 <3d82ab44-62da-11cf-ab39-0020af71e433>
 DWORD nVertices;
 array Vector vertices[nVertices];
 DWORD nFaces;
 array MeshFace faces[nFaces];
 [...]
}

template MeshNormals {
 <f6f23f43-7686-11cf-8f52-0040333594a3>
 DWORD nNormals;
 array Vector normals[nNormals];
 DWORD nFaceNormals;
 array MeshFace faceNormals[nFaceNormals];
}

template MeshMaterialList {
 <f6f23f42-7686-11cf-8f52-0040333594a3>
 DWORD nMaterials;
 DWORD nFaceIndexes;
 array DWORD faceIndexes[nFaceIndexes];
 [Material <3d82ab4d-62da-11cf-ab39-0020af71e433>]
}

template Coords2d {
 <f6f23f44-7686-11cf-8f52-0040333594a3>
 FLOAT u;
 FLOAT v;
}

template MeshTextureCoords {
 <f6f23f40-7686-11cf-8f52-0040333594a3>
 DWORD nTextureCoords;
 array Coords2d textureCoords[nTextureCoords];
}

template XSkinMeshHeader {
 <3cf169ce-ff7c-44ab-93c0-f78f62d172e2>
 WORD nMaxSkinWeightsPerVertex;
 WORD nMaxSkinWeightsPerFace;
 WORD nBones;
}

template SkinWeights {
 <6f0d123b-bad2-4167-a0d0-80224f25fabb>
 STRING transformNodeName;
 DWORD nWeights;
 array DWORD vertexIndices[nWeights];
 array FLOAT weights[nWeights];
 Matrix4x4 matrixOffset;
}

template AnimTicksPerSecond {
 <9e415a43-7ba6-4a73-8743-b73d47e88476>
 DWORD AnimTicksPerSecond;
}

template Animation {
 <3d82ab4f-62da-11cf-ab39-0020af71e433>
 [...]
}

template AnimationSet {
 <3d82ab50-62da-11cf-ab39-0020af71e433>
 [Animation <3d82ab4f-62da-11cf-ab39-0020af71e433>]
}

template FloatKeys {
 <10dd46a9-775b-11cf-8f52-0040333594a3>
 DWORD nValues;
 array FLOAT values[nValues];
}

template TimedFloatKeys {
 <f406b180-7b3b-11cf-8f52-0040333594a3>
 DWORD time;
 FloatKeys tfkeys;
}

template AnimationKey {
 <10dd46a8-775b-11cf-8f52-0040333594a3>
 DWORD keyType;
 DWORD nKeys;
 array TimedFloatKeys keys[nKeys];
}


Material _22_-_Default {
 1.000000;1.000000;1.000000;1.000000;;
 9.999999;
 0.000000;0.000000;0.000000;;
 0.000000;0.000000;0.000000;;

 TextureFilename {
  "Poncho_Green.png";
 }
}

Frame Dummy01 {
 

 FrameTransformMatrix {
  1.000000,0.000000,0.000000,0.000000,0.000000,-0.000000,-1.000000,0.000000,0.000000,1.000000,-0.000000,0.000000,0.000000,0.000000,0.000000,1.000000;;
 }

 Frame Bip01 {
  

  FrameTransformMatrix {
   -0.087155,0.982405,-0.165183,0.000000,-0.000001,0.165814,0.986157,0.000000,0.996195,0.085949,-0.014450,0.000000,-0.010000,-0.012284,0.490453,1.000000;;
  }

  Frame Bip01_Pelvis {
   

   FrameTransformMatrix {
    0.000000,1.000000,-0.000001,0.000000,-0.000001,0.000001,1.000000,0.000000,1.000000,0.000000,0.000001,0.000000,0.000000,0.000000,0.000000,1.000000;;
   }

   Frame Bip01_Spine {
    

    FrameTransformMatrix {
     0.984686,0.000002,-0.174337,0.000000,-0.000001,1.000000,0.000004,0.000000,0.174337,-0.000004,0.984686,0.000000,0.051619,0.000000,-0.000083,1.000000;;
    }

    Frame Bip01_Spine1 {
     

     FrameTransformMatrix {
      0.997819,0.052687,0.039774,0.000000,-0.044862,0.983198,-0.176942,0.000000,-0.048428,0.174771,0.983417,0.000000,0.106484,-0.000015,-0.000083,1.000000;;
     }

     Frame Bip01_Neck {
      

      FrameTransformMatrix {
       0.966067,-0.020835,0.257451,0.000000,0.025191,0.999590,-0.013632,0.000000,-0.257061,0.019655,0.966195,0.000000,0.130511,-0.000001,0.004626,1.000000;;
      }

      Frame Bip01_Head {
       

       FrameTransformMatrix {
        0.989321,-0.051753,-0.136255,0.000000,0.064251,0.993958,0.088989,0.000000,0.130826,-0.096793,0.986669,0.000000,0.033674,-0.000000,0.000000,1.000000;;
       }
      }

      Frame Bip01_L_Clavicle {
       

       FrameTransformMatrix {
        -0.205975,0.976135,0.068811,0.000000,0.943873,0.216738,-0.249254,0.000000,-0.258220,0.013609,-0.965990,0.000000,-0.024734,0.015166,0.002017,1.000000;;
       }

       Frame Bip01_L_UpperArm {
        

        FrameTransformMatrix {
         0.385871,-0.777669,0.496320,0.000000,0.922466,0.332598,-0.196046,0.000000,-0.012616,0.533487,0.845714,0.000000,0.073469,0.000000,-0.000000,1.000000;;
        }

        Frame Bip01_L_Forearm {
         

         FrameTransformMatrix {
          0.943939,0.000000,-0.330119,0.000000,0.000000,1.000000,-0.000000,0.000000,0.330119,-0.000000,0.943939,0.000000,0.148340,0.000000,-0.000000,1.000000;;
         }

         Frame Bip01_L_Hand {
          

          FrameTransformMatrix {
           1.000000,-0.000000,0.000000,0.000000,0.000000,0.000796,1.000000,0.000000,0.000000,-1.000000,0.000796,0.000000,0.131860,-0.000000,0.000000,1.000000;;
          }

          Frame Bip01_L_Finger0 {
           

           FrameTransformMatrix {
            0.690342,-0.181727,0.700288,0.000000,0.558537,0.749101,-0.356210,0.000000,-0.459853,0.637043,0.618637,0.000000,0.057681,-0.023605,-0.000272,1.000000;;
           }
          }

          Frame Bip01_L_Finger1 {
           

           FrameTransformMatrix {
            0.728079,-0.000546,0.685493,0.000000,0.000000,1.000000,0.000796,0.000000,-0.685493,-0.000580,0.728079,0.000000,0.084102,0.000000,0.000000,1.000000;;
           }
          }
         }
        }
       }
      }

      Frame Bip01_R_Clavicle {
       

       FrameTransformMatrix {
        -0.028509,-0.999573,-0.006461,0.000000,-0.965665,0.025871,0.258498,0.000000,-0.258220,0.013609,-0.965990,0.000000,-0.024080,-0.016250,0.001399,1.000000;;
       }

       Frame Bip01_R_UpperArm {
        

        FrameTransformMatrix {
         0.221390,0.975047,0.016433,0.000000,-0.974986,0.221654,-0.016512,0.000000,-0.019742,-0.012366,0.999728,0.000000,0.073469,0.000000,-0.000000,1.000000;;
        }

        Frame Bip01_R_Forearm {
         

         FrameTransformMatrix {
          0.915660,-0.000000,-0.401954,0.000000,-0.000000,1.000000,-0.000000,0.000000,0.401954,-0.000000,0.915660,0.000000,0.148340,0.000000,-0.000000,1.000000;;
         }

         Frame Bip01_R_Hand {
          

          FrameTransformMatrix {
           0.975195,-0.000000,-0.221346,0.000000,-0.221346,0.000796,-0.975195,0.000000,0.000176,1.000000,0.000777,0.000000,0.131860,0.000000,0.000000,1.000000;;
          }

          Frame Bip01_R_Finger0 {
           

           FrameTransformMatrix {
            0.417774,-0.116941,0.900994,0.000000,-0.558537,0.749101,0.356210,0.000000,-0.716591,-0.652054,0.247639,0.000000,0.057681,0.023605,-0.000272,1.000000;;
           }
          }

          Frame Bip01_R_Finger1 {
           

           FrameTransformMatrix {
            0.352436,0.000745,0.935835,0.000000,-0.000000,1.000000,-0.000796,0.000000,-0.935836,0.000281,0.352436,0.000000,0.084102,-0.000000,0.000000,1.000000;;
           }
          }
         }
        }
       }
      }
     }

     Frame Bip01_BackPack {
      

      FrameTransformMatrix {
       0.180560,0.080500,-0.980264,0.000000,0.047560,0.994764,0.090451,0.000000,0.982413,-0.062954,0.175786,0.000000,0.063697,0.000003,-0.088856,1.000000;;
      }
     }
    }

    Frame Bip01_L_Thigh {
     

     FrameTransformMatrix {
      -0.888504,0.030427,0.457858,0.000000,-0.032107,-0.999476,0.004114,0.000000,0.457744,-0.011045,0.889016,0.000000,-0.050843,0.055225,-0.008917,1.000000;;
     }

     Frame Bip01_L_Calf {
      

      FrameTransformMatrix {
       0.942235,-0.000000,-0.334952,0.000000,-0.000000,1.000000,-0.000000,0.000000,0.334952,-0.000000,0.942235,0.000000,0.237500,0.000000,-0.000000,1.000000;;
      }

      Frame Bip01_L_Foot {
       

       FrameTransformMatrix {
        0.924325,-0.026487,0.380687,0.000000,-0.068962,0.969570,0.234901,0.000000,-0.375325,-0.243378,0.894371,0.000000,0.206841,0.000000,0.000000,1.000000;;
       }

       Frame Bip01_L_Toe0 {
        

        FrameTransformMatrix {
         0.000000,0.000000,1.000000,0.000000,0.000000,1.000000,-0.000000,0.000000,-1.000000,0.000000,0.000000,0.000000,0.065373,0.000000,0.066450,1.000000;;
        }
       }
      }
     }
    }

    Frame Bip01_R_Thigh {
     

     FrameTransformMatrix {
      -0.996965,0.030321,-0.071704,0.000000,-0.029454,-0.999480,-0.013113,0.000000,-0.072065,-0.010961,0.997340,0.000000,-0.050843,-0.055225,-0.008917,1.000000;;
     }

     Frame Bip01_R_Calf {
      

      FrameTransformMatrix {
       0.730239,0.000000,-0.683192,0.000000,0.000000,1.000000,0.000000,0.000000,0.683192,0.000000,0.730239,0.000000,0.237500,0.000000,0.000000,1.000000;;
      }

      Frame Bip01_R_Foot {
       

       FrameTransformMatrix {
        0.991957,0.087165,-0.091782,0.000000,-0.093276,0.993546,-0.064539,0.000000,0.085565,0.072581,0.993685,0.000000,0.206841,0.000000,0.000000,1.000000;;
       }

       Frame Bip01_R_Toe0 {
        

        FrameTransformMatrix {
         0.000000,0.000000,1.000000,0.000000,0.000000,1.000000,-0.000000,0.000000,-1.000000,0.000000,0.000000,0.000000,0.065373,0.000000,0.066450,1.000000;;
        }
       }
      }
     }
    }
   }

   Frame Bip01_DressFront {
    

    FrameTransformMatrix {
     -0.880185,-0.088339,0.466338,0.000000,0.121847,0.907542,0.401896,0.000000,-0.458725,0.410564,-0.788041,0.000000,-0.043935,0.001339,0.061057,1.000000;;
    }

    Frame Bip01_DressFront02 {
     

     FrameTransformMatrix {
      0.912593,0.000001,0.408870,0.000000,-0.000001,1.000000,-0.000000,0.000000,-0.408870,-0.000000,0.912593,0.000000,0.183378,-0.000000,-0.000120,1.000000;;
     }
    }
   }

   Frame Bip01_DressBack {
    

    FrameTransformMatrix {
     -0.886023,0.038029,0.462080,0.000000,0.191625,0.937561,0.290274,0.000000,-0.422190,0.345735,-0.837988,0.000000,-0.047673,-0.000048,-0.078302,1.000000;;
    }

    Frame Bip01_DressBack02 {
     

     FrameTransformMatrix {
      0.936852,0.174932,-0.302833,0.000000,-0.166408,0.984581,0.053939,0.000000,0.307600,-0.000139,0.951516,0.000000,0.176125,0.000000,-0.000103,1.000000;;
     }
    }
   }
  }

  Frame Bip01_Prop1 {
   

   FrameTransformMatrix {
    -0.233929,-0.108090,0.966227,0.000000,0.687222,0.684611,0.242967,0.000000,-0.687752,0.720849,-0.085868,0.000000,0.072994,-0.055506,-0.134034,1.000000;;
   }
  }

  Frame Bip01_Prop2 {
   

   FrameTransformMatrix {
    -0.163643,-0.967062,0.194966,0.000000,0.985576,-0.168906,-0.010564,0.000000,0.043147,0.190425,0.980753,0.000000,-0.140709,-0.103585,0.102365,1.000000;;
   }
  }
 }
}

Frame Translation_Data {
 

 FrameTransformMatrix {
  1.000000,0.000000,0.000000,0.000000,0.000000,-0.000000,-1.000000,0.000000,0.000000,1.000000,-0.000000,0.000000,0.000000,0.000000,0.000000,1.000000;;
 }
}

Frame Kate_Poncho {
 

 FrameTransformMatrix {
  1.000000,0.000000,0.000000,0.000000,0.000000,1.000000,0.000000,0.000000,0.000000,0.000000,1.000000,0.000000,0.000000,0.000000,0.000000,1.000000;;
 }

 Mesh Kate_Poncho {
  426;
  0.063882;0.771226;-0.001065;,
  0.033910;0.773508;0.001132;,
  0.066206;0.791280;0.013016;,
  0.065923;0.728494;-0.017725;,
  0.048636;0.703332;-0.048753;,
  0.043331;0.733382;-0.029620;,
  0.070970;0.698010;-0.031805;,
  0.034243;0.814983;0.070100;,
  0.073583;0.786565;0.080594;,
  0.061734;0.803379;0.055309;,
  0.045279;0.780208;0.086012;,
  0.087179;0.566313;0.054636;,
  0.042135;0.595383;0.071453;,
  0.047615;0.575185;0.085707;,
  0.078367;0.592281;0.044201;,
  0.087802;0.579367;0.001145;,
  0.105529;0.550503;0.007028;,
  0.060532;0.562048;-0.032596;,
  0.086777;0.523457;-0.023901;,
  0.047608;0.517980;-0.043378;,
  0.020007;0.702270;-0.048256;,
  0.017026;0.724067;-0.032492;,
  0.000001;0.587534;0.075790;,
  0.000001;0.565232;0.088261;,
  0.042620;0.647963;0.065229;,
  -0.000000;0.673194;0.070296;,
  -0.000000;0.648949;0.069546;,
  0.046413;0.683676;0.072190;,
  0.070443;0.462849;-0.038641;,
  0.130042;0.368085;0.007106;,
  0.085841;0.364146;-0.032026;,
  0.122012;0.466723;0.010155;,
  0.102704;0.438727;0.095912;,
  0.110485;0.371906;0.097104;,
  0.113391;0.519370;0.011019;,
  0.095658;0.532744;0.076374;,
  0.051032;0.538152;0.106503;,
  0.104177;0.469787;0.083409;,
  0.051211;0.476348;0.117753;,
  0.034345;0.454178;0.122180;,
  0.037277;0.608097;0.066203;,
  0.064451;0.648617;0.054625;,
  0.071900;0.656667;0.034586;,
  0.068250;0.655560;-0.005347;,
  0.078742;0.687872;0.036449;,
  0.069103;0.665495;-0.005548;,
  0.043467;0.656475;-0.035783;,
  0.044698;0.658456;-0.034872;,
  0.019267;0.662878;-0.036716;,
  0.015834;0.661966;-0.036068;,
  0.134933;0.784353;0.009582;,
  0.177473;0.734636;0.018060;,
  0.133891;0.740485;0.015598;,
  0.185445;0.788698;0.017762;,
  0.232897;0.731721;0.024776;,
  0.239066;0.780382;0.031756;,
  0.124324;0.742457;0.069830;,
  0.177473;0.734636;0.018060;,
  0.172312;0.741158;0.079654;,
  0.133891;0.740485;0.015598;,
  0.224007;0.739938;0.081766;,
  0.232897;0.731721;0.024776;,
  0.101179;0.755115;0.072455;,
  0.127009;0.766801;0.072839;,
  0.101584;0.737866;0.060837;,
  0.229920;0.780505;0.071194;,
  0.179360;0.789869;0.069481;,
  0.133203;0.796274;0.045593;,
  0.094632;0.804299;0.068124;,
  0.097882;0.806482;0.035906;,
  0.061734;0.803379;0.055309;,
  0.064109;0.804986;0.036038;,
  0.071076;0.691250;0.070737;,
  0.044442;0.815026;0.033883;,
  0.095051;0.792996;0.006956;,
  0.063882;0.771226;-0.001065;,
  0.066206;0.791280;0.013016;,
  0.095702;0.765622;0.000034;,
  0.049923;0.733538;0.088390;,
  -0.000000;0.776417;0.086384;,
  -0.000000;0.718586;0.084574;,
  0.073583;0.786565;0.080594;,
  0.086861;0.746329;0.079368;,
  0.083528;0.726631;0.023812;,
  0.094188;0.741290;0.008512;,
  0.089523;0.734054;0.066951;,
  0.070202;0.746423;-0.005644;,
  0.077227;0.685307;-0.003224;,
  0.077825;0.693157;0.014308;,
  0.078435;0.686887;0.054973;,
  0.064109;0.804986;0.036038;,
  0.000001;0.559943;-0.040244;,
  -0.000012;0.515091;-0.048768;,
  0.000002;0.527836;0.104453;,
  0.000002;0.481713;0.117637;,
  -0.000000;0.810781;0.079851;,
  -0.000000;0.617884;-0.041780;,
  0.042122;0.618902;-0.035855;,
  0.067656;0.619649;0.000972;,
  0.064935;0.611852;0.039224;,
  -0.000000;0.604601;0.068485;,
  0.044442;0.815026;0.033883;,
  0.064109;0.804986;0.036038;,
  0.030081;0.800103;0.014047;,
  0.130003;0.785628;0.063465;,
  0.083887;0.735711;0.080557;,
  0.089523;0.734054;0.066951;,
  0.086861;0.746329;0.079368;,
  0.077130;0.717742;0.036564;,
  0.083528;0.726631;0.023812;,
  0.075528;0.716415;-0.004199;,
  0.070202;0.746423;-0.005644;,
  0.019896;0.672288;-0.045904;,
  0.049434;0.668584;-0.045791;,
  0.068573;0.669909;-0.024298;,
  0.040657;0.746741;-0.021543;,
  0.070202;0.746423;-0.005644;,
  0.094188;0.741290;0.008512;,
  -0.000000;0.739314;-0.026505;,
  0.008418;0.702697;-0.042217;,
  0.008399;0.673893;-0.039972;,
  -0.000000;0.676335;-0.038991;,
  -0.000000;0.703059;-0.041040;,
  0.077130;0.717742;0.036564;,
  -0.063882;0.771226;-0.001065;,
  -0.066206;0.791280;0.013016;,
  -0.033910;0.773508;0.001132;,
  -0.065923;0.728494;-0.017725;,
  -0.048636;0.703332;-0.048753;,
  -0.070970;0.698010;-0.031805;,
  -0.043331;0.733382;-0.029620;,
  -0.034243;0.814983;0.070100;,
  -0.073583;0.786565;0.080594;,
  -0.045279;0.780208;0.086012;,
  -0.061734;0.803379;0.055309;,
  -0.087176;0.566313;0.054636;,
  -0.042133;0.595383;0.071453;,
  -0.078365;0.592281;0.044201;,
  -0.047613;0.575185;0.085707;,
  -0.087799;0.579367;0.001145;,
  -0.105527;0.550503;0.007028;,
  -0.060529;0.562048;-0.032596;,
  -0.086773;0.523457;-0.023901;,
  -0.047591;0.517959;-0.043381;,
  -0.020007;0.702270;-0.048256;,
  -0.017026;0.724067;-0.032492;,
  0.000001;0.587534;0.075790;,
  0.000001;0.565232;0.088261;,
  -0.042620;0.647963;0.065229;,
  -0.000000;0.673194;0.070296;,
  -0.046413;0.683676;0.072190;,
  -0.000000;0.648949;0.069546;,
  -0.070410;0.462841;-0.038645;,
  -0.130038;0.368085;0.007106;,
  -0.122008;0.466723;0.010155;,
  -0.085843;0.364146;-0.032025;,
  -0.102700;0.438727;0.095913;,
  -0.110942;0.371927;0.096988;,
  -0.113386;0.519370;0.011019;,
  -0.095654;0.532744;0.076374;,
  -0.051027;0.538152;0.106503;,
  -0.104173;0.469787;0.083409;,
  -0.051207;0.476348;0.117753;,
  -0.034333;0.454381;0.122175;,
  -0.037277;0.608097;0.066203;,
  -0.064451;0.648617;0.054625;,
  -0.071900;0.656667;0.034586;,
  -0.078742;0.687872;0.036449;,
  -0.068250;0.655560;-0.005347;,
  -0.069103;0.665495;-0.005548;,
  -0.043467;0.656475;-0.035783;,
  -0.044698;0.658456;-0.034872;,
  -0.019267;0.662878;-0.036716;,
  -0.015834;0.661966;-0.036068;,
  -0.134933;0.784353;0.009582;,
  -0.133891;0.740485;0.015598;,
  -0.177473;0.734636;0.018060;,
  -0.185445;0.788698;0.017762;,
  -0.232897;0.731721;0.024776;,
  -0.239066;0.780382;0.031756;,
  -0.124324;0.742457;0.069830;,
  -0.177473;0.734636;0.018060;,
  -0.133891;0.740485;0.015598;,
  -0.172312;0.741158;0.079654;,
  -0.224007;0.739938;0.081766;,
  -0.232897;0.731721;0.024776;,
  -0.101179;0.755115;0.072455;,
  -0.101584;0.737866;0.060837;,
  -0.127009;0.766801;0.072839;,
  -0.229920;0.780505;0.071194;,
  -0.179360;0.789869;0.069481;,
  -0.133203;0.796274;0.045593;,
  -0.094632;0.804299;0.068124;,
  -0.097882;0.806482;0.035906;,
  -0.061734;0.803379;0.055309;,
  -0.064109;0.804986;0.036038;,
  -0.071076;0.691250;0.070737;,
  -0.044442;0.815026;0.033883;,
  -0.095051;0.792996;0.006956;,
  -0.063882;0.771226;-0.001065;,
  -0.095702;0.765622;0.000034;,
  -0.066206;0.791280;0.013016;,
  -0.049923;0.733538;0.088390;,
  -0.000000;0.776417;0.086384;,
  -0.000000;0.718586;0.084574;,
  -0.073583;0.786565;0.080594;,
  -0.086861;0.746314;0.079405;,
  -0.083528;0.726631;0.023812;,
  -0.089523;0.734054;0.066951;,
  -0.094188;0.741290;0.008512;,
  -0.070202;0.746423;-0.005644;,
  -0.077227;0.685307;-0.003224;,
  -0.077825;0.693157;0.014308;,
  -0.078435;0.686887;0.054973;,
  -0.064109;0.804986;0.036038;,
  0.000002;0.527836;0.104453;,
  0.000002;0.481713;0.117637;,
  -0.000000;0.810781;0.079851;,
  -0.042122;0.618902;-0.035855;,
  -0.067656;0.619649;0.000972;,
  -0.064935;0.611852;0.039224;,
  -0.000000;0.604601;0.068485;,
  -0.044442;0.815026;0.033883;,
  -0.030081;0.800103;0.014047;,
  -0.064109;0.804986;0.036038;,
  -0.130003;0.785628;0.063465;,
  -0.083887;0.735711;0.080557;,
  -0.086861;0.746314;0.079405;,
  -0.089523;0.734054;0.066951;,
  -0.077130;0.717742;0.036564;,
  -0.083528;0.726631;0.023812;,
  -0.075528;0.716415;-0.004199;,
  -0.070202;0.746423;-0.005644;,
  -0.019896;0.672288;-0.045904;,
  -0.049434;0.668584;-0.045791;,
  -0.068573;0.669909;-0.024298;,
  -0.040657;0.746741;-0.021543;,
  -0.070202;0.746423;-0.005644;,
  -0.094188;0.741290;0.008512;,
  -0.008418;0.702697;-0.042217;,
  -0.008399;0.673893;-0.039972;,
  -0.077130;0.717742;0.036564;,
  0.070443;0.462849;-0.038641;,
  0.023891;0.362602;-0.043921;,
  0.014439;0.462234;-0.045896;,
  0.085841;0.364146;-0.032026;,
  0.047608;0.517980;-0.043378;,
  0.049676;0.372940;0.124037;,
  0.000069;0.446475;0.120924;,
  0.000317;0.372888;0.127980;,
  -0.014946;0.462390;-0.045680;,
  -0.000015;0.361969;-0.046961;,
  -0.025818;0.362542;-0.043593;,
  -0.000042;0.460289;-0.048613;,
  -0.000012;0.515091;-0.048768;,
  -0.047591;0.517959;-0.043381;,
  0.000002;0.481713;0.117637;,
  -0.034333;0.454381;0.122175;,
  -0.049041;0.372473;0.126789;,
  -0.070410;0.462841;-0.038645;,
  -0.085843;0.364146;-0.032025;,
  0.102704;0.438727;0.095912;,
  0.110485;0.371906;0.097104;,
  0.034345;0.454178;0.122180;,
  -0.102700;0.438727;0.095913;,
  -0.110942;0.371927;0.096988;,
  0.111103;0.272511;-0.018822;,
  0.134661;0.273264;0.014252;,
  0.124591;0.279109;0.099959;,
  0.046501;0.830026;0.042026;,
  0.029741;0.832472;0.073607;,
  -0.000000;0.833633;0.081682;,
  0.049212;0.834672;0.020870;,
  0.027969;0.809924;-0.001094;,
  0.044643;0.821783;-0.006297;,
  0.039340;0.815942;0.017156;,
  0.049076;0.850980;0.049140;,
  0.034552;0.855225;0.076679;,
  0.040526;0.977171;0.027314;,
  -0.000000;0.982876;-0.011625;,
  -0.000000;0.983896;-0.008584;,
  0.028703;0.968862;-0.017717;,
  0.054023;0.857684;-0.004380;,
  0.058671;0.859889;0.026334;,
  0.047427;0.841435;0.033756;,
  0.062132;0.894982;0.062098;,
  0.063035;0.911349;0.019747;,
  0.050227;0.943363;-0.009397;,
  0.058006;0.950479;0.024337;,
  0.062060;0.908987;-0.005130;,
  0.056459;0.944882;0.063944;,
  0.062132;0.894982;0.062098;,
  0.042413;0.889346;0.086746;,
  -0.000000;0.887479;0.103600;,
  0.038770;0.942025;0.087443;,
  -0.000000;0.942541;0.100508;,
  0.019827;0.808393;-0.019152;,
  -0.000000;0.802108;-0.014071;,
  0.000000;0.802882;-0.023693;,
  0.033053;0.952085;-0.031337;,
  0.038065;0.971779;0.059184;,
  -0.000000;0.973849;0.074338;,
  0.038065;0.971779;0.059184;,
  -0.000000;0.853839;0.087258;,
  0.056459;0.944882;0.063944;,
  0.064609;0.889761;0.029477;,
  0.063811;0.887571;0.011753;,
  0.061043;0.885590;-0.005050;,
  0.046501;0.830026;0.042026;,
  0.049076;0.850980;0.049140;,
  -0.000000;0.790626;-0.007921;,
  -0.000000;0.970447;-0.030905;,
  -0.000000;0.955500;-0.041439;,
  -0.000000;0.988554;0.030237;,
  -0.000000;0.801713;-0.011745;,
  -0.000000;0.973849;0.074338;,
  -0.111099;0.272511;-0.018822;,
  -0.134657;0.273264;0.014252;,
  -0.124587;0.279109;0.099959;,
  -0.046501;0.830026;0.042026;,
  -0.029741;0.832472;0.073607;,
  -0.000000;0.833633;0.081682;,
  -0.049212;0.834672;0.020870;,
  -0.027969;0.809924;-0.001094;,
  -0.039340;0.815942;0.017156;,
  -0.044643;0.821783;-0.006297;,
  -0.049076;0.850980;0.049140;,
  -0.034552;0.855225;0.076679;,
  -0.040526;0.977171;0.027314;,
  -0.028703;0.968862;-0.017717;,
  -0.054023;0.857684;-0.004380;,
  -0.058671;0.859889;0.026334;,
  -0.047427;0.841435;0.033756;,
  -0.062132;0.894982;0.062098;,
  -0.063035;0.911349;0.019747;,
  -0.050227;0.943363;-0.009397;,
  -0.062060;0.908987;-0.005130;,
  -0.058006;0.950479;0.024337;,
  -0.056459;0.944882;0.063944;,
  -0.062132;0.894982;0.062098;,
  -0.042413;0.889346;0.086746;,
  -0.000000;0.887479;0.103600;,
  -0.038770;0.942025;0.087443;,
  -0.000000;0.942541;0.100508;,
  -0.019827;0.808393;-0.019152;,
  -0.033053;0.952085;-0.031337;,
  -0.038065;0.971779;0.059184;,
  -0.000000;0.973849;0.074338;,
  -0.038065;0.971779;0.059184;,
  -0.000000;0.853839;0.087258;,
  -0.056459;0.944882;0.063944;,
  -0.064609;0.889761;0.029477;,
  -0.063811;0.887571;0.011753;,
  -0.061043;0.885590;-0.005050;,
  -0.046501;0.830026;0.042026;,
  -0.049076;0.850980;0.049140;,
  -0.000000;0.988554;0.030237;,
  -0.000000;0.973849;0.074338;,
  0.085841;0.364146;-0.032026;,
  0.047171;0.278311;-0.044111;,
  0.023891;0.362602;-0.043921;,
  0.111103;0.272511;-0.018822;,
  0.000317;0.372888;0.127980;,
  0.065636;0.280079;0.123198;,
  0.001342;0.282898;0.132319;,
  -0.025818;0.362542;-0.043593;,
  -0.000059;0.279027;-0.046981;,
  -0.048334;0.278227;-0.043819;,
  -0.000015;0.361969;-0.046961;,
  -0.124587;0.279109;0.099959;,
  -0.065018;0.282283;0.129402;,
  -0.110942;0.371927;0.096988;,
  -0.085843;0.364146;-0.032025;,
  -0.111099;0.272511;-0.018822;,
  0.124591;0.279109;0.099959;,
  0.110485;0.371906;0.097104;,
  -0.224007;0.739938;0.081766;,
  -0.239066;0.780382;0.031756;,
  -0.232897;0.731721;0.024776;,
  -0.229920;0.780505;0.071194;,
  0.239066;0.780382;0.031756;,
  0.224007;0.739938;0.081766;,
  0.232897;0.731721;0.024776;,
  0.229920;0.780505;0.071194;,
  0.000000;0.920088;0.056700;,
  -0.033053;0.952085;-0.031337;,
  -0.000000;0.955500;-0.041439;,
  -0.050227;0.943363;-0.009397;,
  -0.062060;0.908987;-0.005130;,
  -0.061043;0.885590;-0.005050;,
  -0.054023;0.857684;-0.004380;,
  -0.044643;0.821783;-0.006297;,
  0.019827;0.808393;-0.019152;,
  0.000000;0.802882;-0.023693;,
  0.044643;0.821783;-0.006297;,
  0.033053;0.952085;-0.031337;,
  0.050227;0.943363;-0.009397;,
  0.062060;0.908987;-0.005130;,
  0.061043;0.885590;-0.005050;,
  0.054023;0.857684;-0.004380;,
  0.000000;0.920088;0.056700;,
  -0.019827;0.808393;-0.019152;,
  -0.044643;0.821783;-0.006297;,
  0.000000;0.802882;-0.023693;,
  -0.048334;0.278227;-0.043819;,
  0.001342;0.282898;0.132319;,
  -0.065018;0.282283;0.129402;,
  -0.000059;0.279027;-0.046981;,
  -0.048334;0.278227;-0.043819;,
  -0.124587;0.279109;0.099959;,
  -0.111099;0.272511;-0.018822;,
  -0.065018;0.282283;0.129402;,
  -0.111099;0.272511;-0.018822;,
  -0.124587;0.279109;0.099959;,
  -0.134657;0.273264;0.014252;,
  -0.000059;0.279027;-0.046981;,
  0.065636;0.280079;0.123198;,
  0.001342;0.282898;0.132319;,
  0.047171;0.278311;-0.044111;,
  0.047171;0.278311;-0.044111;,
  0.124591;0.279109;0.099959;,
  0.065636;0.280079;0.123198;,
  0.111103;0.272511;-0.018822;,
  0.134661;0.273264;0.014252;,
  0.124591;0.279109;0.099959;,
  0.111103;0.272511;-0.018822;;
  574;
  3;0,1,2;,
  3;3,4,5;,
  3;4,3,6;,
  3;7,8,9;,
  3;8,7,10;,
  3;11,12,13;,
  3;12,11,14;,
  3;15,11,16;,
  3;11,15,14;,
  3;17,18,19;,
  3;18,17,15;,
  3;5,20,21;,
  3;20,5,4;,
  3;13,22,23;,
  3;22,13,12;,
  3;24,25,26;,
  3;25,24,27;,
  3;28,29,30;,
  3;29,28,31;,
  3;32,29,31;,
  3;29,32,33;,
  3;31,18,34;,
  3;18,31,28;,
  3;13,35,11;,
  3;35,13,36;,
  3;36,37,35;,
  3;37,36,38;,
  3;38,39,37;,
  3;11,34,16;,
  3;34,11,35;,
  3;35,31,34;,
  3;31,35,37;,
  3;37,32,31;,
  3;40,41,24;,
  3;42,43,44;,
  3;45,46,47;,
  3;46,45,43;,
  3;46,48,47;,
  3;48,46,49;,
  3;50,51,52;,
  3;53,54,51;,
  3;54,53,55;,
  3;56,57,58;,
  3;57,56,59;,
  3;57,60,58;,
  3;60,57,61;,
  3;62,56,63;,
  3;56,62,64;,
  3;58,65,66;,
  3;65,58,60;,
  3;67,66,53;,
  3;66,55,53;,
  3;55,66,65;,
  3;68,67,69;,
  3;69,70,68;,
  3;70,69,71;,
  3;41,27,24;,
  3;27,41,72;,
  3;9,73,7;,
  3;74,75,76;,
  3;75,74,77;,
  3;50,77,74;,
  3;8,10,78;,
  3;78,79,80;,
  3;79,78,10;,
  3;68,70,81;,
  3;62,81,82;,
  3;64,83,84;,
  3;83,64,85;,
  3;86,84,83;,
  3;87,88,45;,
  3;44,89,42;,
  3;18,28,19;,
  3;15,16,18;,
  3;16,34,18;,
  3;73,9,90;,
  3;19,91,17;,
  3;91,19,92;,
  3;23,36,13;,
  3;36,23,93;,
  3;36,94,38;,
  3;94,36,93;,
  3;38,94,39;,
  3;95,79,10;,
  3;96,17,91;,
  3;17,96,97;,
  3;97,15,17;,
  3;15,97,98;,
  3;98,14,15;,
  3;14,98,99;,
  3;14,40,12;,
  3;40,14,99;,
  3;12,100,22;,
  3;100,12,40;,
  3;101,102,103;,
  3;103,102,2;,
  3;76,69,74;,
  3;69,76,71;,
  3;69,50,74;,
  3;50,69,67;,
  3;67,53,50;,
  3;66,67,104;,
  3;99,42,41;,
  3;105,106,107;,
  3;89,41,42;,
  3;41,89,72;,
  3;41,40,99;,
  3;95,10,7;,
  3;78,72,105;,
  3;72,78,27;,
  3;72,106,105;,
  3;106,72,89;,
  3;106,44,108;,
  3;44,106,89;,
  3;108,88,109;,
  3;88,108,44;,
  3;110,109,88;,
  3;109,110,111;,
  3;112,4,113;,
  3;4,112,20;,
  3;113,6,114;,
  3;6,113,4;,
  3;115,0,111;,
  3;0,115,1;,
  3;116,77,117;,
  3;77,116,75;,
  3;77,50,117;,
  3;82,64,62;,
  3;64,82,85;,
  3;118,1,115;,
  3;47,114,45;,
  3;114,47,113;,
  3;87,6,110;,
  3;110,3,111;,
  3;111,5,115;,
  3;5,111,3;,
  3;115,21,118;,
  3;119,21,20;,
  3;120,20,112;,
  3;20,120,119;,
  3;47,112,113;,
  3;6,87,114;,
  3;88,87,110;,
  3;114,87,45;,
  3;26,40,24;,
  3;40,26,100;,
  3;80,27,78;,
  3;27,80,25;,
  3;37,39,32;,
  3;81,62,68;,
  3;51,50,53;,
  3;68,62,104;,
  3;67,68,104;,
  3;112,47,48;,
  3;119,121,122;,
  3;121,119,120;,
  3;21,119,122;,
  3;112,48,120;,
  3;21,122,118;,
  3;21,115,5;,
  3;3,110,6;,
  3;83,85,123;,
  3;50,52,117;,
  3;59,64,84;,
  3;64,59,56;,
  3;58,63,56;,
  3;62,63,104;,
  3;63,66,104;,
  3;66,63,58;,
  3;105,8,78;,
  3;8,105,107;,
  3;2,1,103;,
  3;49,46,97;,
  3;97,43,98;,
  3;43,97,46;,
  3;42,98,43;,
  3;98,42,99;,
  3;96,49,97;,
  3;49,96,121;,
  3;120,49,121;,
  3;49,120,48;,
  3;88,43,45;,
  3;43,88,44;,
  3;124,125,126;,
  3;127,128,129;,
  3;128,127,130;,
  3;131,132,133;,
  3;132,131,134;,
  3;135,136,137;,
  3;136,135,138;,
  3;139,135,137;,
  3;135,139,140;,
  3;141,142,139;,
  3;142,141,143;,
  3;130,144,128;,
  3;144,130,145;,
  3;138,146,136;,
  3;146,138,147;,
  3;148,149,150;,
  3;149,148,151;,
  3;152,153,154;,
  3;153,152,155;,
  3;156,153,157;,
  3;153,156,154;,
  3;154,142,152;,
  3;142,154,158;,
  3;138,159,160;,
  3;159,138,135;,
  3;160,161,162;,
  3;161,160,159;,
  3;162,161,163;,
  3;135,158,159;,
  3;158,135,140;,
  3;159,154,161;,
  3;154,159,158;,
  3;161,154,156;,
  3;164,148,165;,
  3;166,167,168;,
  3;169,170,168;,
  3;170,169,171;,
  3;170,172,173;,
  3;172,170,171;,
  3;174,175,176;,
  3;177,178,179;,
  3;178,177,176;,
  3;180,181,182;,
  3;181,180,183;,
  3;181,184,185;,
  3;184,181,183;,
  3;186,180,187;,
  3;180,186,188;,
  3;183,189,184;,
  3;189,183,190;,
  3;191,177,190;,
  3;190,179,189;,
  3;179,190,177;,
  3;192,193,191;,
  3;193,194,195;,
  3;194,193,192;,
  3;165,150,196;,
  3;150,165,148;,
  3;134,131,197;,
  3;198,199,200;,
  3;199,198,201;,
  3;174,198,200;,
  3;132,202,133;,
  3;202,203,133;,
  3;203,202,204;,
  3;192,205,194;,
  3;186,206,205;,
  3;187,207,208;,
  3;207,187,209;,
  3;210,207,209;,
  3;211,169,212;,
  3;167,166,213;,
  3;142,143,152;,
  3;139,142,140;,
  3;140,142,158;,
  3;197,214,134;,
  3;143,91,92;,
  3;91,143,141;,
  3;147,160,215;,
  3;160,147,138;,
  3;160,216,215;,
  3;216,160,162;,
  3;216,162,163;,
  3;217,133,203;,
  3;96,141,218;,
  3;141,96,91;,
  3;218,139,219;,
  3;139,218,141;,
  3;219,137,220;,
  3;137,219,139;,
  3;137,164,220;,
  3;164,137,136;,
  3;136,221,164;,
  3;221,136,146;,
  3;222,223,224;,
  3;223,125,224;,
  3;201,193,195;,
  3;193,201,198;,
  3;174,193,198;,
  3;193,174,191;,
  3;191,174,177;,
  3;190,225,191;,
  3;220,165,166;,
  3;226,227,228;,
  3;213,165,196;,
  3;165,213,166;,
  3;165,220,164;,
  3;217,131,133;,
  3;202,196,150;,
  3;196,202,226;,
  3;196,228,213;,
  3;228,196,226;,
  3;228,167,213;,
  3;167,228,229;,
  3;229,212,167;,
  3;212,229,230;,
  3;231,230,232;,
  3;230,231,212;,
  3;233,128,144;,
  3;128,233,234;,
  3;234,129,128;,
  3;129,234,235;,
  3;236,124,126;,
  3;124,236,232;,
  3;237,200,199;,
  3;200,237,238;,
  3;200,238,174;,
  3;186,208,206;,
  3;208,186,187;,
  3;118,236,126;,
  3;171,235,234;,
  3;235,171,169;,
  3;211,231,129;,
  3;231,232,127;,
  3;232,130,127;,
  3;130,232,236;,
  3;236,118,145;,
  3;239,144,145;,
  3;240,144,239;,
  3;144,240,233;,
  3;171,234,233;,
  3;129,235,211;,
  3;212,231,211;,
  3;235,169,211;,
  3;151,164,221;,
  3;164,151,148;,
  3;204,150,149;,
  3;150,204,202;,
  3;161,156,163;,
  3;205,192,186;,
  3;176,177,174;,
  3;192,225,186;,
  3;191,225,192;,
  3;233,172,171;,
  3;239,121,240;,
  3;121,239,122;,
  3;145,122,239;,
  3;233,240,172;,
  3;145,118,122;,
  3;145,130,236;,
  3;127,129,231;,
  3;207,241,208;,
  3;174,238,175;,
  3;182,187,180;,
  3;187,182,209;,
  3;183,180,188;,
  3;186,225,188;,
  3;188,190,183;,
  3;190,188,225;,
  3;227,202,132;,
  3;202,227,226;,
  3;125,223,126;,
  3;173,218,170;,
  3;218,168,170;,
  3;168,218,219;,
  3;166,219,220;,
  3;219,166,168;,
  3;96,218,173;,
  3;173,121,96;,
  3;240,173,172;,
  3;173,240,121;,
  3;212,168,167;,
  3;168,212,169;,
  3;242,243,244;,
  3;243,242,245;,
  3;244,246,242;,
  3;247,248,249;,
  3;250,251,252;,
  3;251,250,253;,
  3;254,250,255;,
  3;256,257,248;,
  3;257,258,248;,
  3;255,250,259;,
  3;250,254,253;,
  3;252,259,250;,
  3;259,252,260;,
  3;254,244,253;,
  3;244,254,246;,
  3;251,244,243;,
  3;244,251,253;,
  3;261,247,262;,
  3;247,261,263;,
  3;248,258,249;,
  3;247,263,248;,
  3;263,256,248;,
  3;264,258,257;,
  3;258,264,265;,
  3;29,266,30;,
  3;266,29,267;,
  3;33,267,29;,
  3;267,33,268;,
  3;7,269,270;,
  3;269,7,73;,
  3;95,270,271;,
  3;270,95,7;,
  3;272,273,274;,
  3;273,272,275;,
  3;276,270,269;,
  3;270,276,277;,
  3;278,279,280;,
  3;279,278,281;,
  3;272,282,283;,
  3;282,272,274;,
  3;284,283,285;,
  3;283,284,272;,
  3;286,287,288;,
  3;287,286,289;,
  3;286,288,290;,
  3;277,291,292;,
  3;291,277,276;,
  3;293,294,295;,
  3;294,293,292;,
  3;284,275,272;,
  3;274,273,296;,
  3;296,297,298;,
  3;297,296,273;,
  3;281,287,299;,
  3;278,290,288;,
  3;290,278,300;,
  3;294,301,295;,
  3;301,294,302;,
  3;287,278,288;,
  3;271,277,303;,
  3;277,271,270;,
  3;303,292,293;,
  3;292,303,277;,
  3;294,291,304;,
  3;291,294,292;,
  3;302,294,304;,
  3;283,305,285;,
  3;285,305,286;,
  3;286,305,306;,
  3;306,305,283;,
  3;307,286,306;,
  3;286,307,289;,
  3;275,101,103;,
  3;101,275,308;,
  3;308,284,309;,
  3;284,308,275;,
  3;284,285,309;,
  3;1,310,103;,
  3;299,311,281;,
  3;311,299,312;,
  3;283,307,306;,
  3;307,283,282;,
  3;278,280,313;,
  3;278,287,281;,
  3;286,290,285;,
  3;103,314,275;,
  3;314,103,310;,
  3;313,300,278;,
  3;300,313,315;,
  3;314,273,275;,
  3;273,314,297;,
  3;311,279,281;,
  3;310,1,118;,
  3;153,316,317;,
  3;316,153,155;,
  3;157,317,318;,
  3;317,157,153;,
  3;131,319,197;,
  3;319,131,320;,
  3;217,320,131;,
  3;320,217,321;,
  3;322,323,324;,
  3;323,322,325;,
  3;326,320,327;,
  3;320,326,319;,
  3;328,279,329;,
  3;279,328,280;,
  3;322,330,325;,
  3;330,322,331;,
  3;332,331,322;,
  3;331,332,333;,
  3;334,335,336;,
  3;335,334,337;,
  3;334,338,337;,
  3;327,339,326;,
  3;339,327,340;,
  3;341,342,340;,
  3;342,341,343;,
  3;332,322,324;,
  3;325,344,323;,
  3;344,297,323;,
  3;297,344,298;,
  3;329,345,335;,
  3;328,338,346;,
  3;338,328,337;,
  3;342,347,348;,
  3;347,342,343;,
  3;335,337,328;,
  3;321,327,320;,
  3;327,321,349;,
  3;349,340,327;,
  3;340,349,341;,
  3;342,339,340;,
  3;339,342,350;,
  3;348,350,342;,
  3;331,333,351;,
  3;333,334,351;,
  3;334,352,351;,
  3;352,331,351;,
  3;353,334,336;,
  3;334,353,352;,
  3;324,222,354;,
  3;222,324,223;,
  3;354,332,324;,
  3;332,354,355;,
  3;332,355,333;,
  3;126,223,310;,
  3;345,311,312;,
  3;311,345,329;,
  3;331,353,330;,
  3;353,331,352;,
  3;328,356,280;,
  3;328,329,335;,
  3;334,333,338;,
  3;223,314,310;,
  3;314,223,324;,
  3;356,346,357;,
  3;346,356,328;,
  3;314,323,297;,
  3;323,314,324;,
  3;311,329,279;,
  3;310,118,126;,
  3;358,359,360;,
  3;359,358,361;,
  3;362,363,247;,
  3;363,362,364;,
  3;365,366,367;,
  3;366,365,368;,
  3;258,369,370;,
  3;369,258,371;,
  3;367,372,365;,
  3;372,367,373;,
  3;366,360,359;,
  3;360,366,368;,
  3;247,374,375;,
  3;374,247,363;,
  3;362,370,364;,
  3;370,362,258;,
  3;376,377,378;,
  3;377,376,379;,
  3;380,381,382;,
  3;381,380,383;,
  3;384,385,386;,
  3;385,384,387;,
  3;384,388,387;,
  3;388,384,389;,
  3;384,390,389;,
  3;390,384,391;,
  3;384,392,393;,
  3;392,384,394;,
  3;395,384,386;,
  3;384,395,396;,
  3;397,384,396;,
  3;384,397,398;,
  3;399,384,398;,
  3;384,399,394;,
  3;400,401,402;,
  3;401,400,403;,
  3;404,405,406;,
  3;405,404,407;,
  3;408,409,410;,
  3;409,408,411;,
  3;412,413,414;,
  3;415,416,417;,
  3;416,415,418;,
  3;419,420,421;,
  3;420,419,422;,
  3;423,424,425;;

  MeshNormals {
   426;
   0.100162;0.405755;-0.908477;,
   0.211736;0.482339;-0.850010;,
   0.012043;0.695761;-0.718172;,
   0.692694;0.367415;-0.620630;,
   0.309376;0.232945;-0.921967;,
   0.223565;0.520090;-0.824333;,
   0.819683;0.103010;-0.563479;,
   0.545203;0.361029;0.756579;,
   0.219967;0.389722;0.894277;,
   0.187261;0.917721;0.350317;,
   0.143953;0.276941;0.950043;,
   0.782761;0.464588;0.414056;,
   0.305967;0.518550;0.798430;,
   0.279024;0.526364;0.803172;,
   0.765997;0.522072;0.375086;,
   0.853131;0.398456;-0.336751;,
   0.911005;0.335387;-0.239972;,
   0.448807;0.181464;-0.875010;,
   0.640110;0.139395;-0.755532;,
   0.267232;0.112608;-0.957030;,
   -0.233593;0.226838;-0.945504;,
   -0.050172;0.458423;-0.887317;,
   0.000000;0.470504;0.882398;,
   0.000001;0.480163;0.877179;,
   0.223025;-0.121180;0.967252;,
   0.000000;-0.206188;0.978512;,
   0.000000;-0.069420;0.997588;,
   0.145165;-0.270908;0.951596;,
   0.431043;0.024387;-0.902002;,
   0.947592;0.086043;-0.307678;,
   0.471520;0.024474;-0.881516;,
   0.957589;0.098633;-0.270730;,
   0.728266;0.156672;0.667145;,
   0.769600;0.098263;0.630920;,
   0.960686;0.174733;-0.215758;,
   0.784670;0.300091;0.542438;,
   0.267583;0.353420;0.896378;,
   0.819577;0.149505;0.553120;,
   0.331218;0.050820;0.942185;,
   0.152040;0.074725;0.985546;,
   0.320367;0.214176;0.922764;,
   0.723405;-0.241449;0.646829;,
   0.975465;-0.195160;0.101888;,
   0.921666;-0.119228;-0.369211;,
   0.987143;-0.149047;-0.057738;,
   0.918466;-0.312684;-0.242176;,
   0.375510;-0.029648;-0.926344;,
   0.454221;-0.479650;-0.750745;,
   -0.099795;-0.362969;-0.926442;,
   0.035624;-0.112198;-0.993047;,
   0.179928;0.491407;-0.852142;,
   0.058354;-0.749226;-0.659739;,
   0.058719;-0.765209;-0.641099;,
   0.197194;0.691299;-0.695140;,
   0.117218;-0.703715;-0.700746;,
   0.244503;0.711979;-0.658258;,
   -0.096855;-0.744079;0.661033;,
   0.058354;-0.749226;-0.659739;,
   -0.096557;-0.575589;0.812019;,
   0.058719;-0.765209;-0.641099;,
   -0.045670;-0.575358;0.816625;,
   0.117218;-0.703715;-0.700746;,
   0.248435;-0.129057;0.960013;,
   -0.151854;0.178694;0.972116;,
   0.369547;-0.851761;0.371401;,
   0.101814;0.792623;0.601152;,
   0.052334;0.779737;0.623917;,
   0.174501;0.982335;0.067587;,
   0.157627;0.765867;0.623379;,
   0.111203;0.976388;-0.185206;,
   0.187261;0.917721;0.350317;,
   0.160433;0.958026;-0.237586;,
   0.577016;-0.340036;0.742582;,
   0.896198;0.356001;-0.264752;,
   0.068704;0.674405;-0.735159;,
   0.100162;0.405755;-0.908477;,
   0.012043;0.695761;-0.718172;,
   0.208758;0.019141;-0.977780;,
   0.101168;-0.124360;0.987066;,
   -0.000000;0.090831;0.995866;,
   0.000000;-0.182147;0.983271;,
   0.219967;0.389722;0.894277;,
   0.479158;-0.117926;0.869771;,
   0.856505;-0.488168;-0.167604;,
   0.305992;-0.663009;-0.683219;,
   0.814105;-0.477487;0.330513;,
   0.509143;0.129757;-0.850845;,
   0.979952;-0.190171;-0.059404;,
   0.993823;-0.097008;-0.053904;,
   0.956479;-0.249879;0.150697;,
   0.160433;0.958026;-0.237586;,
   -0.000003;0.091999;-0.995759;,
   -0.000545;0.083788;-0.996483;,
   -0.000000;0.321148;0.947029;,
   0.000097;0.178000;0.984031;,
   0.000000;0.132090;0.991238;,
   -0.000001;0.025127;-0.999684;,
   0.447755;0.052013;-0.892642;,
   0.937708;0.149069;-0.313818;,
   0.890323;0.215812;0.400937;,
   -0.000000;0.209881;0.977727;,
   0.896198;0.356001;-0.264752;,
   0.160433;0.958026;-0.237586;,
   0.526694;0.225958;-0.819473;,
   0.083636;0.556027;0.826946;,
   0.583813;-0.192506;0.788736;,
