xof 0303txt 0032
template ColorRGBA {
 <35ff44e0-6c7c-11cf-8f52-0040333594a3>
 FLOAT red;
 FLOAT green;
 FLOAT blue;
 FLOAT alpha;
}

template ColorRGB {
 <d3e16e81-7835-11cf-8f52-0040333594a3>
 FLOAT red;
 FLOAT green;
 FLOAT blue;
}

template Material {
 <3d82ab4d-62da-11cf-ab39-0020af71e433>
 ColorRGBA faceColor;
 FLOAT power;
 ColorRGB specularColor;
 ColorRGB emissiveColor;
 [...]
}

template TextureFilename {
 <a42790e1-7810-11cf-8f52-0040333594a3>
 STRING filename;
}

template Frame {
 <3d82ab46-62da-11cf-ab39-0020af71e433>
 [...]
}

template Matrix4x4 {
 <f6f23f45-7686-11cf-8f52-0040333594a3>
 array FLOAT matrix[16];
}

template FrameTransformMatrix {
 <f6f23f41-7686-11cf-8f52-0040333594a3>
 Matrix4x4 frameMatrix;
}

template Vector {
 <3d82ab5e-62da-11cf-ab39-0020af71e433>
 FLOAT x;
 FLOAT y;
 FLOAT z;
}

template MeshFace {
 <3d82ab5f-62da-11cf-ab39-0020af71e433>
 DWORD nFaceVertexIndices;
 array DWORD faceVertexIndices[nFaceVertexIndices];
}

template Mesh {
 <3d82ab44-62da-11cf-ab39-0020af71e433>
 DWORD nVertices;
 array Vector vertices[nVertices];
 DWORD nFaces;
 array MeshFace faces[nFaces];
 [...]
}

template MeshNormals {
 <f6f23f43-7686-11cf-8f52-0040333594a3>
 DWORD nNormals;
 array Vector normals[nNormals];
 DWORD nFaceNormals;
 array MeshFace faceNormals[nFaceNormals];
}

template MeshMaterialList {
 <f6f23f42-7686-11cf-8f52-0040333594a3>
 DWORD nMaterials;
 DWORD nFaceIndexes;
 array DWORD faceIndexes[nFaceIndexes];
 [Material <3d82ab4d-62da-11cf-ab39-0020af71e433>]
}

template Coords2d {
 <f6f23f44-7686-11cf-8f52-0040333594a3>
 FLOAT u;
 FLOAT v;
}

template MeshTextureCoords {
 <f6f23f40-7686-11cf-8f52-0040333594a3>
 DWORD nTextureCoords;
 array Coords2d textureCoords[nTextureCoords];
}

template XSkinMeshHeader {
 <3cf169ce-ff7c-44ab-93c0-f78f62d172e2>
 WORD nMaxSkinWeightsPerVertex;
 WORD nMaxSkinWeightsPerFace;
 WORD nBones;
}

template SkinWeights {
 <6f0d123b-bad2-4167-a0d0-80224f25fabb>
 STRING transformNodeName;
 DWORD nWeights;
 array DWORD vertexIndices[nWeights];
 array FLOAT weights[nWeights];
 Matrix4x4 matrixOffset;
}

template AnimTicksPerSecond {
 <9e415a43-7ba6-4a73-8743-b73d47e88476>
 DWORD AnimTicksPerSecond;
}

template Animation {
 <3d82ab4f-62da-11cf-ab39-0020af71e433>
 [...]
}

template AnimationSet {
 <3d82ab50-62da-11cf-ab39-0020af71e433>
 [Animation <3d82ab4f-62da-11cf-ab39-0020af71e433>]
}

template FloatKeys {
 <10dd46a9-775b-11cf-8f52-0040333594a3>
 DWORD nValues;
 array FLOAT values[nValues];
}

template TimedFloatKeys {
 <f406b180-7b3b-11cf-8f52-0040333594a3>
 DWORD time;
 FloatKeys tfkeys;
}

template AnimationKey {
 <10dd46a8-775b-11cf-8f52-0040333594a3>
 DWORD keyType;
 DWORD nKeys;
 array TimedFloatKeys keys[nKeys];
}


Material _03_-_Defaultccc {
 1.000000;1.000000;1.000000;1.000000;;
 9.999999;
 0.000000;0.000000;0.000000;;
 0.000000;0.000000;0.000000;;

 TextureFilename {
  "WeddingDress.png";
 }
}

Frame Dummy01 {
 

 FrameTransformMatrix {
  1.000000,0.000000,0.000000,0.000000,0.000000,-0.000000,-1.000000,0.000000,0.000000,1.000000,-0.000000,0.000000,0.000000,0.000000,0.000000,1.000000;;
 }

 Frame Bip01 {
  

  FrameTransformMatrix {
   -0.087155,0.982405,-0.165183,0.000000,-0.000001,0.165814,0.986157,0.000000,0.996195,0.085949,-0.014450,0.000000,-0.010000,-0.012284,0.490453,1.000000;;
  }

  Frame Bip01_Pelvis {
   

   FrameTransformMatrix {
    0.000000,1.000000,-0.000001,0.000000,-0.000001,0.000001,1.000000,0.000000,1.000000,0.000000,0.000001,0.000000,0.000000,0.000000,0.000000,1.000000;;
   }

   Frame Bip01_Spine {
    

    FrameTransformMatrix {
     0.984686,0.000002,-0.174337,0.000000,-0.000001,1.000000,0.000004,0.000000,0.174337,-0.000004,0.984686,0.000000,0.051619,0.000000,-0.000083,1.000000;;
    }

    Frame Bip01_Spine1 {
     

     FrameTransformMatrix {
      0.997819,0.052687,0.039774,0.000000,-0.044862,0.983198,-0.176942,0.000000,-0.048428,0.174771,0.983417,0.000000,0.106484,-0.000015,-0.000083,1.000000;;
     }

     Frame Bip01_Neck {
      

      FrameTransformMatrix {
       0.966067,-0.020835,0.257451,0.000000,0.025191,0.999590,-0.013632,0.000000,-0.257061,0.019655,0.966195,0.000000,0.130511,-0.000001,0.004626,1.000000;;
      }

      Frame Bip01_Head {
       

       FrameTransformMatrix {
        0.989321,-0.051753,-0.136255,0.000000,0.064251,0.993958,0.088989,0.000000,0.130826,-0.096793,0.986669,0.000000,0.033674,-0.000000,0.000000,1.000000;;
       }
      }

      Frame Bip01_L_Clavicle {
       

       FrameTransformMatrix {
        -0.205975,0.976135,0.068811,0.000000,0.943873,0.216738,-0.249254,0.000000,-0.258220,0.013609,-0.965990,0.000000,-0.024734,0.015166,0.002017,1.000000;;
       }

       Frame Bip01_L_UpperArm {
        

        FrameTransformMatrix {
         0.385871,-0.777669,0.496320,0.000000,0.922466,0.332598,-0.196046,0.000000,-0.012616,0.533487,0.845714,0.000000,0.073469,0.000000,-0.000000,1.000000;;
        }

        Frame Bip01_L_Forearm {
         

         FrameTransformMatrix {
          0.943939,0.000000,-0.330119,0.000000,0.000000,1.000000,-0.000000,0.000000,0.330119,-0.000000,0.943939,0.000000,0.148340,0.000000,-0.000000,1.000000;;
         }

         Frame Bip01_L_Hand {
          

          FrameTransformMatrix {
           1.000000,-0.000000,0.000000,0.000000,0.000000,0.000796,1.000000,0.000000,0.000000,-1.000000,0.000796,0.000000,0.131860,-0.000000,0.000000,1.000000;;
          }

          Frame Bip01_L_Finger0 {
           

           FrameTransformMatrix {
            0.690342,-0.181727,0.700288,0.000000,0.558537,0.749101,-0.356210,0.000000,-0.459853,0.637043,0.618637,0.000000,0.057681,-0.023605,-0.000272,1.000000;;
           }
          }

          Frame Bip01_L_Finger1 {
           

           FrameTransformMatrix {
            0.728079,-0.000546,0.685493,0.000000,0.000000,1.000000,0.000796,0.000000,-0.685493,-0.000580,0.728079,0.000000,0.084102,0.000000,0.000000,1.000000;;
           }
          }
         }
        }
       }
      }

      Frame Bip01_R_Clavicle {
       

       FrameTransformMatrix {
        -0.028509,-0.999573,-0.006461,0.000000,-0.965665,0.025871,0.258498,0.000000,-0.258220,0.013609,-0.965990,0.000000,-0.024080,-0.016250,0.001399,1.000000;;
       }

       Frame Bip01_R_UpperArm {
        

        FrameTransformMatrix {
         0.221390,0.975047,0.016433,0.000000,-0.974986,0.221654,-0.016512,0.000000,-0.019742,-0.012366,0.999728,0.000000,0.073469,0.000000,-0.000000,1.000000;;
        }

        Frame Bip01_R_Forearm {
         

         FrameTransformMatrix {
          0.915660,-0.000000,-0.401954,0.000000,-0.000000,1.000000,-0.000000,0.000000,0.401954,-0.000000,0.915660,0.000000,0.148340,0.000000,-0.000000,1.000000;;
         }

         Frame Bip01_R_Hand {
          

          FrameTransformMatrix {
           0.975195,-0.000000,-0.221346,0.000000,-0.221346,0.000796,-0.975195,0.000000,0.000176,1.000000,0.000777,0.000000,0.131860,0.000000,0.000000,1.000000;;
          }

          Frame Bip01_R_Finger0 {
           

           FrameTransformMatrix {
            0.417774,-0.116941,0.900994,0.000000,-0.558537,0.749101,0.356210,0.000000,-0.716591,-0.652054,0.247639,0.000000,0.057681,0.023605,-0.000272,1.000000;;
           }
          }

          Frame Bip01_R_Finger1 {
           

           FrameTransformMatrix {
            0.352436,0.000745,0.935835,0.000000,-0.000000,1.000000,-0.000796,0.000000,-0.935836,0.000281,0.352436,0.000000,0.084102,-0.000000,0.000000,1.000000;;
           }
          }
         }
        }
       }
      }
     }

     Frame Bip01_BackPack {
      

      FrameTransformMatrix {
       0.180560,0.080500,-0.980264,0.000000,0.047560,0.994764,0.090451,0.000000,0.982413,-0.062954,0.175786,0.000000,0.063697,0.000003,-0.088856,1.000000;;
      }
     }
    }

    Frame Bip01_L_Thigh {
     

     FrameTransformMatrix {
      -0.888504,0.030427,0.457858,0.000000,-0.032107,-0.999476,0.004114,0.000000,0.457744,-0.011045,0.889016,0.000000,-0.050843,0.055225,-0.008917,1.000000;;
     }

     Frame Bip01_L_Calf {
      

      FrameTransformMatrix {
       0.942235,-0.000000,-0.334952,0.000000,-0.000000,1.000000,-0.000000,0.000000,0.334952,-0.000000,0.942235,0.000000,0.237500,0.000000,-0.000000,1.000000;;
      }

      Frame Bip01_L_Foot {
       

       FrameTransformMatrix {
        0.924325,-0.026487,0.380687,0.000000,-0.068962,0.969570,0.234901,0.000000,-0.375325,-0.243378,0.894371,0.000000,0.206841,0.000000,0.000000,1.000000;;
       }

       Frame Bip01_L_Toe0 {
        

        FrameTransformMatrix {
         0.000000,0.000000,1.000000,0.000000,0.000000,1.000000,-0.000000,0.000000,-1.000000,0.000000,0.000000,0.000000,0.065373,0.000000,0.066450,1.000000;;
        }
       }
      }
     }
    }

    Frame Bip01_R_Thigh {
     

     FrameTransformMatrix {
      -0.996965,0.030321,-0.071704,0.000000,-0.029454,-0.999480,-0.013113,0.000000,-0.072065,-0.010961,0.997340,0.000000,-0.050843,-0.055225,-0.008917,1.000000;;
     }

     Frame Bip01_R_Calf {
      

      FrameTransformMatrix {
       0.730239,0.000000,-0.683192,0.000000,0.000000,1.000000,0.000000,0.000000,0.683192,0.000000,0.730239,0.000000,0.237500,0.000000,0.000000,1.000000;;
      }

      Frame Bip01_R_Foot {
       

       FrameTransformMatrix {
        0.991957,0.087165,-0.091782,0.000000,-0.093276,0.993546,-0.064539,0.000000,0.085565,0.072581,0.993685,0.000000,0.206841,0.000000,0.000000,1.000000;;
       }

       Frame Bip01_R_Toe0 {
        

        FrameTransformMatrix {
         0.000000,0.000000,1.000000,0.000000,0.000000,1.000000,-0.000000,0.000000,-1.000000,0.000000,0.000000,0.000000,0.065373,0.000000,0.066450,1.000000;;
        }
       }
      }
     }
    }
   }

   Frame Bip01_DressFront {
    

    FrameTransformMatrix {
     -0.880185,-0.088339,0.466338,0.000000,0.121847,0.907542,0.401896,0.000000,-0.458725,0.410564,-0.788041,0.000000,-0.043935,0.001339,0.061057,1.000000;;
    }

    Frame Bip01_DressFront02 {
     

     FrameTransformMatrix {
      0.912593,0.000001,0.408870,0.000000,-0.000001,1.000000,-0.000000,0.000000,-0.408870,-0.000000,0.912593,0.000000,0.183378,-0.000000,-0.000120,1.000000;;
     }
    }
   }

   Frame Bip01_DressBack {
    

    FrameTransformMatrix {
     -0.886023,0.038029,0.462080,0.000000,0.191625,0.937561,0.290274,0.000000,-0.422190,0.345735,-0.837988,0.000000,-0.047673,-0.000048,-0.078302,1.000000;;
    }

    Frame Bip01_DressBack02 {
     

     FrameTransformMatrix {
      0.936852,0.174932,-0.302833,0.000000,-0.166408,0.984581,0.053939,0.000000,0.307600,-0.000139,0.951516,0.000000,0.176125,0.000000,-0.000103,1.000000;;
     }
    }
   }
  }

  Frame Bip01_Prop1 {
   

   FrameTransformMatrix {
    -0.233929,-0.108090,0.966227,0.000000,0.687222,0.684611,0.242967,0.000000,-0.687752,0.720849,-0.085868,0.000000,0.072994,-0.055506,-0.134034,1.000000;;
   }
  }

  Frame Bip01_Prop2 {
   

   FrameTransformMatrix {
    -0.163643,-0.967062,0.194966,0.000000,0.985576,-0.168906,-0.010564,0.000000,0.043147,0.190425,0.980753,0.000000,-0.140709,-0.103585,0.102365,1.000000;;
   }
  }
 }
}

Frame Translation_Data {
 

 FrameTransformMatrix {
  1.000000,0.000000,0.000000,0.000000,0.000000,-0.000000,-1.000000,0.000000,0.000000,1.000000,-0.000000,0.000000,0.000000,0.000000,0.000000,1.000000;;
 }
}

Frame Kate_WeddingDress {
 

 FrameTransformMatrix {
  1.000000,0.000000,0.000000,0.000000,0.000000,1.000000,0.000000,0.000000,0.000000,0.000000,1.000000,0.000000,0.000000,0.000000,0.000000,1.000000;;
 }

 Mesh Kate_WeddingDress {
  356;
  0.063884;0.770564;0.001845;,
  0.042938;0.772470;0.003798;,
  0.066466;0.790131;0.015552;,
  0.064810;0.727960;-0.015254;,
  0.048147;0.702914;-0.045835;,
  0.043010;0.732505;-0.026867;,
  0.069664;0.697909;-0.029433;,
  0.040397;0.807008;0.061630;,
  0.073332;0.785828;0.080650;,
  0.061617;0.801854;0.056294;,
  0.045186;0.779674;0.085960;,
  0.073451;0.564351;0.055476;,
  0.035823;0.594546;0.071577;,
  0.040452;0.573010;0.085807;,
  0.065928;0.591637;0.045016;,
  0.073897;0.578950;0.003150;,
  0.093113;0.548761;0.008726;,
  0.051203;0.562143;-0.025110;,
  0.083129;0.516137;-0.015600;,
  0.047800;0.506587;-0.035398;,
  0.020382;0.701878;-0.045297;,
  0.017146;0.723312;-0.029633;,
  0.000000;0.586681;0.073693;,
  0.000008;0.562741;0.086568;,
  0.074866;0.463031;-0.036519;,
  0.153351;0.368034;0.024651;,
  0.104363;0.365922;-0.043031;,
  0.123857;0.466513;0.021994;,
  0.124799;0.276788;-0.041216;,
  0.168354;0.276905;0.032085;,
  0.113388;0.439533;0.096492;,
  0.129348;0.370748;0.100995;,
  0.150805;0.279432;0.110892;,
  0.135135;0.218482;-0.038231;,
  0.185807;0.156169;0.037747;,
  0.147728;0.153767;-0.032832;,
  0.177540;0.214343;0.034223;,
  0.195109;0.093393;0.049117;,
  0.157920;0.090804;-0.025299;,
  0.159702;0.220070;0.115443;,
  0.171901;0.151288;0.114661;,
  0.181364;0.090704;0.110235;,
  0.109409;0.511875;0.018398;,
  0.090734;0.525200;0.077071;,
  0.048486;0.530705;0.106375;,
  0.106076;0.469612;0.083705;,
  0.051869;0.476818;0.111177;,
  0.036313;0.452693;0.114297;,
  0.036758;0.607747;0.064412;,
  0.063239;0.648998;0.055105;,
  0.034689;0.654600;0.065148;,
  0.070336;0.656993;0.035956;,
  0.066780;0.655726;-0.003283;,
  0.077150;0.688022;0.037966;,
  0.067644;0.665951;-0.003621;,
  0.042843;0.656716;-0.032877;,
  0.044060;0.659297;-0.032217;,
  0.019478;0.663701;-0.033907;,
  0.015811;0.662234;-0.033037;,
  0.135616;0.790333;0.004595;,
  0.177249;0.739521;0.020499;,
  0.134601;0.739222;0.011595;,
  0.123188;0.741487;0.075210;,
  0.177249;0.739521;0.020499;,
  0.172168;0.745880;0.079895;,
  0.134601;0.739222;0.011595;,
  0.102589;0.757413;0.083500;,
  0.126377;0.769393;0.080074;,
  0.103060;0.736996;0.065274;,
  0.133486;0.804029;0.046740;,
  0.178635;0.792312;0.069830;,
  0.184549;0.791447;0.020427;,
  0.094719;0.817979;0.064647;,
  0.098877;0.820463;0.034725;,
  0.061617;0.801854;0.056294;,
  0.064148;0.803437;0.037890;,
  0.044519;0.684077;0.072097;,
  0.070246;0.691790;0.070933;,
  0.039891;0.805640;0.040633;,
  0.095556;0.803986;-0.000909;,
  0.063884;0.770564;0.001845;,
  0.066466;0.790131;0.015552;,
  0.095985;0.770645;-0.009241;,
  0.049787;0.733740;0.088262;,
  0.073332;0.785828;0.080650;,
  0.083974;0.741674;0.087934;,
  0.082129;0.727348;0.025561;,
  0.093455;0.740873;0.000818;,
  0.086748;0.726796;0.073279;,
  0.069210;0.746233;-0.002950;,
  0.075655;0.685591;-0.001678;,
  0.076250;0.693397;0.015903;,
  0.076978;0.687421;0.056037;,
  0.064148;0.803437;0.037890;,
  0.000002;0.560026;-0.032805;,
  0.000071;0.499726;-0.043204;,
  0.000045;0.523021;0.108139;,
  0.000116;0.482154;0.115303;,
  0.000000;0.617928;-0.033929;,
  0.041392;0.618930;-0.028180;,
  0.066130;0.619465;0.002870;,
  0.063506;0.611648;0.039987;,
  0.000000;0.604542;0.066568;,
  0.039891;0.805640;0.040633;,
  0.064148;0.803437;0.037890;,
  0.040552;0.795453;0.026323;,
  0.129880;0.791714;0.067304;,
  0.080058;0.728291;0.089512;,
  0.086748;0.726796;0.073279;,
  0.083974;0.741674;0.087934;,
  0.075552;0.717939;0.037839;,
  0.082129;0.727348;0.025561;,
  0.073974;0.716206;-0.002426;,
  0.069210;0.746233;-0.002950;,
  0.020313;0.672898;-0.043032;,
  0.048855;0.669286;-0.043021;,
  0.067338;0.670733;-0.022250;,
  0.032101;0.745809;-0.018817;,
  0.069210;0.746233;-0.002950;,
  0.093455;0.740873;0.000818;,
  0.000000;0.738618;-0.023611;,
  0.008878;0.702344;-0.039272;,
  0.008874;0.674384;-0.037072;,
  0.000000;0.649026;0.069401;,
  0.000000;0.676564;-0.035954;,
  -0.000000;0.702756;-0.038016;,
  0.075552;0.717939;0.037839;,
  -0.063884;0.770564;0.001845;,
  -0.066466;0.790131;0.015552;,
  -0.042938;0.772470;0.003798;,
  -0.064810;0.727960;-0.015254;,
  -0.048147;0.702914;-0.045835;,
  -0.069664;0.697909;-0.029433;,
  -0.043010;0.732505;-0.026867;,
  -0.040397;0.807008;0.061630;,
  -0.073332;0.785828;0.080650;,
  -0.045186;0.779674;0.085960;,
  -0.061617;0.801854;0.056294;,
  -0.073449;0.564351;0.055476;,
  -0.035823;0.594546;0.071577;,
  -0.065928;0.591637;0.045016;,
  -0.040451;0.573010;0.085806;,
  -0.073897;0.578950;0.003150;,
  -0.093113;0.548761;0.008724;,
  -0.051205;0.562143;-0.025116;,
  -0.083062;0.516137;-0.015603;,
  -0.047695;0.506583;-0.035439;,
  -0.020382;0.701878;-0.045297;,
  -0.017146;0.723312;-0.029633;,
  0.000000;0.586681;0.073693;,
  0.000008;0.562741;0.086568;,
  -0.074603;0.463028;-0.036535;,
  -0.152774;0.368034;0.024651;,
  -0.123600;0.466513;0.021991;,
  -0.103787;0.365922;-0.043029;,
  -0.124239;0.276789;-0.041210;,
  -0.168579;0.276905;0.032085;,
  -0.112962;0.439535;0.096493;,
  -0.128432;0.370739;0.101293;,
  -0.148782;0.278910;0.112627;,
  -0.134550;0.218481;-0.038241;,
  -0.183830;0.156169;0.037747;,
  -0.174994;0.214343;0.034223;,
  -0.147201;0.153762;-0.032887;,
  -0.194702;0.093393;0.049116;,
  -0.157474;0.090801;-0.025343;,
  -0.159776;0.222452;0.115325;,
  -0.172937;0.155126;0.114953;,
  -0.180609;0.091249;0.110882;,
  -0.109328;0.511875;0.018395;,
  -0.090755;0.525200;0.077072;,
  -0.048404;0.530705;0.106295;,
  -0.105801;0.469612;0.083718;,
  -0.051587;0.476816;0.111045;,
  -0.036758;0.607747;0.064412;,
  -0.034689;0.654600;0.065148;,
  -0.063239;0.648998;0.055105;,
  -0.070336;0.656993;0.035956;,
  -0.077150;0.688022;0.037966;,
  -0.066780;0.655726;-0.003283;,
  -0.067644;0.665951;-0.003621;,
  -0.042843;0.656716;-0.032877;,
  -0.044060;0.659297;-0.032217;,
  -0.019478;0.663701;-0.033907;,
  -0.015811;0.662234;-0.033037;,
  -0.135688;0.790581;0.003995;,
  -0.134658;0.738753;0.011093;,
  -0.177249;0.739521;0.020499;,
  -0.123085;0.741049;0.075602;,
  -0.177249;0.739521;0.020499;,
  -0.134658;0.738753;0.011093;,
  -0.172168;0.745880;0.079895;,
  -0.101917;0.755109;0.081519;,
  -0.102391;0.734592;0.067838;,
  -0.126319;0.769347;0.078854;,
  -0.133527;0.804469;0.046732;,
  -0.184549;0.791447;0.020427;,
  -0.178635;0.792312;0.069830;,
  -0.094009;0.815972;0.067207;,
  -0.098186;0.818469;0.037139;,
  -0.061617;0.801854;0.056294;,
  -0.064148;0.803437;0.037890;,
  -0.044519;0.684077;0.072097;,
  -0.070246;0.691790;0.070933;,
  -0.039891;0.805640;0.040633;,
  -0.094849;0.801911;0.001329;,
  -0.063884;0.770564;0.001845;,
  -0.095281;0.768407;-0.007043;,
  -0.066466;0.790131;0.015552;,
  -0.049787;0.733740;0.088262;,
  -0.073332;0.785828;0.080650;,
  -0.085166;0.744497;0.082876;,
  -0.082129;0.727348;0.025561;,
  -0.087560;0.731658;0.070230;,
  -0.092738;0.738488;0.003065;,
  -0.069210;0.746233;-0.002950;,
  -0.075655;0.685591;-0.001678;,
  -0.076250;0.693397;0.015903;,
  -0.076978;0.687421;0.056037;,
  -0.064148;0.803437;0.037890;,
  0.000045;0.523021;0.108139;,
  0.000116;0.482154;0.115303;,
  -0.035822;0.452977;0.114145;,
  -0.041392;0.618930;-0.028180;,
  -0.066130;0.619465;0.002870;,
  -0.063506;0.611648;0.039987;,
  0.000000;0.604542;0.066568;,
  -0.039891;0.805640;0.040633;,
  -0.040552;0.795453;0.026323;,
  -0.064148;0.803437;0.037890;,
  -0.129871;0.791981;0.067585;,
  -0.082923;0.736012;0.080768;,
  -0.085166;0.744497;0.082876;,
  -0.087560;0.731658;0.070230;,
  -0.075552;0.717939;0.037839;,
  -0.082129;0.727348;0.025561;,
  -0.073974;0.716206;-0.002426;,
  -0.069210;0.746233;-0.002950;,
  -0.020313;0.672898;-0.043032;,
  -0.048855;0.669286;-0.043021;,
  -0.067338;0.670733;-0.022250;,
  -0.032101;0.745809;-0.018817;,
  -0.069210;0.746233;-0.002950;,
  -0.092738;0.738488;0.003065;,
  -0.008878;0.702344;-0.039272;,
  -0.008874;0.674384;-0.037072;,
  0.000000;0.649026;0.069401;,
  -0.075552;0.717939;0.037839;,
  0.135135;0.218482;-0.038231;,
  0.082711;0.152025;-0.064007;,
  0.066881;0.228934;-0.065172;,
  0.147728;0.153767;-0.032832;,
  0.124799;0.276788;-0.041216;,
  0.056055;0.282278;-0.067931;,
  0.104363;0.365922;-0.043031;,
  0.028215;0.373406;-0.065790;,
  0.074866;0.463031;-0.036519;,
  0.014999;0.462198;-0.048607;,
  0.047800;0.506587;-0.035398;,
  0.092559;0.092486;-0.063621;,
  0.157920;0.090804;-0.025299;,
  0.102390;0.146599;0.143351;,
  0.000085;0.091994;0.155564;,
  0.113029;0.096350;0.142268;,
  0.000011;0.146567;0.156210;,
  0.000427;0.214909;0.155429;,
  0.090082;0.219340;0.139991;,
  0.079802;0.276882;0.132931;,
  0.001037;0.278526;0.144424;,
  0.000601;0.373922;0.131515;,
  0.058687;0.372549;0.124957;,
  0.000250;0.410672;0.122415;,
  -0.065021;0.228979;-0.065400;,
  0.000280;0.153176;-0.077045;,
  -0.076687;0.152106;-0.065598;,
  0.000297;0.231229;-0.073076;,
  -0.056950;0.282191;-0.067455;,
  0.000255;0.283894;-0.074738;,
  -0.029910;0.373310;-0.065228;,
  0.000272;0.374807;-0.074809;,
  -0.015224;0.462354;-0.048249;,
  0.000116;0.460281;-0.052792;,
  0.000071;0.499726;-0.043204;,
  -0.047695;0.506583;-0.035439;,
  0.000237;0.093511;-0.083034;,
  -0.087588;0.092846;-0.065160;,
  -0.109354;0.091638;0.142667;,
  -0.172937;0.155126;0.114953;,
  -0.180609;0.091249;0.110882;,
  -0.104875;0.147387;0.140558;,
  -0.159776;0.222452;0.115325;,
  -0.095346;0.216612;0.141795;,
  -0.148782;0.278910;0.112627;,
  -0.085778;0.277840;0.140801;,
  -0.057389;0.371969;0.129466;,
  -0.128432;0.370739;0.101293;,
  0.000116;0.482154;0.115303;,
  -0.035822;0.452977;0.114145;,
  -0.074603;0.463028;-0.036535;,
  -0.103787;0.365922;-0.043029;,
  -0.124239;0.276789;-0.041210;,
  -0.134550;0.218481;-0.038241;,
  -0.147201;0.153762;-0.032887;,
  -0.157474;0.090801;-0.025343;,
  0.036313;0.452693;0.114297;,
  0.129348;0.370748;0.100995;,
  0.113388;0.439533;0.096492;,
  0.150805;0.279432;0.110892;,
  0.159702;0.220070;0.115443;,
  0.171901;0.151288;0.114661;,
  0.181364;0.090704;0.110235;,
  -0.112962;0.439535;0.096493;,
  -0.178635;0.792312;0.069830;,
  -0.177249;0.739521;0.020499;,
  -0.172168;0.745880;0.079895;,
  -0.184549;0.791447;0.020427;,
  0.178635;0.792312;0.069830;,
  0.177249;0.739521;0.020499;,
  0.184549;0.791447;0.020427;,
  0.172168;0.745880;0.079895;,
  0.000085;0.091994;0.155564;,
  0.092559;0.092486;-0.063621;,
  0.113029;0.096350;0.142268;,
  0.000237;0.093511;-0.083034;,
  0.157920;0.090804;-0.025299;,
  0.181364;0.090704;0.110235;,
  0.157920;0.090804;-0.025299;,
  0.195109;0.093393;0.049117;,
  0.181364;0.090704;0.110235;,
  -0.087588;0.092846;-0.065160;,
  -0.109354;0.091638;0.142667;,
  -0.157474;0.090801;-0.025343;,
  -0.180609;0.091249;0.110882;,
  0.040552;0.795453;0.026323;,
  0.040397;0.807008;0.061630;,
  0.039891;0.805640;0.040633;,
  0.045186;0.779674;0.085960;,
  0.042938;0.772470;0.003798;,
  0.049787;0.733740;0.088262;,
  0.032101;0.745809;-0.018817;,
  0.044519;0.684077;0.072097;,
  0.000000;0.738618;-0.023611;,
  0.034689;0.654600;0.065148;,
  -0.044519;0.684077;0.072097;,
  -0.034689;0.654600;0.065148;,
  -0.032101;0.745809;-0.018817;,
  -0.049787;0.733740;0.088262;,
  -0.042938;0.772470;0.003798;,
  -0.045186;0.779674;0.085960;,
  -0.040552;0.795453;0.026323;,
  -0.040397;0.807008;0.061630;,
  -0.039891;0.805640;0.040633;,
  0.000000;0.649026;0.069401;,
  -0.180609;0.091249;0.110882;,
  -0.194702;0.093393;0.049116;,
  -0.157474;0.090801;-0.025343;;
  484;
  3;0,1,2;,
  3;3,4,5;,
  3;4,3,6;,
  3;7,8,9;,
  3;8,7,10;,
  3;11,12,13;,
  3;12,11,14;,
  3;15,11,16;,
  3;11,15,14;,
  3;17,18,19;,
  3;18,17,15;,
  3;5,20,21;,
  3;20,5,4;,
  3;13,22,23;,
  3;22,13,12;,
  3;24,25,26;,
  3;25,24,27;,
  3;25,28,26;,
  3;28,25,29;,
  3;30,25,27;,
  3;25,30,31;,
  3;31,29,25;,
  3;29,31,32;,
  3;33,34,35;,
  3;34,33,36;,
  3;35,37,38;,
  3;37,35,34;,
  3;39,34,36;,
  3;34,39,40;,
  3;40,37,34;,
  3;37,40,41;,
  3;27,18,42;,
  3;18,27,24;,
  3;13,43,11;,
  3;43,13,44;,
  3;44,45,43;,
  3;45,44,46;,
  3;46,47,30;,
  3;33,29,36;,
  3;29,33,28;,
  3;36,32,39;,
  3;32,36,29;,
  3;11,42,16;,
  3;42,11,43;,
  3;43,27,42;,
  3;27,43,45;,
  3;45,30,27;,
  3;48,49,50;,
  3;51,52,53;,
  3;54,55,56;,
  3;55,54,52;,
  3;55,57,56;,
  3;57,55,58;,
  3;59,60,61;,
  3;62,63,64;,
  3;63,62,65;,
  3;66,62,67;,
  3;62,66,68;,
  3;69,70,71;,
  3;72,69,73;,
  3;73,74,72;,
  3;74,73,75;,
  3;49,76,50;,
  3;76,49,77;,
  3;9,78,7;,
  3;79,80,81;,
  3;80,79,82;,
  3;59,82,79;,
  3;8,10,83;,
  3;72,74,84;,
  3;66,84,85;,
  3;68,86,87;,
  3;86,68,88;,
  3;89,87,86;,
  3;90,91,54;,
  3;53,92,51;,
  3;18,24,19;,
  3;15,16,18;,
  3;16,42,18;,
  3;78,9,93;,
  3;19,94,17;,
  3;94,19,95;,
  3;23,44,13;,
  3;44,23,96;,
  3;44,97,46;,
  3;97,44,96;,
  3;46,97,47;,
  3;98,17,94;,
  3;17,98,99;,
  3;99,15,17;,
  3;15,99,100;,
  3;100,14,15;,
  3;14,100,101;,
  3;14,48,12;,
  3;48,14,101;,
  3;12,102,22;,
  3;102,12,48;,
  3;103,104,105;,
  3;105,104,2;,
  3;81,73,79;,
  3;73,81,75;,
  3;73,59,79;,
  3;59,73,69;,
  3;69,71,59;,
  3;70,69,106;,
  3;101,51,49;,
  3;107,108,109;,
  3;92,49,51;,
  3;49,92,77;,
  3;49,48,101;,
  3;83,77,107;,
  3;77,83,76;,
  3;77,108,107;,
  3;108,77,92;,
  3;108,53,110;,
  3;53,108,92;,
  3;110,91,111;,
  3;91,110,53;,
  3;112,111,91;,
  3;111,112,113;,
  3;114,4,115;,
  3;4,114,20;,
  3;115,6,116;,
  3;6,115,4;,
  3;117,0,113;,
  3;0,117,1;,
  3;118,82,119;,
  3;82,118,80;,
  3;82,59,119;,
  3;66,88,68;,
  3;88,66,85;,
  3;56,116,54;,
  3;116,56,115;,
  3;90,6,112;,
  3;112,3,113;,
  3;113,5,117;,
  3;5,113,3;,
  3;117,21,120;,
  3;121,21,20;,
  3;122,20,114;,
  3;20,122,121;,
  3;56,114,115;,
  3;6,90,116;,
  3;91,90,112;,
  3;116,90,54;,
  3;123,48,50;,
  3;48,123,102;,
  3;84,66,72;,
  3;60,59,71;,
  3;72,66,106;,
  3;69,72,106;,
  3;114,56,57;,
  3;121,124,125;,
  3;124,121,122;,
  3;21,121,125;,
  3;114,57,122;,
  3;21,125,120;,
  3;21,117,5;,
  3;3,112,6;,
  3;86,88,126;,
  3;59,61,119;,
  3;65,68,87;,
  3;68,65,62;,
  3;64,67,62;,
  3;66,67,106;,
  3;67,70,106;,
  3;70,67,64;,
  3;109,83,107;,
  3;83,109,8;,
  3;2,1,105;,
  3;58,55,99;,
  3;99,52,100;,
  3;52,99,55;,
  3;51,100,52;,
  3;100,51,101;,
  3;98,58,99;,
  3;58,98,124;,
  3;122,58,124;,
  3;58,122,57;,
  3;91,52,54;,
  3;52,91,53;,
  3;127,128,129;,
  3;130,131,132;,
  3;131,130,133;,
  3;134,135,136;,
  3;135,134,137;,
  3;138,139,140;,
  3;139,138,141;,
  3;142,138,140;,
  3;138,142,143;,
  3;144,145,142;,
  3;145,144,146;,
  3;133,147,131;,
  3;147,133,148;,
  3;141,149,139;,
  3;149,141,150;,
  3;151,152,153;,
  3;152,151,154;,
  3;152,155,156;,
  3;155,152,154;,
  3;157,152,158;,
  3;152,157,153;,
  3;158,156,159;,
  3;156,158,152;,
  3;160,161,162;,
  3;161,160,163;,
  3;163,164,161;,
  3;164,163,165;,
  3;166,161,167;,
  3;161,166,162;,
  3;167,164,168;,
  3;164,167,161;,
  3;153,145,151;,
  3;145,153,169;,
  3;141,170,171;,
  3;170,141,138;,
  3;171,172,173;,
  3;172,171,170;,
  3;173,172,157;,
  3;160,156,155;,
  3;156,160,162;,
  3;162,159,156;,
  3;159,162,166;,
  3;138,169,170;,
  3;169,138,143;,
  3;170,153,172;,
  3;153,170,169;,
  3;172,153,157;,
  3;174,175,176;,
  3;177,178,179;,
  3;180,181,179;,
  3;181,180,182;,
  3;181,183,184;,
  3;183,181,182;,
  3;185,186,187;,
  3;188,189,190;,
  3;189,188,191;,
  3;192,188,193;,
  3;188,192,194;,
  3;195,196,197;,
  3;198,199,195;,
  3;199,200,201;,
  3;200,199,198;,
  3;176,202,203;,
  3;202,176,175;,
  3;137,134,204;,
  3;205,206,207;,
  3;206,205,208;,
  3;185,205,207;,
  3;135,209,136;,
  3;198,210,200;,
  3;192,211,210;,
  3;193,212,213;,
  3;212,193,214;,
  3;215,212,214;,
  3;216,180,217;,
  3;178,177,218;,
  3;145,146,151;,
  3;142,145,143;,
  3;143,145,169;,
  3;204,219,137;,
  3;146,94,95;,
  3;94,146,144;,
  3;150,171,220;,
  3;171,150,141;,
  3;171,221,220;,
  3;221,171,173;,
  3;221,173,222;,
  3;98,144,223;,
  3;144,98,94;,
  3;223,142,224;,
  3;142,223,144;,
  3;224,140,225;,
  3;140,224,142;,
  3;140,174,225;,
  3;174,140,139;,
  3;139,226,174;,
  3;226,139,149;,
  3;227,228,229;,
  3;228,128,229;,
  3;208,199,201;,
  3;199,208,205;,
  3;185,199,205;,
  3;199,185,195;,
  3;195,185,196;,
  3;197,230,195;,
  3;225,176,177;,
  3;231,232,233;,
  3;218,176,203;,
  3;176,218,177;,
  3;176,225,174;,
  3;209,203,202;,
  3;203,209,231;,
  3;203,233,218;,
  3;233,203,231;,
  3;233,178,218;,
  3;178,233,234;,
  3;234,217,178;,
  3;217,234,235;,
  3;236,235,237;,
  3;235,236,217;,
  3;238,131,147;,
  3;131,238,239;,
  3;239,132,131;,
  3;132,239,240;,
  3;241,127,129;,
  3;127,241,237;,
  3;242,207,206;,
  3;207,242,243;,
  3;207,243,185;,
  3;192,213,211;,
  3;213,192,193;,
  3;182,240,239;,
  3;240,182,180;,
  3;216,236,132;,
  3;236,237,130;,
  3;237,133,130;,
  3;133,237,241;,
  3;241,120,148;,
  3;244,147,148;,
  3;245,147,244;,
  3;147,245,238;,
  3;182,239,238;,
  3;132,240,216;,
  3;217,236,216;,
  3;240,180,216;,
  3;246,174,226;,
  3;174,246,175;,
  3;210,198,192;,
  3;187,196,185;,
  3;198,230,192;,
  3;195,230,198;,
  3;238,183,182;,
  3;244,124,245;,
  3;124,244,125;,
  3;148,125,244;,
  3;238,245,183;,
  3;148,120,125;,
  3;148,133,241;,
  3;130,132,236;,
  3;212,247,213;,
  3;185,243,186;,
  3;190,193,188;,
  3;193,190,214;,
  3;191,188,194;,
  3;192,230,194;,
  3;194,197,191;,
  3;197,194,230;,
  3;232,209,135;,
  3;209,232,231;,
  3;128,228,129;,
  3;184,223,181;,
  3;223,179,181;,
  3;179,223,224;,
  3;177,224,225;,
  3;224,177,179;,
  3;98,223,184;,
  3;184,124,98;,
  3;245,184,183;,
  3;184,245,124;,
  3;217,179,178;,
  3;179,217,180;,
  3;248,249,250;,
  3;249,248,251;,
  3;252,250,253;,
  3;250,252,248;,
  3;254,253,255;,
  3;253,254,252;,
  3;256,255,257;,
  3;255,256,254;,
  3;257,258,256;,
  3;259,251,260;,
  3;251,259,249;,
  3;261,262,263;,
  3;262,261,264;,
  3;265,261,266;,
  3;261,265,264;,
  3;265,267,268;,
  3;267,265,266;,
  3;269,267,270;,
  3;267,269,268;,
  3;270,271,269;,
  3;272,273,274;,
  3;273,272,275;,
  3;276,275,272;,
  3;275,276,277;,
  3;278,277,276;,
  3;277,278,279;,
  3;280,279,278;,
  3;279,280,281;,
  3;282,280,283;,
  3;274,284,285;,
  3;284,274,273;,
  3;286,287,288;,
  3;287,286,289;,
  3;289,290,287;,
  3;290,289,291;,
  3;292,291,293;,
  3;291,292,290;,
  3;294,292,293;,
  3;292,294,295;,
  3;296,297,271;,
  3;297,294,271;,
  3;283,280,298;,
  3;280,282,281;,
  3;278,298,280;,
  3;298,278,299;,
  3;276,299,278;,
  3;299,276,300;,
  3;272,300,276;,
  3;300,272,301;,
  3;274,301,272;,
  3;301,274,302;,
  3;285,302,274;,
  3;302,285,303;,
  3;282,257,281;,
  3;257,282,258;,
  3;279,257,255;,
  3;257,279,281;,
  3;277,255,253;,
  3;255,277,279;,
  3;275,253,250;,
  3;253,275,277;,
  3;273,250,249;,
  3;250,273,275;,
  3;284,249,259;,
  3;249,284,273;,
  3;304,305,306;,
  3;305,304,270;,
  3;270,307,305;,
  3;307,270,267;,
  3;266,307,267;,
  3;307,266,308;,
  3;261,308,266;,
  3;308,261,309;,
  3;263,309,261;,
  3;309,263,310;,
  3;271,294,269;,
  3;269,293,268;,
  3;293,269,294;,
  3;265,293,291;,
  3;293,265,268;,
  3;289,265,291;,
  3;265,289,264;,
  3;262,289,286;,
  3;289,262,264;,
  3;270,304,271;,
  3;304,296,271;,
  3;295,297,311;,
  3;297,295,294;,
  3;46,30,45;,
  3;173,157,222;,
  3;312,313,314;,
  3;313,312,315;,
  3;316,317,318;,
  3;317,316,319;,
  3;320,321,322;,
  3;321,320,323;,
  3;322,324,325;,
  3;324,322,321;,
  3;326,327,328;,
  3;329,320,330;,
  3;320,329,323;,
  3;331,330,332;,
  3;330,331,329;,
  3;333,334,335;,
  3;334,333,336;,
  3;336,337,338;,
  3;337,336,333;,
  3;338,339,340;,
  3;339,338,337;,
  3;340,341,342;,
  3;341,340,339;,
  3;341,343,344;,
  3;343,341,345;,
  3;345,346,343;,
  3;346,345,347;,
  3;347,348,346;,
  3;348,347,349;,
  3;349,350,348;,
  3;350,349,351;,
  3;341,352,342;,
  3;352,341,344;,
  3;353,354,355;;

  MeshNormals {
   356;
   -0.091185;0.365280;-0.926421;,
   0.062921;0.549918;-0.832845;,
   -0.313941;0.677414;-0.665245;,
   0.677795;0.397201;-0.618728;,
   0.308497;0.234438;-0.921883;,
   0.238247;0.538616;-0.808165;,
   0.820649;0.104767;-0.561746;,
   0.181871;0.930185;0.318873;,
   0.044168;0.435663;0.899025;,
   -0.131454;0.929620;0.344278;,
   0.161184;0.415851;0.895035;,
   0.774003;0.489497;0.401637;,
   0.296672;0.459630;0.837094;,
   0.285523;0.520054;0.804997;,
   0.832926;0.365375;0.415614;,
   0.892638;0.281489;-0.352081;,
   0.876789;0.397054;-0.271274;,
   0.430468;0.140068;-0.891672;,
   0.653575;0.218260;-0.724708;,
   0.164018;0.075104;-0.983594;,
   -0.235480;0.227556;-0.944864;,
   -0.053134;0.460858;-0.885882;,
   0.000003;0.468366;0.883534;,
   -0.000262;0.474777;0.880106;,
   0.199363;0.074179;-0.977114;,
   0.955934;0.231265;-0.180852;,
   0.528006;0.065067;-0.846745;,
   0.941381;0.274750;-0.195739;,
   0.286393;-0.065756;-0.955853;,
   0.973770;0.167261;-0.154257;,
   0.679938;0.286180;0.675119;,
   0.775258;0.125893;0.618972;,
   0.408886;0.172601;0.896115;,
   0.326893;-0.066888;-0.942691;,
   0.978675;0.130135;-0.158937;,
   0.348724;-0.032503;-0.936662;,
   0.976462;0.144905;-0.159763;,
   0.987473;0.125793;-0.095257;,
   0.360448;0.145290;-0.921395;,
   0.412595;0.167870;0.895313;,
   0.814854;0.076681;0.574572;,
   0.485017;0.050483;0.873046;,
   0.931914;0.306547;-0.193818;,
   0.759218;0.373318;0.533125;,
   0.292932;0.342783;0.892575;,
   0.767661;0.343371;0.541103;,
   0.265308;0.120388;0.956618;,
   0.021974;-0.074982;0.996943;,
   0.372643;0.142770;0.916926;,
   0.695757;-0.236588;0.678194;,
   0.209611;-0.133509;0.968627;,
   0.975548;-0.195060;0.101280;,
   0.917647;-0.133860;-0.374173;,
   0.988069;-0.145213;-0.051319;,
   0.917795;-0.314471;-0.242406;,
   0.364724;-0.115639;-0.923907;,
   0.427338;-0.503805;-0.750708;,
   -0.113024;-0.405697;-0.906993;,
   0.014307;-0.166956;-0.985861;,
   0.332508;0.458914;-0.823915;,
   0.207335;-0.753793;-0.623545;,
   0.178459;-0.768289;-0.614723;,
   0.014461;-0.769442;0.638553;,
   0.207335;-0.753793;-0.623545;,
   0.035609;-0.559135;0.828312;,
   0.178459;-0.768289;-0.614723;,
   0.195088;-0.077318;0.977733;,
   -0.045026;0.176670;0.983240;,
   0.383048;-0.868093;0.315735;,
   0.296193;0.950437;0.094548;,
   0.135480;0.776689;0.615142;,
   0.306889;0.690744;-0.654746;,
   -0.016650;0.843664;0.536613;,
   -0.002659;0.983114;-0.182975;,
   -0.131454;0.929620;0.344278;,
   -0.247816;0.939066;-0.238206;,
   0.135540;-0.352555;0.925923;,
   0.517572;-0.420276;0.745311;,
   0.100762;0.956229;-0.274723;,
   -0.082342;0.682301;-0.726420;,
   -0.091185;0.365280;-0.926421;,
   -0.313941;0.677414;-0.665245;,
   0.047766;0.004172;-0.998850;,
   0.023842;-0.102970;0.994399;,
   0.044168;0.435663;0.899025;,
   0.357167;-0.099121;0.928766;,
   0.817881;-0.545348;-0.183483;,
   0.128730;-0.676926;-0.724706;,
   0.817334;-0.499690;0.286838;,
   0.344721;0.068461;-0.936205;,
   0.980370;-0.187953;-0.059565;,
   0.993762;-0.097849;-0.053499;,
   0.958046;-0.252635;0.135365;,
   -0.247816;0.939066;-0.238206;,
   0.000101;0.077557;-0.996988;,
   -0.000157;0.069760;-0.997564;,
   -0.000867;0.276840;0.960916;,
   -0.000519;-0.050134;0.998742;,
   0.000016;-0.027361;-0.999626;,
   0.462172;-0.027197;-0.886373;,
   0.950306;0.014302;-0.310988;,
   0.920735;0.032030;0.388871;,
   0.000000;0.210181;0.977663;,
   0.100762;0.956229;-0.274723;,
   -0.247816;0.939066;-0.238206;,
   -0.063775;0.788793;-0.611341;,
   0.143998;0.569778;0.809085;,
   0.464087;-0.229755;0.855474;,
   0.817334;-0.499690;0.286838;,
   0.357167;-0.099121;0.928766;,
   0.958241;-0.282943;-0.041449;,
   0.817881;-0.545348;-0.183483;,
   0.950289;0.105409;-0.292985;,
   0.344721;0.068461;-0.936205;,
   -0.249497;-0.380535;-0.890474;,
   0.331191;-0.477591;-0.813768;,
   0.773960;-0.477401;-0.416021;,
   0.156443;0.487145;-0.859195;,
   0.344721;0.068461;-0.936205;,
   0.128730;-0.676926;-0.724706;,
   0.000000;0.393115;-0.919489;,
   -0.281309;0.217738;-0.934588;,
   -0.286384;-0.288028;-0.913796;,
   0.000000;-0.036917;0.999318;,
   -0.000000;-0.124011;-0.992281;,
   -0.000000;0.188638;-0.982047;,
   0.958241;-0.282943;-0.041449;,
   0.059517;0.369868;-0.927176;,
   0.277962;0.684197;-0.674249;,
   -0.062921;0.549918;-0.832845;,
   -0.677795;0.397201;-0.618728;,
   -0.308497;0.234438;-0.921883;,
   -0.820649;0.104767;-0.561746;,
   -0.238247;0.538616;-0.808165;,
   -0.181871;0.930184;0.318873;,
   -0.062296;0.398888;0.914881;,
   -0.161184;0.415851;0.895035;,
   0.123560;0.933407;0.336875;,
   -0.774041;0.489206;0.401917;,
   -0.296682;0.459625;0.837093;,
   -0.832930;0.365359;0.415621;,
   -0.285646;0.519665;0.805205;,
   -0.892671;0.281359;-0.352102;,
   -0.876931;0.396400;-0.271770;,
   -0.430626;0.139905;-0.891621;,
   -0.654071;0.216652;-0.724743;,
   -0.162496;0.072119;-0.984070;,
   0.235480;0.227556;-0.944864;,
   0.053134;0.460858;-0.885882;,
   0.000003;0.468366;0.883534;,
   -0.000262;0.474777;0.880106;,
   -0.197800;0.073432;-0.977488;,
   -0.956420;0.231120;-0.178450;,
   -0.942483;0.271212;-0.195371;,
   -0.240578;0.026214;-0.970276;,
   -0.580000;-0.033715;-0.813919;,
   -0.975175;0.161688;-0.151300;,
   -0.684886;0.293548;0.666904;,
   -0.780527;0.129364;0.611590;,
   -0.462881;0.169206;0.870121;,
   -0.323444;-0.069442;-0.943696;,
   -0.976131;0.137163;-0.168387;,
   -0.975438;0.144160;-0.166549;,
   -0.341699;-0.033145;-0.939225;,
   -0.986158;0.127665;-0.105803;,
   -0.351652;0.146028;-0.924671;,
   -0.806222;0.204136;0.555278;,
   -0.441015;0.003150;0.897494;,
   -0.458564;0.048087;0.887359;,
   -0.932732;0.303979;-0.193925;,
   -0.759566;0.371419;0.533954;,
   -0.293094;0.341586;0.892981;,
   -0.767992;0.339973;0.542777;,
   -0.264917;0.118358;0.956980;,
   -0.372643;0.142769;0.916926;,
   -0.209611;-0.133509;0.968627;,
   -0.695757;-0.236588;0.678194;,
   -0.975548;-0.195060;0.101280;,
   -0.987420;-0.147962;-0.055755;,
   -0.917647;-0.133860;-0.374173;,
   -0.917795;-0.314471;-0.242406;,
   -0.364724;-0.115639;-0.923907;,
   -0.427338;-0.503805;-0.750708;,
   0.113024;-0.405697;-0.906993;,
   -0.014307;-0.166956;-0.985861;,
   -0.291122;0.469990;-0.833281;,
   -0.188355;-0.754332;-0.628892;,
   -0.221431;-0.753408;-0.619149;,
   -0.042699;-0.739422;0.671887;,
   -0.221431;-0.753408;-0.619149;,
   -0.188355;-0.754332;-0.628892;,
   -0.035444;-0.555672;0.830646;,
   -0.123889;-0.112442;0.985905;,
   -0.277900;-0.871614;0.403808;,
   0.061663;0.189071;0.980026;,
   -0.269797;0.959257;0.083885;,
   -0.318573;0.688826;-0.651176;,
   -0.133894;0.770257;0.623520;,
   0.018447;0.820435;0.571441;,
   0.015535;0.984241;-0.176149;,
   0.123560;0.933407;0.336875;,
   0.220684;0.944799;-0.242186;,
   -0.197567;-0.322128;0.925851;,
   -0.547987;-0.354322;0.757737;,
   -0.100762;0.956229;-0.274723;,
   0.090266;0.682086;-0.725679;,
   0.059517;0.369868;-0.927176;,
   -0.057488;-0.004182;-0.998337;,
   0.277962;0.684197;-0.674249;,
   -0.172598;-0.132505;0.976039;,
   -0.062296;0.398888;0.914881;,
   -0.265285;-0.186263;0.946007;,
   -0.788190;-0.593879;-0.161443;,
   -0.728601;-0.578496;0.366718;,
   -0.108648;-0.711150;-0.694594;,
   -0.360283;0.086086;-0.928863;,
   -0.980370;-0.187953;-0.059565;,
   -0.993762;-0.097849;-0.053499;,
   -0.956819;-0.248910;0.150140;,
   0.220684;0.944799;-0.242186;,
