xof 0303txt 0032
template ColorRGBA {
 <35ff44e0-6c7c-11cf-8f52-0040333594a3>
 FLOAT red;
 FLOAT green;
 FLOAT blue;
 FLOAT alpha;
}

template ColorRGB {
 <d3e16e81-7835-11cf-8f52-0040333594a3>
 FLOAT red;
 FLOAT green;
 FLOAT blue;
}

template Material {
 <3d82ab4d-62da-11cf-ab39-0020af71e433>
 ColorRGBA faceColor;
 FLOAT power;
 ColorRGB specularColor;
 ColorRGB emissiveColor;
 [...]
}

template TextureFilename {
 <a42790e1-7810-11cf-8f52-0040333594a3>
 STRING filename;
}

template Frame {
 <3d82ab46-62da-11cf-ab39-0020af71e433>
 [...]
}

template Matrix4x4 {
 <f6f23f45-7686-11cf-8f52-0040333594a3>
 array FLOAT matrix[16];
}

template FrameTransformMatrix {
 <f6f23f41-7686-11cf-8f52-0040333594a3>
 Matrix4x4 frameMatrix;
}

template Vector {
 <3d82ab5e-62da-11cf-ab39-0020af71e433>
 FLOAT x;
 FLOAT y;
 FLOAT z;
}

template MeshFace {
 <3d82ab5f-62da-11cf-ab39-0020af71e433>
 DWORD nFaceVertexIndices;
 array DWORD faceVertexIndices[nFaceVertexIndices];
}

template Mesh {
 <3d82ab44-62da-11cf-ab39-0020af71e433>
 DWORD nVertices;
 array Vector vertices[nVertices];
 DWORD nFaces;
 array MeshFace faces[nFaces];
 [...]
}

template MeshNormals {
 <f6f23f43-7686-11cf-8f52-0040333594a3>
 DWORD nNormals;
 array Vector normals[nNormals];
 DWORD nFaceNormals;
 array MeshFace faceNormals[nFaceNormals];
}

template MeshMaterialList {
 <f6f23f42-7686-11cf-8f52-0040333594a3>
 DWORD nMaterials;
 DWORD nFaceIndexes;
 array DWORD faceIndexes[nFaceIndexes];
 [Material <3d82ab4d-62da-11cf-ab39-0020af71e433>]
}

template Coords2d {
 <f6f23f44-7686-11cf-8f52-0040333594a3>
 FLOAT u;
 FLOAT v;
}

template MeshTextureCoords {
 <f6f23f40-7686-11cf-8f52-0040333594a3>
 DWORD nTextureCoords;
 array Coords2d textureCoords[nTextureCoords];
}

template XSkinMeshHeader {
 <3cf169ce-ff7c-44ab-93c0-f78f62d172e2>
 WORD nMaxSkinWeightsPerVertex;
 WORD nMaxSkinWeightsPerFace;
 WORD nBones;
}

template SkinWeights {
 <6f0d123b-bad2-4167-a0d0-80224f25fabb>
 STRING transformNodeName;
 DWORD nWeights;
 array DWORD vertexIndices[nWeights];
 array FLOAT weights[nWeights];
 Matrix4x4 matrixOffset;
}

template AnimTicksPerSecond {
 <9e415a43-7ba6-4a73-8743-b73d47e88476>
 DWORD AnimTicksPerSecond;
}

template Animation {
 <3d82ab4f-62da-11cf-ab39-0020af71e433>
 [...]
}

template AnimationSet {
 <3d82ab50-62da-11cf-ab39-0020af71e433>
 [Animation <3d82ab4f-62da-11cf-ab39-0020af71e433>]
}

template FloatKeys {
 <10dd46a9-775b-11cf-8f52-0040333594a3>
 DWORD nValues;
 array FLOAT values[nValues];
}

template TimedFloatKeys {
 <f406b180-7b3b-11cf-8f52-0040333594a3>
 DWORD time;
 FloatKeys tfkeys;
}

template AnimationKey {
 <10dd46a8-775b-11cf-8f52-0040333594a3>
 DWORD keyType;
 DWORD nKeys;
 array TimedFloatKeys keys[nKeys];
}


Material _23_-_Defaulthhhh {
 1.000000;1.000000;1.000000;1.000000;;
 9.999999;
 0.000000;0.000000;0.000000;;
 0.000000;0.000000;0.000000;;

 TextureFilename {
  "HighVisVest.png";
 }
}

Frame Dummy01 {
 

 FrameTransformMatrix {
  1.000000,0.000000,0.000000,0.000000,0.000000,-0.000000,-1.000000,0.000000,0.000000,1.000000,-0.000000,0.000000,0.000000,0.000000,0.000000,1.000000;;
 }

 Frame Bip01 {
  

  FrameTransformMatrix {
   -0.087155,0.982405,-0.165183,0.000000,-0.000001,0.165814,0.986157,0.000000,0.996195,0.085949,-0.014450,0.000000,-0.010000,-0.012284,0.490453,1.000000;;
  }

  Frame Bip01_Pelvis {
   

   FrameTransformMatrix {
    0.000000,1.000000,-0.000001,0.000000,-0.000001,0.000001,1.000000,0.000000,1.000000,0.000000,0.000001,0.000000,0.000000,0.000000,0.000000,1.000000;;
   }

   Frame Bip01_Spine {
    

    FrameTransformMatrix {
     0.984686,0.000002,-0.174337,0.000000,-0.000001,1.000000,0.000004,0.000000,0.174337,-0.000004,0.984686,0.000000,0.051619,0.000000,-0.000083,1.000000;;
    }

    Frame Bip01_Spine1 {
     

     FrameTransformMatrix {
      0.997819,0.052687,0.039774,0.000000,-0.044862,0.983198,-0.176942,0.000000,-0.048428,0.174771,0.983417,0.000000,0.106484,-0.000015,-0.000083,1.000000;;
     }

     Frame Bip01_Neck {
      

      FrameTransformMatrix {
       0.966067,-0.020835,0.257451,0.000000,0.025191,0.999590,-0.013632,0.000000,-0.257061,0.019655,0.966195,0.000000,0.130511,-0.000001,0.004626,1.000000;;
      }

      Frame Bip01_Head {
       

       FrameTransformMatrix {
        0.989321,-0.051753,-0.136255,0.000000,0.064251,0.993958,0.088989,0.000000,0.130826,-0.096793,0.986669,0.000000,0.033674,-0.000000,0.000000,1.000000;;
       }
      }

      Frame Bip01_L_Clavicle {
       

       FrameTransformMatrix {
        -0.205975,0.976135,0.068811,0.000000,0.943873,0.216738,-0.249254,0.000000,-0.258220,0.013609,-0.965990,0.000000,-0.024734,0.015166,0.002017,1.000000;;
       }

       Frame Bip01_L_UpperArm {
        

        FrameTransformMatrix {
         0.385871,-0.777669,0.496320,0.000000,0.922466,0.332598,-0.196046,0.000000,-0.012616,0.533487,0.845714,0.000000,0.073469,0.000000,-0.000000,1.000000;;
        }

        Frame Bip01_L_Forearm {
         

         FrameTransformMatrix {
          0.943939,0.000000,-0.330119,0.000000,0.000000,1.000000,-0.000000,0.000000,0.330119,-0.000000,0.943939,0.000000,0.148340,0.000000,-0.000000,1.000000;;
         }

         Frame Bip01_L_Hand {
          

          FrameTransformMatrix {
           1.000000,-0.000000,0.000000,0.000000,0.000000,0.000796,1.000000,0.000000,0.000000,-1.000000,0.000796,0.000000,0.131860,-0.000000,0.000000,1.000000;;
          }

          Frame Bip01_L_Finger0 {
           

           FrameTransformMatrix {
            0.690342,-0.181727,0.700288,0.000000,0.558537,0.749101,-0.356210,0.000000,-0.459853,0.637043,0.618637,0.000000,0.057681,-0.023605,-0.000272,1.000000;;
           }
          }

          Frame Bip01_L_Finger1 {
           

           FrameTransformMatrix {
            0.728079,-0.000546,0.685493,0.000000,0.000000,1.000000,0.000796,0.000000,-0.685493,-0.000580,0.728079,0.000000,0.084102,0.000000,0.000000,1.000000;;
           }
          }
         }
        }
       }
      }

      Frame Bip01_R_Clavicle {
       

       FrameTransformMatrix {
        -0.028509,-0.999573,-0.006461,0.000000,-0.965665,0.025871,0.258498,0.000000,-0.258220,0.013609,-0.965990,0.000000,-0.024080,-0.016250,0.001399,1.000000;;
       }

       Frame Bip01_R_UpperArm {
        

        FrameTransformMatrix {
         0.221390,0.975047,0.016433,0.000000,-0.974986,0.221654,-0.016512,0.000000,-0.019742,-0.012366,0.999728,0.000000,0.073469,0.000000,-0.000000,1.000000;;
        }

        Frame Bip01_R_Forearm {
         

         FrameTransformMatrix {
          0.915660,-0.000000,-0.401954,0.000000,-0.000000,1.000000,-0.000000,0.000000,0.401954,-0.000000,0.915660,0.000000,0.148340,0.000000,-0.000000,1.000000;;
         }

         Frame Bip01_R_Hand {
          

          FrameTransformMatrix {
           0.975195,-0.000000,-0.221346,0.000000,-0.221346,0.000796,-0.975195,0.000000,0.000176,1.000000,0.000777,0.000000,0.131860,0.000000,0.000000,1.000000;;
          }

          Frame Bip01_R_Finger0 {
           

           FrameTransformMatrix {
            0.417774,-0.116941,0.900994,0.000000,-0.558537,0.749101,0.356210,0.000000,-0.716591,-0.652054,0.247639,0.000000,0.057681,0.023605,-0.000272,1.000000;;
           }
          }

          Frame Bip01_R_Finger1 {
           

           FrameTransformMatrix {
            0.352436,0.000745,0.935835,0.000000,-0.000000,1.000000,-0.000796,0.000000,-0.935836,0.000281,0.352436,0.000000,0.084102,-0.000000,0.000000,1.000000;;
           }
          }
         }
        }
       }
      }
     }

     Frame Bip01_BackPack {
      

      FrameTransformMatrix {
       0.180560,0.080500,-0.980264,0.000000,0.047560,0.994764,0.090451,0.000000,0.982413,-0.062954,0.175786,0.000000,0.063697,0.000003,-0.088856,1.000000;;
      }
     }
    }

    Frame Bip01_L_Thigh {
     

     FrameTransformMatrix {
      -0.888504,0.030427,0.457858,0.000000,-0.032107,-0.999476,0.004114,0.000000,0.457744,-0.011045,0.889016,0.000000,-0.050843,0.055225,-0.008917,1.000000;;
     }

     Frame Bip01_L_Calf {
      

      FrameTransformMatrix {
       0.942235,-0.000000,-0.334952,0.000000,-0.000000,1.000000,-0.000000,0.000000,0.334952,-0.000000,0.942235,0.000000,0.237500,0.000000,-0.000000,1.000000;;
      }

      Frame Bip01_L_Foot {
       

       FrameTransformMatrix {
        0.924325,-0.026487,0.380687,0.000000,-0.068962,0.969570,0.234901,0.000000,-0.375325,-0.243378,0.894371,0.000000,0.206841,0.000000,0.000000,1.000000;;
       }

       Frame Bip01_L_Toe0 {
        

        FrameTransformMatrix {
         0.000000,0.000000,1.000000,0.000000,0.000000,1.000000,-0.000000,0.000000,-1.000000,0.000000,0.000000,0.000000,0.065373,0.000000,0.066450,1.000000;;
        }
       }
      }
     }
    }

    Frame Bip01_R_Thigh {
     

     FrameTransformMatrix {
      -0.996965,0.030321,-0.071704,0.000000,-0.029454,-0.999480,-0.013113,0.000000,-0.072065,-0.010961,0.997340,0.000000,-0.050843,-0.055225,-0.008917,1.000000;;
     }

     Frame Bip01_R_Calf {
      

      FrameTransformMatrix {
       0.730239,0.000000,-0.683192,0.000000,0.000000,1.000000,0.000000,0.000000,0.683192,0.000000,0.730239,0.000000,0.237500,0.000000,0.000000,1.000000;;
      }

      Frame Bip01_R_Foot {
       

       FrameTransformMatrix {
        0.991957,0.087165,-0.091782,0.000000,-0.093276,0.993546,-0.064539,0.000000,0.085565,0.072581,0.993685,0.000000,0.206841,0.000000,0.000000,1.000000;;
       }

       Frame Bip01_R_Toe0 {
        

        FrameTransformMatrix {
         0.000000,0.000000,1.000000,0.000000,0.000000,1.000000,-0.000000,0.000000,-1.000000,0.000000,0.000000,0.000000,0.065373,0.000000,0.066450,1.000000;;
        }
       }
      }
     }
    }
   }

   Frame Bip01_DressFront {
    

    FrameTransformMatrix {
     -0.880185,-0.088339,0.466338,0.000000,0.121847,0.907542,0.401896,0.000000,-0.458725,0.410564,-0.788041,0.000000,-0.043935,0.001339,0.061057,1.000000;;
    }

    Frame Bip01_DressFront02 {
     

     FrameTransformMatrix {
      0.912593,0.000001,0.408870,0.000000,-0.000001,1.000000,-0.000000,0.000000,-0.408870,-0.000000,0.912593,0.000000,0.183378,-0.000000,-0.000120,1.000000;;
     }
    }
   }

   Frame Bip01_DressBack {
    

    FrameTransformMatrix {
     -0.886023,0.038029,0.462080,0.000000,0.191625,0.937561,0.290274,0.000000,-0.422190,0.345735,-0.837988,0.000000,-0.047673,-0.000048,-0.078302,1.000000;;
    }

    Frame Bip01_DressBack02 {
     

     FrameTransformMatrix {
      0.936852,0.174932,-0.302833,0.000000,-0.166408,0.984581,0.053939,0.000000,0.307600,-0.000139,0.951516,0.000000,0.176125,0.000000,-0.000103,1.000000;;
     }
    }
   }
  }

  Frame Bip01_Prop1 {
   

   FrameTransformMatrix {
    -0.233929,-0.108090,0.966227,0.000000,0.687222,0.684611,0.242967,0.000000,-0.687752,0.720849,-0.085868,0.000000,0.072994,-0.055506,-0.134034,1.000000;;
   }
  }

  Frame Bip01_Prop2 {
   

   FrameTransformMatrix {
    -0.163643,-0.967062,0.194966,0.000000,0.985576,-0.168906,-0.010564,0.000000,0.043147,0.190425,0.980753,0.000000,-0.140709,-0.103585,0.102365,1.000000;;
   }
  }
 }
}

Frame Translation_Data {
 

 FrameTransformMatrix {
  1.000000,0.000000,0.000000,0.000000,0.000000,-0.000000,-1.000000,0.000000,0.000000,1.000000,-0.000000,0.000000,0.000000,0.000000,0.000000,1.000000;;
 }
}

Frame Kate_HighVisVest {
 

 FrameTransformMatrix {
  1.000000,0.000000,0.000000,0.000000,0.000000,1.000000,0.000000,0.000000,0.000000,0.000000,1.000000,0.000000,0.000000,-0.001215,0.003680,1.000000;;
 }

 Mesh Kate_HighVisVest {
  156;
  0.031227;0.775857;-0.014745;,
  0.060035;0.788756;-0.001890;,
  0.065882;0.765942;-0.008870;,
  0.039183;0.799716;0.011997;,
  0.055413;0.720531;-0.052222;,
  0.071566;0.746694;-0.013755;,
  0.081405;0.712988;-0.015639;,
  0.047738;0.752364;-0.030553;,
  0.071279;0.780593;0.085244;,
  0.029458;0.810823;0.068636;,
  0.042814;0.781952;0.089898;,
  0.062587;0.810875;0.060859;,
  0.046419;0.589885;0.092600;,
  0.090106;0.581465;0.058689;,
  0.088054;0.590385;0.055559;,
  0.045560;0.578833;0.094224;,
  0.080897;0.588823;-0.013390;,
  0.093701;0.565999;0.012524;,
  0.000023;0.589369;0.096432;,
  0.000023;0.579268;0.098689;,
  0.000105;0.689030;0.094222;,
  0.050075;0.657397;0.087202;,
  0.050312;0.691329;0.090217;,
  0.000023;0.657579;0.091399;,
  0.094822;0.536104;0.070821;,
  0.047472;0.535684;0.103162;,
  0.097217;0.535512;0.017753;,
  0.049846;0.618985;0.089288;,
  0.077024;0.658407;0.064658;,
  0.078534;0.632804;-0.007192;,
  0.081571;0.666623;0.044086;,
  0.081517;0.621950;0.053004;,
  0.083209;0.679829;-0.016008;,
  0.056159;0.686109;-0.055475;,
  0.052600;0.633999;-0.049892;,
  0.000023;0.686442;-0.056617;,
  0.000020;0.630965;-0.056424;,
  0.080378;0.697422;0.078112;,
  0.038236;0.814596;0.036429;,
  0.050348;0.726996;0.095175;,
  0.084842;0.738806;0.084613;,
  0.000105;0.722543;0.097415;,
  0.000023;0.778217;0.091598;,
  0.086446;0.701896;0.033652;,
  0.085126;0.706271;0.007385;,
  0.087604;0.701117;0.059051;,
  0.085954;0.534887;-0.020356;,
  0.000023;0.536696;0.108746;,
  0.000020;0.618367;0.092628;,
  0.038236;0.814596;0.036429;,
  0.057385;0.811669;0.030025;,
  0.000023;0.808682;0.076869;,
  0.000023;0.720872;-0.051450;,
  -0.031182;0.775857;-0.014745;,
  -0.059990;0.788756;-0.001890;,
  -0.039138;0.799716;0.011997;,
  -0.065837;0.765942;-0.008870;,
  -0.055164;0.720532;-0.052085;,
  -0.071521;0.746694;-0.013755;,
  -0.047693;0.752364;-0.030553;,
  -0.081527;0.712925;-0.014999;,
  -0.071234;0.780593;0.085244;,
  -0.029413;0.810823;0.068636;,
  -0.062542;0.810875;0.060859;,
  -0.042769;0.781952;0.089898;,
  -0.046374;0.589885;0.092600;,
  -0.090063;0.581465;0.058689;,
  -0.045515;0.578833;0.094224;,
  -0.088189;0.590385;0.055559;,
  -0.083493;0.588905;-0.013369;,
  -0.093855;0.565999;0.012524;,
  0.000023;0.589369;0.096432;,
  0.000023;0.579268;0.098689;,
  0.000105;0.689030;0.094222;,
  -0.050029;0.657397;0.087202;,
  0.000023;0.657579;0.091399;,
  -0.050101;0.691329;0.090217;,
  -0.094882;0.536103;0.070647;,
  -0.047427;0.535684;0.103162;,
  -0.097244;0.535512;0.017753;,
  -0.049807;0.618985;0.089288;,
  -0.076984;0.658407;0.064658;,
  -0.078501;0.632804;-0.007192;,
  -0.081532;0.666623;0.044077;,
  -0.083069;0.679997;-0.015710;,
  -0.081484;0.621950;0.053004;,
  -0.055910;0.686109;-0.056334;,
  -0.052561;0.633999;-0.049892;,
  -0.080183;0.697422;0.078112;,
  -0.038191;0.814596;0.036429;,
  -0.050137;0.726996;0.095175;,
  -0.084475;0.738846;0.084889;,
  0.000105;0.722543;0.097415;,
  0.000023;0.778217;0.091598;,
  -0.087094;0.701923;0.039388;,
  -0.085027;0.706275;0.012945;,
  -0.087378;0.700960;0.059074;,
  -0.080768;0.534887;-0.020356;,
  -0.057339;0.811669;0.030025;,
  0.000023;0.536696;0.108746;,
  0.000020;0.618367;0.092628;,
  -0.038191;0.814596;0.036429;,
  -0.057339;0.811669;0.030025;,
  0.000023;0.808682;0.076869;,
  -0.019858;0.753696;-0.032147;,
  0.019860;0.753698;-0.032150;,
  -0.038936;0.744000;0.034409;,
  -0.038936;0.744000;0.034409;,
  -0.038936;0.744000;0.034409;,
  -0.038936;0.744000;0.034409;,
  -0.038936;0.744000;0.034409;,
  0.038825;0.744162;0.034584;,
  0.038825;0.744162;0.034584;,
  0.038825;0.744162;0.034584;,
  0.038825;0.744162;0.034584;,
  0.038825;0.744162;0.034584;,
  -0.029413;0.810823;0.068636;,
  0.000023;0.740096;0.037013;,
  -0.038191;0.814596;0.036429;,
  0.000023;0.808682;0.076869;,
  0.000023;0.740096;0.037013;,
  -0.038191;0.814596;0.036429;,
  -0.031182;0.775857;-0.014745;,
  0.000023;0.740096;0.037013;,
  0.000023;0.740096;0.037013;,
  0.000023;0.740096;0.037013;,
  0.031227;0.775857;-0.014745;,
  0.000023;0.740096;0.037013;,
  -0.080768;0.534887;-0.020356;,
  -0.094882;0.536103;0.070647;,
  -0.097244;0.535512;0.017753;,
  -0.047427;0.535684;0.103162;,
  0.000023;0.536696;0.108746;,
  -0.046264;0.535330;-0.045110;,
  0.000023;0.534709;-0.053974;,
  0.046807;0.535451;-0.045152;,
  0.000023;0.536696;0.108746;,
  0.047472;0.535684;0.103162;,
  0.085954;0.534887;-0.020356;,
  0.097217;0.535512;0.017753;,
  0.094822;0.536104;0.070821;,
  0.050408;0.583205;-0.046238;,
  0.046807;0.535451;-0.045152;,
  0.000023;0.582116;-0.054663;,
  0.000023;0.534709;-0.053974;,
  0.052600;0.633999;-0.049892;,
  0.078534;0.632804;-0.007192;,
  0.000020;0.630965;-0.056424;,
  -0.049944;0.583155;-0.046261;,
  -0.046264;0.535330;-0.045110;,
  -0.052561;0.633999;-0.049892;,
  -0.078501;0.632804;-0.007192;,
  -0.038936;0.744000;0.034409;,
  0.038825;0.744162;0.034584;,
  0.057385;0.811669;0.030025;,
  0.057385;0.811669;0.030025;;
  202;
  3;0,1,2;,
  3;1,0,3;,
  3;4,5,6;,
  3;5,4,7;,
  3;8,9,10;,
  3;9,8,11;,
  3;12,13,14;,
  3;13,12,15;,
  3;13,16,14;,
  3;16,13,17;,
  3;18,15,12;,
  3;15,18,19;,
  3;20,21,22;,
  3;21,20,23;,
  3;24,15,25;,
  3;15,24,13;,
  3;26,13,24;,
  3;13,26,17;,
  3;27,28,21;,
  3;29,30,31;,
  3;30,29,32;,
  3;33,29,34;,
  3;29,33,32;,
  3;34,35,33;,
  3;35,34,36;,
  3;22,28,37;,
  3;28,22,21;,
  3;11,38,9;,
  3;8,39,40;,
  3;39,8,10;,
  3;10,41,39;,
  3;41,10,42;,
  3;43,32,44;,
  3;32,43,30;,
  3;6,44,32;,
  3;43,45,30;,
  3;16,17,46;,
  3;17,26,46;,
  3;25,19,47;,
  3;19,25,15;,
  3;14,29,31;,
  3;29,14,16;,
  3;27,14,31;,
  3;14,27,12;,
  3;48,12,27;,
  3;12,48,18;,
  3;49,50,3;,
  3;3,50,1;,
  3;31,30,28;,
  3;37,30,45;,
  3;30,37,28;,
  3;28,27,31;,
  3;51,10,9;,
  3;41,22,39;,
  3;22,41,20;,
  3;37,39,22;,
  3;39,37,40;,
  3;45,40,37;,
  3;35,4,33;,
  3;4,35,52;,
  3;6,33,4;,
  3;33,6,32;,
  3;2,7,0;,
  3;7,2,5;,
  3;27,23,48;,
  3;23,27,21;,
  3;51,42,10;,
  3;53,54,55;,
  3;54,53,56;,
  3;57,58,59;,
  3;58,57,60;,
  3;61,62,63;,
  3;62,61,64;,
  3;65,66,67;,
  3;66,65,68;,
  3;66,69,70;,
  3;69,66,68;,
  3;71,67,72;,
  3;67,71,65;,
  3;73,74,75;,
  3;74,73,76;,
  3;77,67,66;,
  3;67,77,78;,
  3;79,66,70;,
  3;66,79,77;,
  3;80,74,81;,
  3;82,83,84;,
  3;83,82,85;,
  3;86,82,84;,
  3;82,86,87;,
  3;87,35,36;,
  3;35,87,86;,
  3;76,81,74;,
  3;81,76,88;,
  3;63,62,89;,
  3;61,90,64;,
  3;90,61,91;,
  3;64,92,93;,
  3;92,64,90;,
  3;94,84,83;,
  3;84,94,95;,
  3;60,84,95;,
  3;94,83,96;,
  3;69,97,70;,
  3;70,97,79;,
  3;89,98,63;,
  3;78,72,67;,
  3;72,78,99;,
  3;68,82,69;,
  3;82,68,85;,
  3;80,68,65;,
  3;68,80,85;,
  3;100,65,71;,
  3;65,100,80;,
  3;101,55,102;,
  3;55,54,102;,
  3;85,81,83;,
  3;88,83,81;,
  3;83,88,96;,
  3;81,85,80;,
  3;103,62,64;,
  3;92,76,73;,
  3;76,92,90;,
  3;88,90,91;,
  3;90,88,76;,
  3;91,96,88;,
  3;35,57,52;,
  3;57,35,86;,
  3;60,86,84;,
  3;86,60,57;,
  3;56,59,58;,
  3;59,56,53;,
  3;80,75,74;,
  3;75,80,100;,
  3;103,64,93;,
  3;53,104,59;,
  3;52,59,104;,
  3;59,52,57;,
  3;52,7,4;,
  3;7,52,105;,
  3;105,0,7;,
  3;61,106,91;,
  3;106,61,63;,
  3;96,107,94;,
  3;107,96,91;,
  3;95,108,60;,
  3;108,95,94;,
  3;58,109,56;,
  3;109,58,60;,
  3;54,110,102;,
  3;110,54,56;,
  3;8,111,11;,
  3;111,8,40;,
  3;112,1,50;,
  3;1,112,2;,
  3;5,113,6;,
  3;113,5,2;,
  3;44,114,43;,
  3;114,44,6;,
  3;45,115,40;,
  3;115,45,43;,
  3;116,117,118;,
  3;117,116,119;,
  3;120,55,121;,
  3;55,120,122;,
  3;123,104,53;,
  3;104,123,52;,
  3;105,124,0;,
  3;124,105,52;,
  3;3,125,49;,
  3;125,3,126;,
  3;127,9,38;,
  3;9,127,51;,
  3;128,129,130;,
  3;128,131,129;,
  3;132,133,134;,
  3;131,133,132;,
  3;128,133,131;,
  3;135,136,134;,
  3;135,137,136;,
  3;138,137,135;,
  3;139,137,138;,
  3;140,137,139;,
  3;46,141,16;,
  3;141,46,142;,
  3;143,142,144;,
  3;142,143,141;,
  3;16,145,146;,
  3;145,16,141;,
  3;147,141,143;,
  3;141,147,145;,
  3;97,148,149;,
  3;148,97,69;,
  3;143,149,148;,
  3;149,143,144;,
  3;69,150,148;,
  3;150,69,151;,
  3;148,147,143;,
  3;147,148,150;,
  3;98,152,63;,
  3;153,154,11;,
  3;11,155,38;;

  MeshNormals {
   156;
   -0.393723;0.698740;-0.597282;,
   0.755965;0.497472;-0.425486;,
   0.899885;0.394769;-0.185377;,
   -0.450460;0.739529;-0.500183;,
   0.426975;0.314422;-0.847839;,
   0.931854;0.353388;-0.082250;,
   0.937329;0.271856;-0.217966;,
   0.294727;0.575121;-0.763133;,
   0.816759;0.362137;0.449178;,
   -0.226155;0.941791;0.248764;,
   0.113135;0.369727;0.922227;,
   0.743724;0.645447;0.173995;,
   0.374222;0.096361;0.922319;,
   0.877304;0.277307;0.391713;,
   0.920913;0.235328;0.310708;,
   0.347686;0.172694;0.921570;,
   0.896548;0.127439;-0.424218;,
   0.965518;0.218050;-0.142231;,
   0.000003;0.168882;0.985636;,
   0.000000;0.218527;0.975831;,
   0.000070;-0.091955;0.995763;,
   0.385330;-0.017988;0.922604;,
   0.276820;-0.144817;0.949947;,
   -0.000068;-0.024645;0.999696;,
   0.842450;0.200388;0.500123;,
   0.336173;0.210828;0.917900;,
   0.989895;0.094045;-0.106131;,
   0.421136;0.048847;0.905681;,
   0.852319;-0.086333;0.515849;,
   0.960503;0.000236;-0.278271;,
   0.992956;-0.093673;0.072558;,
   0.942290;0.092105;0.321881;,
   0.940751;-0.074074;-0.330908;,
   0.475649;-0.022468;-0.879348;,
   0.510706;-0.064299;-0.857348;,
   0.002860;0.037994;-0.999274;,
   -0.000095;-0.031054;-0.999518;,
   0.714473;-0.234741;0.659109;,
   -0.413919;0.882344;-0.223918;,
   0.184315;-0.036303;0.982197;,
   0.909732;0.207407;0.359681;,
   0.000014;-0.010858;0.999941;,
   -0.000017;0.263719;0.964600;,
   0.942256;0.334874;0.003507;,
   0.920369;0.391032;0.003811;,
   0.994652;0.101241;0.020436;,
   0.813482;0.072328;-0.577075;,
   -0.000000;0.229902;0.973214;,
   -0.000004;0.076907;0.997038;,
   -0.413919;0.882344;-0.223918;,
   0.707870;0.645041;-0.287823;,
   -0.000000;0.989924;0.141601;,
   -0.000921;0.458016;-0.888944;,
   0.393990;0.698488;-0.597400;,
   -0.755598;0.497468;-0.426142;,
   0.450464;0.739527;-0.500183;,
   -0.899858;0.394738;-0.185575;,
   -0.425969;0.321751;-0.845593;,
   -0.930645;0.355516;-0.086649;,
   -0.295643;0.573609;-0.763917;,
   -0.940049;0.268554;-0.210204;,
   -0.817284;0.360112;0.449851;,
   0.226154;0.941791;0.248764;,
   -0.742948;0.646215;0.174455;,
   -0.113204;0.369605;0.922267;,
   -0.373724;0.096045;0.922554;,
   -0.875713;0.266995;0.402294;,
   -0.347900;0.172479;0.921530;,
   -0.916166;0.235831;0.324075;,
   -0.899678;0.097362;-0.425559;,
   -0.973577;0.163942;-0.158966;,
   0.000003;0.168882;0.985636;,
   0.000000;0.218527;0.975831;,
   0.000070;-0.091955;0.995763;,
   -0.385657;-0.017004;0.922486;,
   -0.000068;-0.024645;0.999696;,
   -0.276404;-0.143990;0.950194;,
   -0.843235;0.200605;0.498711;,
   -0.336825;0.210811;0.917664;,
   -0.984091;0.082108;-0.157553;,
   -0.420706;0.049248;0.905859;,
   -0.852339;-0.084802;0.516068;,
   -0.961796;0.023799;-0.272730;,
   -0.992519;-0.096436;0.074876;,
   -0.943044;-0.069802;-0.325264;,
   -0.941850;0.094781;0.322391;,
   -0.468742;-0.015885;-0.883193;,
   -0.505725;-0.063204;-0.860377;,
   -0.714436;-0.233670;0.659529;,
   0.413919;0.882345;-0.223917;,
   -0.182622;-0.036915;0.982490;,
   -0.907377;0.203913;0.367542;,
   0.000014;-0.010858;0.999941;,
   -0.000017;0.263719;0.964600;,
   -0.941612;0.336531;0.010695;,
   -0.910155;0.414254;-0.003313;,
   -0.994155;0.101972;0.035468;,
   -0.791956;0.005422;-0.610554;,
   -0.707051;0.645835;-0.288055;,
   -0.000000;0.229902;0.973214;,
   -0.000004;0.076907;0.997038;,
   0.413919;0.882345;-0.223917;,
   -0.707051;0.645835;-0.288055;,
   -0.000000;0.989924;0.141601;,
   0.438361;0.653916;-0.616630;,
   -0.438802;0.653950;-0.616280;,
   -0.963488;0.263972;-0.044834;,
   -0.963488;0.263972;-0.044834;,
   -0.963488;0.263972;-0.044834;,
   -0.963488;0.263972;-0.044834;,
   -0.963488;0.263972;-0.044834;,
   0.964251;0.260421;-0.049001;,
   0.964251;0.260421;-0.049001;,
   0.964251;0.260421;-0.049001;,
   0.964251;0.260421;-0.049001;,
   0.964251;0.260421;-0.049001;,
   0.226154;0.941791;0.248764;,
   -0.000041;0.874290;-0.485404;,
   0.413919;0.882345;-0.223917;,
   -0.000000;0.989924;0.141601;,
   -0.000041;0.874290;-0.485404;,
   0.413919;0.882345;-0.223917;,
   0.393990;0.698488;-0.597400;,
   -0.000041;0.874290;-0.485404;,
   -0.000041;0.874290;-0.485404;,
   -0.000041;0.874290;-0.485404;,
   -0.393723;0.698740;-0.597282;,
   -0.000041;0.874290;-0.485404;,
   0.007175;-0.999963;0.004737;,
   -0.015800;-0.999816;0.010919;,
   -0.011005;-0.999871;0.011664;,
   0.010459;-0.999934;0.004752;,
   0.000241;-0.999991;0.004151;,
   0.001414;-0.999969;0.007768;,
   0.001247;-0.999925;0.012208;,
   -0.000723;-0.999974;0.007236;,
   0.000241;-0.999991;0.004151;,
   -0.010924;-0.999932;0.004214;,
   -0.007694;-0.999962;0.004058;,
   0.016513;-0.999796;0.011625;,
   0.016989;-0.999785;0.011902;,
   0.445322;-0.026277;-0.894985;,
   0.353973;-0.042378;-0.934295;,
   -0.000665;-0.030687;-0.999529;,
   -0.001547;-0.014532;-0.999893;,
   0.510706;-0.064299;-0.857348;,
   0.960503;0.000236;-0.278271;,
   -0.000095;-0.031054;-0.999518;,
   -0.437713;-0.043785;-0.898048;,
   -0.380677;-0.045436;-0.923591;,
   -0.505725;-0.063204;-0.860377;,
   -0.961796;0.023799;-0.272730;,
   -0.963488;0.263972;-0.044834;,
   0.964251;0.260421;-0.049001;,
   0.707870;0.645041;-0.287823;,
   0.707870;0.645041;-0.287823;;
   202;
   3;0,1,2;,
   3;1,0,3;,
   3;4,5,6;,
   3;5,4,7;,
   3;8,9,10;,
   3;9,8,11;,
   3;12,13,14;,
   3;13,12,15;,
   3;13,16,14;,
   3;16,13,17;,
   3;18,15,12;,
   3;15,18,19;,
   3;20,21,22;,
   3;21,20,23;,
   3;24,15,25;,
   3;15,24,13;,
   3;26,13,24;,
   3;13,26,17;,
   3;27,28,21;,
   3;29,30,31;,
   3;30,29,32;,
   3;33,29,34;,
   3;29,33,32;,
   3;34,35,33;,
   3;35,34,36;,
   3;22,28,37;,
   3;28,22,21;,
   3;11,38,9;,
   3;8,39,40;,
   3;39,8,10;,
   3;10,41,39;,
   3;41,10,42;,
   3;43,32,44;,
   3;32,43,30;,
   3;6,44,32;,
   3;43,45,30;,
   3;16,17,46;,
   3;17,26,46;,
   3;25,19,47;,
   3;19,25,15;,
   3;14,29,31;,
   3;29,14,16;,
   3;27,14,31;,
   3;14,27,12;,
   3;48,12,27;,
   3;12,48,18;,
   3;49,50,3;,
   3;3,50,1;,
   3;31,30,28;,
   3;37,30,45;,
   3;30,37,28;,
   3;28,27,31;,
   3;51,10,9;,
   3;41,22,39;,
   3;22,41,20;,
   3;37,39,22;,
   3;39,37,40;,
   3;45,40,37;,
   3;35,4,33;,
   3;4,35,52;,
   3;6,33,4;,
   3;33,6,32;,
   3;2,7,0;,
   3;7,2,5;,
   3;27,23,48;,
   3;23,27,21;,
   3;51,42,10;,
   3;53,54,55;,
   3;54,53,56;,
   3;57,58,59;,
   3;58,57,60;,
   3;61,62,63;,
   3;62,61,64;,
   3;65,66,67;,
   3;66,65,68;,
   3;66,69,70;,
   3;69,66,68;,
   3;71,67,72;,
   3;67,71,65;,
   3;73,74,75;,
   3;74,73,76;,
   3;77,67,66;,
   3;67,77,78;,
   3;79,66,70;,
   3;66,79,77;,
   3;80,74,81;,
   3;82,83,84;,
   3;83,82,85;,
   3;86,82,84;,
   3;82,86,87;,
   3;87,35,36;,
   3;35,87,86;,
   3;76,81,74;,
   3;81,76,88;,
   3;63,62,89;,
   3;61,90,64;,
   3;90,61,91;,
   3;64,92,93;,
   3;92,64,90;,
   3;94,84,83;,
   3;84,94,95;,
   3;60,84,95;,
   3;94,83,96;,
   3;69,97,70;,
   3;70,97,79;,
   3;89,98,63;,
   3;78,72,67;,
   3;72,78,99;,
   3;68,82,69;,
   3;82,68,85;,
   3;80,68,65;,
   3;68,80,85;,
   3;100,65,71;,
   3;65,100,80;,
   3;101,55,102;,
   3;55,54,102;,
   3;85,81,83;,
   3;88,83,81;,
   3;83,88,96;,
   3;81,85,80;,
   3;103,62,64;,
   3;92,76,73;,
   3;76,92,90;,
   3;88,90,91;,
   3;90,88,76;,
   3;91,96,88;,
   3;35,57,52;,
   3;57,35,86;,
   3;60,86,84;,
   3;86,60,57;,
   3;56,59,58;,
   3;59,56,53;,
   3;80,75,74;,
   3;75,80,100;,
   3;103,64,93;,
   3;53,104,59;,
   3;52,59,104;,
   3;59,52,57;,
   3;52,7,4;,
   3;7,52,105;,
   3;105,0,7;,
   3;61,106,91;,
   3;106,61,63;,
   3;96,107,94;,
   3;107,96,91;,
   3;95,108,60;,
   3;108,95,94;,
   3;58,109,56;,
   3;109,58,60;,
   3;54,110,102;,
   3;110,54,56;,
   3;8,111,11;,
   3;111,8,40;,
   3;112,1,50;,
   3;1,112,2;,
   3;5,113,6;,
   3;113,5,2;,
   3;44,114,43;,
   3;114,44,6;,
   3;45,115,40;,
   3;115,45,43;,
   3;116,117,118;,
   3;117,116,119;,
   3;120,55,121;,
   3;55,120,122;,
   3;123,104,53;,
   3;104,123,52;,
   3;105,124,0;,
   3;124,105,52;,
   3;3,125,49;,
   3;125,3,126;,
   3;127,9,38;,
   3;9,127,51;,
   3;128,129,130;,
   3;128,131,129;,
   3;132,133,134;,
   3;131,133,132;,
   3;128,133,131;,
   3;135,136,134;,
   3;135,137,136;,
   3;138,137,135;,
   3;139,137,138;,
   3;140,137,139;,
   3;46,141,16;,
   3;141,46,142;,
   3;143,142,144;,
   3;142,143,141;,
   3;16,145,146;,
   3;145,16,141;,
   3;147,141,143;,
   3;141,147,145;,
   3;97,148,149;,
   3;148,97,69;,
   3;143,149,148;,
   3;149,143,144;,
   3;69,150,148;,
   3;150,69,151;,
   3;148,147,143;,
   3;147,148,150;,
   3;98,152,63;,
   3;153,154,11;,
   3;11,155,38;;
  }

  MeshMaterialList {
   1;
   202;
   0,
   0,
   0,
   0,
   0,
   0,
   0,
   0,
   0,
   0,
   0,
   0,
   0,
   0,
   0,
   0,
   0,
   0,
   0,
   0,
   0,
   0,
   0,
   0,
   0,
   0,
   0,
   0,
   0,
   0,
   0,
   0,
   0,
   0,
   0,
   0,
   0,
   0,
   0,
   0,
   0,
   0,
   0,
   0,
   0,
   0,
   0,
   0,
   0,
   0,
   0,
   0,
   0,
   0,
   0,
   0,
   0,
   0,
   0,
   0,
   0,
   0,
   0,
   0,
   0,
   0,
   0,
   0,
   0,
   0,
   0,
   0,
   0,
   0,
   0,
   0,
   0,
   0,
   0,
   0,
   0,
   0,
   0,
   0,
   0,
   0,
   0,
   0,
   0,
   0,
   0,
   0,
   0,
   0,
   0,
   0,
   0,
   0,
   0,
   0,
   0,
   0,
   0,
   0,
   0,
   0,
   0,
   0,
   0,
   0,
   0,
   0,
   0,
   0,
   0,
   0,
   0,
   0,
   0,
   0,
   0,
   0,
   0,
   0,
   0,
   0,
   0,
   0,
   0,
   0,
   0,
   0,
   0,
   0,
   0,
   0,
   0,
   0,
   0,
   0,
   0,
   0,
   0,
   0,
   0,
   0,
   0,
   0,
   0,
   0,
   0,
   0,
   0,
   0,
   0,
   0,
   0,
   0,
   0,
   0,
   0,
   0,
   0,
   0,
   0,
   0,
   0,
   0,
   0,
   0,
   0,
   0,
   0,
   0,
   0,
   0,
   0,
   0,
   0,
   0,
   0,
   0,
   0,
   0,
   0,
   0,
   0,
   0,
   0,
   0,
   0,
   0,
   0,
   0,
   0,
   0,
   0,
   0,
   0,
   0,
   0,
   0;
   { _23_-_Defaulthhhh }
  }

  MeshTextureCoords c1 {
   156;
   0.534357;0.315992;,
   0.603976;0.300641;,
   0.607193;0.314765;,
   0.551988;0.297009;,
   0.552272;0.393001;,
   0.606713;0.341151;,
   0.599384;0.389373;,
   0.552013;0.345428;,
   0.682963;0.291171;,
   0.751100;0.242868;,
   0.740338;0.286503;,
   0.693364;0.257772;,
   0.739770;0.531301;,
   0.653808;0.549423;,
   0.646374;0.537928;,
   0.738393;0.547113;,
   0.586581;0.535348;,
   0.607265;0.553672;,
   0.793101;0.529499;,
   0.793064;0.540747;,
   0.792969;0.390625;,
   0.742481;0.441144;,
   0.737417;0.387761;,
   0.793798;0.436449;,
   0.671674;0.570292;,
   0.735844;0.570291;,
   0.614701;0.570275;,
   0.744496;0.491593;,
   0.672008;0.446090;,
   0.582719;0.482912;,
   0.649398;0.439357;,
   0.655675;0.492231;,
   0.592682;0.431529;,
   0.554883;0.422322;,
   0.548010;0.483459;,
   0.500066;0.422798;,
   0.499762;0.483630;,
   0.684448;0.386231;,
   0.724003;0.227668;,
   0.736101;0.332614;,
   0.694463;0.330335;,
   0.792969;0.339844;,
   0.792991;0.285371;,
   0.642274;0.390556;,
   0.618562;0.392050;,
   0.665537;0.380486;,
   0.585938;0.570313;,
   0.792969;0.570313;,
   0.792969;0.490393;,
   0.569401;0.274516;,
   0.579953;0.274601;,
   0.793399;0.255505;,
   0.500089;0.390014;,
   0.465508;0.316573;,
   0.398971;0.301043;,
   0.454119;0.298161;,
   0.392807;0.314765;,
   0.447492;0.393190;,
   0.393287;0.341151;,
   0.447964;0.345563;,
   0.397911;0.388823;,
   0.314231;0.287658;,
   0.248403;0.240243;,
   0.306556;0.257913;,
   0.259600;0.286622;,
   0.260597;0.531008;,
   0.349793;0.549141;,
   0.261849;0.546809;,
   0.354260;0.538610;,
   0.414376;0.535206;,
   0.393173;0.555613;,
   0.207031;0.529825;,
   0.206973;0.540758;,
   0.207031;0.386719;,
   0.257354;0.441311;,
   0.206412;0.436342;,
   0.262421;0.387652;,
   0.330155;0.570292;,
   0.264867;0.571384;,
   0.386539;0.570801;,
   0.254988;0.492249;,
   0.327981;0.445887;,
   0.417407;0.482423;,
   0.350430;0.439157;,
   0.407068;0.431746;,
   0.344455;0.492630;,
   0.445262;0.422751;,
   0.451494;0.482805;,
   0.322903;0.385743;,
   0.275311;0.227823;,
   0.263723;0.332822;,
   0.323636;0.323590;,
   0.207031;0.343750;,
   0.206989;0.285385;,
   0.357416;0.386273;,
   0.374226;0.387050;,
   0.343950;0.379136;,
   0.414118;0.570689;,
   0.312648;0.231969;,
   0.207161;0.571652;,
   0.207031;0.490393;,
   0.444212;0.273784;,
   0.413825;0.279239;,
   0.206935;0.253916;,
   0.478265;0.345834;,
   0.521253;0.345719;,
   0.326754;0.300000;,
   0.335775;0.354770;,
   0.374609;0.382325;,
   0.383521;0.344890;,
   0.400000;0.276292;,
   0.677045;0.300000;,
   0.600000;0.281370;,
   0.623002;0.340247;,
   0.623841;0.379680;,
   0.668308;0.356188;,
   0.248794;0.243175;,
   0.248794;0.243127;,
   0.275739;0.226785;,
   0.207031;0.256986;,
   0.454119;0.298161;,
   0.443783;0.274282;,
   0.464633;0.317034;,
   0.486357;0.355533;,
   0.516900;0.350713;,
   0.565812;0.273709;,
   0.534801;0.316733;,
   0.751301;0.245147;,
   0.414118;0.570689;,
   0.330155;0.570292;,
   0.386539;0.570801;,
   0.264867;0.571384;,
   0.207161;0.571652;,
   0.458370;0.570312;,
   0.499811;0.570291;,
   0.544003;0.570452;,
   0.792189;0.570292;,
   0.735844;0.570291;,
   0.585938;0.570313;,
   0.614905;0.570287;,
   0.671674;0.570292;,
   0.546453;0.540706;,
   0.544003;0.570452;,
   0.499894;0.540463;,
   0.499811;0.570291;,
   0.548024;0.483584;,
   0.583953;0.483059;,
   0.499761;0.483655;,
   0.455139;0.540748;,
   0.458370;0.570312;,
   0.451489;0.483304;,
   0.416027;0.483272;,
   0.323313;0.253541;,
   0.678781;0.250427;,
   0.688917;0.229344;,
   0.691326;0.230057;;
  }

  XSkinMeshHeader {
   6;
   7;
   9;
  }

  SkinWeights {
   "Bip01_Spine";
   94;
   4,
   6,
   12,
   13,
   14,
   15,
   16,
   17,
   18,
   19,
   20,
   21,
   22,
   23,
   24,
   25,
   26,
   27,
   28,
   29,
   30,
   31,
   32,
   33,
   34,
   35,
   36,
   37,
   39,
   41,
   43,
   44,
   45,
   46,
   47,
   48,
   57,
   60,
   65,
   66,
   67,
   68,
   69,
   70,
   71,
   72,
   73,
   74,
   75,
   76,
   77,
   78,
   79,
   80,
   81,
   82,
   83,
   84,
   85,
   86,
   87,
   88,
   90,
   92,
   94,
   95,
   96,
   97,
   99,
   100,
   128,
   129,
   130,
   131,
   132,
   133,
   134,
   135,
   136,
   137,
   138,
   139,
   140,
   141,
   142,
   143,
   144,
   145,
   146,
   147,
   148,
   149,
   150,
   151;
   0.002021,
   0.006422,
   0.333020,
   0.346640,
   0.400642,
   0.306099,
   0.418925,
   0.339947,
   0.309719,
   0.283918,
   0.075278,
   0.202266,
   0.052647,
   0.255931,
   0.200654,
   0.173567,
   0.254814,
   0.408347,
   0.216095,
   0.434727,
   0.174177,
   0.407760,
   0.103814,
   0.081766,
   0.421776,
   0.090576,
   0.408125,
   0.042587,
   0.001011,
   0.007119,
   0.038650,
   0.025564,
   0.038083,
   0.287994,
   0.152438,
   0.350116,
   0.001532,
   0.007086,
   0.314947,
   0.346708,
   0.292113,
   0.363808,
   0.432235,
   0.340736,
   0.309719,
   0.283918,
   0.075278,
   0.223852,
   0.255931,
   0.057869,
   0.200988,
   0.168100,
   0.254240,
   0.396192,
   0.213794,
   0.450257,
   0.175482,
   0.115162,
   0.408627,
   0.086963,
   0.418651,
   0.044735,
   0.001269,
   0.007119,
   0.036572,
   0.028560,
   0.038662,
   0.309827,
   0.152438,
   0.350116,
   0.309827,
   0.200988,
   0.254240,
   0.168100,
   0.152438,
   0.322400,
   0.323938,
   0.304718,
   0.152438,
   0.173567,
   0.287994,
   0.254814,
   0.200654,
   0.431267,
   0.304718,
   0.437058,
   0.323938,
   0.421776,
   0.434727,
   0.408125,
   0.435249,
   0.322400,
   0.418651,
   0.450257;
   -0.000000,1.000000,-0.000001,0.000000,0.998191,0.000000,0.060114,0.000000,0.060114,-0.000001,-0.998191,0.000000,-0.557470,-0.000000,-0.024947,1.000000;;
  }

  SkinWeights {
   "Bip01_Spine1";
   144;
   0,
   1,
   2,
   3,
   4,
   5,
   6,
   7,
   8,
   9,
   10,
   11,
   12,
   13,
   14,
   15,
   16,
   17,
   18,
   19,
   20,
   21,
   22,
   23,
   26,
   27,
   28,
   29,
   30,
   31,
   32,
   33,
   34,
   35,
   36,
   37,
   38,
   39,
   40,
   41,
   42,
   43,
   44,
   45,
   46,
   48,
   49,
   50,
   51,
   52,
   53,
   54,
   55,
   56,
   57,
   58,
   59,
   60,
   61,
   62,
   63,
   64,
   65,
   66,
   67,
   68,
   69,
   70,
   71,
   72,
   73,
   74,
   75,
   76,
   79,
   80,
   81,
   82,
   83,
   84,
   85,
   86,
   87,
   88,
   89,
   90,
   91,
   92,
   93,
   94,
   95,
   96,
   97,
   98,
   100,
   101,
   102,
   103,
   104,
   105,
   106,
   107,
   108,
   109,
   110,
   111,
   112,
   113,
   114,
   115,
   116,
   117,
   118,
   119,
   120,
   121,
   122,
   123,
   124,
   125,
   126,
   127,
   128,
   130,
   133,
   134,
   135,
   138,
   139,
   141,
   142,
   143,
   144,
   145,
   146,
   147,
   148,
   149,
   150,
   151,
   152,
   153,
   154,
   155;
   0.825800,
   0.734852,
   0.821633,
   0.715406,
   0.977197,
   0.901717,
   0.970258,
   0.905611,
   0.700208,
   0.748214,
   0.770739,
   0.654792,
   0.047826,
   0.043498,
   0.070306,
   0.030277,
   0.113524,
   0.030419,
   0.048657,
   0.026800,
   0.920800,
   0.725435,
   0.922444,
   0.742540,
   0.005306,
   0.276312,
   0.750653,
   0.384519,
   0.761865,
   0.307333,
   0.861740,
   0.902658,
   0.444595,
   0.891267,
   0.509563,
   0.916024,
   0.687713,
   0.909307,
   0.840421,
   0.949082,
   0.844176,
   0.924429,
   0.952156,
   0.918415,
   0.011209,
   0.229307,
   0.687713,
   0.647607,
   0.797800,
   0.984952,
   0.825574,
   0.734662,
   0.715878,
   0.820149,
   0.977490,
   0.900026,
   0.905219,
   0.968590,
   0.702151,
   0.750473,
   0.657419,
   0.774809,
   0.046502,
   0.044504,
   0.029615,
   0.063280,
   0.112530,
   0.029206,
   0.048657,
   0.026800,
   0.920800,
   0.763560,
   0.742540,
   0.918486,
   0.005175,
   0.261406,
   0.715304,
   0.385353,
   0.762295,
   0.850971,
   0.307048,
   0.912139,
   0.424948,
   0.918011,
   0.689234,
   0.911123,
   0.841675,
   0.949082,
   0.844176,
   0.923426,
   0.944649,
   0.919747,
   0.010817,
   0.648959,
   0.229307,
   0.689234,
   0.648959,
   0.797800,
   0.918206,
   0.918111,
   0.821585,
   0.821585,
   0.821585,
   0.821585,
   0.821585,
   0.820814,
   0.820814,
   0.820814,
   0.820814,
   0.820814,
   0.750473,
   0.862868,
   0.689234,
   0.797800,
   0.862868,
   0.689234,
   0.825574,
   0.862868,
   0.862868,
   0.862868,
   0.825800,
   0.862868,
   0.010817,
   0.005175,
   0.008771,
   0.015246,
   0.012707,
   0.011209,
   0.005306,
   0.127028,
