xof 0303txt 0032
template ColorRGBA {
 <35ff44e0-6c7c-11cf-8f52-0040333594a3>
 FLOAT red;
 FLOAT green;
 FLOAT blue;
 FLOAT alpha;
}

template ColorRGB {
 <d3e16e81-7835-11cf-8f52-0040333594a3>
 FLOAT red;
 FLOAT green;
 FLOAT blue;
}

template Material {
 <3d82ab4d-62da-11cf-ab39-0020af71e433>
 ColorRGBA faceColor;
 FLOAT power;
 ColorRGB specularColor;
 ColorRGB emissiveColor;
 [...]
}

template TextureFilename {
 <a42790e1-7810-11cf-8f52-0040333594a3>
 STRING filename;
}

template Frame {
 <3d82ab46-62da-11cf-ab39-0020af71e433>
 [...]
}

template Matrix4x4 {
 <f6f23f45-7686-11cf-8f52-0040333594a3>
 array FLOAT matrix[16];
}

template FrameTransformMatrix {
 <f6f23f41-7686-11cf-8f52-0040333594a3>
 Matrix4x4 frameMatrix;
}

template Vector {
 <3d82ab5e-62da-11cf-ab39-0020af71e433>
 FLOAT x;
 FLOAT y;
 FLOAT z;
}

template MeshFace {
 <3d82ab5f-62da-11cf-ab39-0020af71e433>
 DWORD nFaceVertexIndices;
 array DWORD faceVertexIndices[nFaceVertexIndices];
}

template Mesh {
 <3d82ab44-62da-11cf-ab39-0020af71e433>
 DWORD nVertices;
 array Vector vertices[nVertices];
 DWORD nFaces;
 array MeshFace faces[nFaces];
 [...]
}

template MeshNormals {
 <f6f23f43-7686-11cf-8f52-0040333594a3>
 DWORD nNormals;
 array Vector normals[nNormals];
 DWORD nFaceNormals;
 array MeshFace faceNormals[nFaceNormals];
}

template MeshMaterialList {
 <f6f23f42-7686-11cf-8f52-0040333594a3>
 DWORD nMaterials;
 DWORD nFaceIndexes;
 array DWORD faceIndexes[nFaceIndexes];
 [Material <3d82ab4d-62da-11cf-ab39-0020af71e433>]
}

template Coords2d {
 <f6f23f44-7686-11cf-8f52-0040333594a3>
 FLOAT u;
 FLOAT v;
}

template MeshTextureCoords {
 <f6f23f40-7686-11cf-8f52-0040333594a3>
 DWORD nTextureCoords;
 array Coords2d textureCoords[nTextureCoords];
}

template XSkinMeshHeader {
 <3cf169ce-ff7c-44ab-93c0-f78f62d172e2>
 WORD nMaxSkinWeightsPerVertex;
 WORD nMaxSkinWeightsPerFace;
 WORD nBones;
}

template SkinWeights {
 <6f0d123b-bad2-4167-a0d0-80224f25fabb>
 STRING transformNodeName;
 DWORD nWeights;
 array DWORD vertexIndices[nWeights];
 array FLOAT weights[nWeights];
 Matrix4x4 matrixOffset;
}

template AnimTicksPerSecond {
 <9e415a43-7ba6-4a73-8743-b73d47e88476>
 DWORD AnimTicksPerSecond;
}

template Animation {
 <3d82ab4f-62da-11cf-ab39-0020af71e433>
 [...]
}

template AnimationSet {
 <3d82ab50-62da-11cf-ab39-0020af71e433>
 [Animation <3d82ab4f-62da-11cf-ab39-0020af71e433>]
}

template FloatKeys {
 <10dd46a9-775b-11cf-8f52-0040333594a3>
 DWORD nValues;
 array FLOAT values[nValues];
}

template TimedFloatKeys {
 <f406b180-7b3b-11cf-8f52-0040333594a3>
 DWORD time;
 FloatKeys tfkeys;
}

template AnimationKey {
 <10dd46a8-775b-11cf-8f52-0040333594a3>
 DWORD keyType;
 DWORD nKeys;
 array TimedFloatKeys keys[nKeys];
}


Material _03_-_fff {
 1.000000;1.000000;1.000000;1.000000;;
 9.999999;
 0.000000;0.000000;0.000000;;
 0.000000;0.000000;0.000000;;

 TextureFilename {
  "EarringEmerald.png";
 }
}

Frame Dummy01 {
 

 FrameTransformMatrix {
  1.000000,0.000000,0.000000,0.000000,0.000000,-0.000000,-1.000000,0.000000,0.000000,1.000000,-0.000000,0.000000,0.000000,0.000000,0.000000,1.000000;;
 }

 Frame Bip01 {
  

  FrameTransformMatrix {
   -0.087155,0.982405,-0.165183,0.000000,-0.000001,0.165814,0.986157,0.000000,0.996195,0.085949,-0.014450,0.000000,-0.010000,-0.012284,0.490453,1.000000;;
  }

  Frame Bip01_Pelvis {
   

   FrameTransformMatrix {
    0.000000,1.000000,-0.000001,0.000000,-0.000001,0.000001,1.000000,0.000000,1.000000,0.000000,0.000001,0.000000,0.000000,0.000000,0.000000,1.000000;;
   }

   Frame Bip01_Spine {
    

    FrameTransformMatrix {
     0.984686,0.000002,-0.174337,0.000000,-0.000001,1.000000,0.000004,0.000000,0.174337,-0.000004,0.984686,0.000000,0.051619,0.000000,-0.000083,1.000000;;
    }

    Frame Bip01_Spine1 {
     

     FrameTransformMatrix {
      0.997819,0.052687,0.039774,0.000000,-0.044862,0.983198,-0.176942,0.000000,-0.048428,0.174771,0.983417,0.000000,0.106484,-0.000015,-0.000083,1.000000;;
     }

     Frame Bip01_Neck {
      

      FrameTransformMatrix {
       0.966067,-0.020835,0.257451,0.000000,0.025191,0.999590,-0.013632,0.000000,-0.257061,0.019655,0.966195,0.000000,0.130511,-0.000001,0.004626,1.000000;;
      }

      Frame Bip01_Head {
       

       FrameTransformMatrix {
        0.989321,-0.051753,-0.136255,0.000000,0.064251,0.993958,0.088989,0.000000,0.130826,-0.096793,0.986669,0.000000,0.033674,-0.000000,-0.000000,1.000000;;
       }

       Frame Bip01_HeadNub {
        

        FrameTransformMatrix {
         1.000000,-0.000000,-0.000000,0.000000,-0.000000,1.000000,0.000000,0.000000,0.000000,-0.000000,1.000000,0.000000,0.169824,0.000000,0.000000,1.000000;;
        }
       }
      }

      Frame Bip01_L_Clavicle {
       

       FrameTransformMatrix {
        -0.205975,0.976135,0.068811,0.000000,0.943873,0.216738,-0.249254,0.000000,-0.258220,0.013609,-0.965990,0.000000,-0.024734,0.015166,0.002017,1.000000;;
       }

       Frame Bip01_L_UpperArm {
        

        FrameTransformMatrix {
         0.385871,-0.777669,0.496320,0.000000,0.922466,0.332598,-0.196046,0.000000,-0.012616,0.533487,0.845714,0.000000,0.087086,-0.000000,-0.000000,1.000000;;
        }

        Frame Bip01_L_Forearm {
         

         FrameTransformMatrix {
          0.943939,0.000000,-0.330119,0.000000,0.000000,1.000000,-0.000000,0.000000,0.330119,-0.000000,0.943939,0.000000,0.137062,0.000000,0.000000,1.000000;;
         }

         Frame Bip01_L_Hand {
          

          FrameTransformMatrix {
           1.000000,-0.000000,0.000000,0.000000,0.000000,0.000796,1.000000,0.000000,0.000000,-1.000000,0.000796,0.000000,0.137062,0.000000,0.000000,1.000000;;
          }

          Frame Bip01_L_Finger0 {
           

           FrameTransformMatrix {
            0.690342,-0.181727,0.700288,0.000000,0.558537,0.749101,-0.356210,0.000000,-0.459853,0.637043,0.618637,0.000000,0.057681,-0.023605,-0.000272,1.000000;;
           }

           Frame Bip01_L_Finger0Nub {
            

            FrameTransformMatrix {
             1.000000,0.000000,0.000000,0.000000,0.000000,1.000000,0.000000,0.000000,-0.000000,0.000000,1.000000,0.000000,0.029435,-0.000000,-0.000000,1.000000;;
            }
           }
          }

          Frame Bip01_L_Finger1 {
           

           FrameTransformMatrix {
            0.728079,-0.000546,0.685493,0.000000,0.000000,1.000000,0.000796,0.000000,-0.685493,-0.000580,0.728079,0.000000,0.084102,0.000000,0.000000,1.000000;;
           }

           Frame Bip01_L_Finger1Nub {
            

            FrameTransformMatrix {
             1.000000,0.000000,0.000000,0.000000,-0.000000,1.000000,-0.000000,0.000000,-0.000000,0.000000,1.000000,0.000000,0.047988,0.000000,-0.000000,1.000000;;
            }
           }
          }
         }
        }
       }
      }

      Frame Bip01_R_Clavicle {
       

       FrameTransformMatrix {
        -0.028509,-0.999573,-0.006461,0.000000,-0.965665,0.025871,0.258498,0.000000,-0.258220,0.013609,-0.965990,0.000000,-0.024080,-0.016250,0.001399,1.000000;;
       }

       Frame Bip01_R_UpperArm {
        

        FrameTransformMatrix {
         0.221390,0.975047,0.016433,0.000000,-0.974986,0.221654,-0.016512,0.000000,-0.019742,-0.012366,0.999729,0.000000,0.087086,0.000000,0.000000,1.000000;;
        }

        Frame Bip01_R_Forearm {
         

         FrameTransformMatrix {
          0.915660,-0.000000,-0.401954,0.000000,-0.000000,1.000000,-0.000000,0.000000,0.401954,-0.000000,0.915660,0.000000,0.137062,0.000000,0.000000,1.000000;;
         }

         Frame Bip01_R_Hand {
          

          FrameTransformMatrix {
           0.975195,-0.000000,-0.221346,0.000000,-0.221346,0.000796,-0.975195,0.000000,0.000176,1.000000,0.000777,0.000000,0.137062,-0.000000,0.000000,1.000000;;
          }

          Frame Bip01_R_Finger0 {
           

           FrameTransformMatrix {
            0.417774,-0.116941,0.900994,0.000000,-0.558537,0.749101,0.356210,0.000000,-0.716591,-0.652054,0.247639,0.000000,0.057681,0.023605,-0.000272,1.000000;;
           }

           Frame Bip01_R_Finger0Nub {
            

            FrameTransformMatrix {
             -1.000000,-0.000000,0.000000,0.000000,-0.000000,1.000000,0.000000,0.000000,-0.000000,0.000000,-1.000000,0.000000,0.029435,-0.000000,0.000000,1.000000;;
            }
           }
          }

          Frame Bip01_R_Finger1 {
           

           FrameTransformMatrix {
            0.352436,0.000745,0.935835,0.000000,0.000000,1.000000,-0.000796,0.000000,-0.935836,0.000281,0.352436,0.000000,0.084102,0.000000,0.000000,1.000000;;
           }

           Frame Bip01_R_Finger1Nub {
            

            FrameTransformMatrix {
             -1.000000,0.000000,0.000000,0.000000,0.000000,1.000000,-0.000000,0.000000,0.000000,-0.000000,-1.000000,0.000000,0.047988,0.000000,0.000000,1.000000;;
            }
           }
          }
         }
        }
       }
      }
     }

     Frame Bip01_BackPack {
      

      FrameTransformMatrix {
       0.180560,0.080500,-0.980264,0.000000,0.047560,0.994764,0.090451,0.000000,0.982413,-0.062954,0.175786,0.000000,0.063697,0.000003,-0.088856,1.000000;;
      }

      Frame Bip01_BackPackNub {
       

       FrameTransformMatrix {
        0.000796,0.000003,1.000000,0.000000,0.000000,-1.000000,0.000003,0.000000,1.000000,-0.000000,-0.000796,0.000000,0.053240,0.000000,0.000000,1.000000;;
       }
      }
     }
    }

    Frame Bip01_L_Thigh {
     

     FrameTransformMatrix {
      -0.888504,0.030427,0.457858,0.000000,-0.032107,-0.999476,0.004114,0.000000,0.457744,-0.011045,0.889016,0.000000,-0.050843,0.055225,-0.008917,1.000000;;
     }

     Frame Bip01_L_Calf {
      

      FrameTransformMatrix {
       0.942235,-0.000000,-0.334952,0.000000,-0.000000,1.000000,-0.000000,0.000000,0.334952,-0.000000,0.942235,0.000000,0.237500,0.000000,-0.000000,1.000000;;
      }

      Frame Bip01_L_Foot {
       

       FrameTransformMatrix {
        0.924325,-0.026487,0.380687,0.000000,-0.068962,0.969570,0.234901,0.000000,-0.375325,-0.243378,0.894371,0.000000,0.206841,0.000000,0.000000,1.000000;;
       }

       Frame Bip01_L_Toe0 {
        

        FrameTransformMatrix {
         0.000000,0.000000,1.000000,0.000000,0.000000,1.000000,-0.000000,0.000000,-1.000000,0.000000,0.000000,0.000000,0.065373,0.000000,0.066450,1.000000;;
        }

        Frame Bip01_L_Toe0Nub {
         

         FrameTransformMatrix {
          -1.000000,0.000000,0.000000,0.000000,0.000000,1.000000,0.000000,0.000000,0.000000,0.000000,-1.000000,0.000000,0.006735,-0.000000,-0.000000,1.000000;;
         }
        }
       }
      }
     }
    }

    Frame Bip01_R_Thigh {
     

     FrameTransformMatrix {
      -0.996965,0.030321,-0.071704,0.000000,-0.029454,-0.999480,-0.013113,0.000000,-0.072065,-0.010961,0.997340,0.000000,-0.050843,-0.055225,-0.008917,1.000000;;
     }

     Frame Bip01_R_Calf {
      

      FrameTransformMatrix {
       0.730239,0.000000,-0.683192,0.000000,0.000000,1.000000,0.000000,0.000000,0.683192,0.000000,0.730239,0.000000,0.237500,0.000000,0.000000,1.000000;;
      }

      Frame Bip01_R_Foot {
       

       FrameTransformMatrix {
        0.991957,0.087165,-0.091782,0.000000,-0.093276,0.993546,-0.064539,0.000000,0.085565,0.072581,0.993685,0.000000,0.206841,0.000000,0.000000,1.000000;;
       }

       Frame Bip01_R_Toe0 {
        

        FrameTransformMatrix {
         0.000000,0.000000,1.000000,0.000000,0.000000,1.000000,-0.000000,0.000000,-1.000000,0.000000,0.000000,0.000000,0.065373,0.000000,0.066450,1.000000;;
        }

        Frame Bip01_R_Toe0Nub {
         

         FrameTransformMatrix {
          1.000000,0.000000,0.000000,0.000000,0.000000,1.000000,-0.000000,0.000000,-0.000000,-0.000000,1.000000,0.000000,0.006735,-0.000000,-0.000000,1.000000;;
         }
        }
       }
      }
     }
    }
   }

   Frame Bip01_DressFront {
    

    FrameTransformMatrix {
     -0.880185,-0.088339,0.466338,0.000000,0.121847,0.907542,0.401896,0.000000,-0.458725,0.410564,-0.788041,0.000000,-0.043935,0.001339,0.061057,1.000000;;
    }

    Frame Bip01_DressFront02 {
     

     FrameTransformMatrix {
      0.912593,0.000001,0.408870,0.000000,-0.000001,1.000000,-0.000000,0.000000,-0.408870,-0.000000,0.912593,0.000000,0.183378,-0.000000,-0.000120,1.000000;;
     }

     Frame Bip01_DressFrontNub {
      

      FrameTransformMatrix {
       0.000796,0.000003,1.000000,0.000000,0.000000,-1.000000,0.000003,0.000000,1.000000,0.000000,-0.000796,0.000000,0.165302,0.000000,0.000000,1.000000;;
      }
     }
    }
   }

   Frame Bip01_DressBack {
    

    FrameTransformMatrix {
     -0.886023,0.038029,0.462080,0.000000,0.191625,0.937561,0.290274,0.000000,-0.422190,0.345735,-0.837988,0.000000,-0.047673,-0.000048,-0.078302,1.000000;;
    }

    Frame Bip01_DressBack02 {
     

     FrameTransformMatrix {
      0.936852,0.174932,-0.302833,0.000000,-0.166408,0.984581,0.053939,0.000000,0.307600,-0.000139,0.951516,0.000000,0.176125,0.000000,-0.000103,1.000000;;
     }

     Frame Bip01_DressBackNub {
      

      FrameTransformMatrix {
       0.000796,0.000003,1.000000,0.000000,0.000000,-1.000000,0.000003,0.000000,1.000000,0.000000,-0.000796,0.000000,0.136508,0.000000,0.000000,1.000000;;
      }
     }
    }
   }
  }

  Frame Bip01_Prop1 {
   

   FrameTransformMatrix {
    -0.233929,-0.108090,0.966227,0.000000,0.687222,0.684611,0.242967,0.000000,-0.687752,0.720849,-0.085868,0.000000,0.076452,-0.048658,-0.145664,1.000000;;
   }
  }

  Frame Bip01_Prop2 {
   

   FrameTransformMatrix {
    -0.163643,-0.967062,0.194966,0.000000,0.985576,-0.168906,-0.010564,0.000000,0.043147,0.190425,0.980753,0.000000,-0.138405,-0.102098,0.114818,1.000000;;
   }
  }
 }
}

Frame Translation_Data {
 

 FrameTransformMatrix {
  -0.000000,0.000000,-1.000000,0.000000,-1.000000,-0.000000,0.000000,0.000000,-0.000000,1.000000,0.000000,0.000000,0.000000,-0.000000,0.000000,1.000000;;
 }
}

Frame M_Necklace_Pearl {
 

 FrameTransformMatrix {
  1.000000,0.000000,0.000000,0.000000,0.000000,1.000000,0.000000,0.000000,0.000000,0.000000,1.000000,0.000000,0.000000,0.000000,0.000000,1.000000;;
 }

 Mesh M_Necklace_Pearl {
  442;
  0.000000;0.747914;-0.028603;,
  -0.007195;0.744427;-0.025187;,
  -0.000000;0.749612;-0.020199;,
  0.000000;0.747914;-0.028603;,
  0.000000;0.739242;-0.030175;,
  0.000000;0.747914;-0.028603;,
  0.007195;0.744427;-0.025187;,
  0.000000;0.747914;-0.028603;,
  -0.000000;0.749612;-0.020199;,
  -0.000000;0.739438;-0.020002;,
  -0.000000;0.739438;-0.020002;,
  -0.000000;0.739438;-0.020002;,
  -0.000000;0.739438;-0.020002;,
  0.013233;0.751461;-0.026551;,
  0.007352;0.745137;-0.026113;,
  0.008545;0.752080;-0.018771;,
  0.013233;0.751461;-0.026551;,
  0.017457;0.744278;-0.026943;,
  0.013233;0.751461;-0.026551;,
  0.018650;0.751222;-0.019602;,
  0.013233;0.751461;-0.026551;,
  0.008545;0.752080;-0.018771;,
  0.012964;0.742955;-0.017910;,
  0.012964;0.742955;-0.017910;,
  0.012964;0.742955;-0.017910;,
  0.012964;0.742955;-0.017910;,
  0.022914;0.758109;-0.018549;,
  0.018045;0.751143;-0.019250;,
  0.016623;0.758172;-0.012031;,
  0.022914;0.758109;-0.018549;,
  0.028089;0.751561;-0.017678;,
  0.022914;0.758109;-0.018549;,
  0.026667;0.758589;-0.010459;,
  0.022914;0.758109;-0.018549;,
  0.016623;0.758172;-0.012031;,
  0.021798;0.749672;-0.009908;,
  0.021798;0.749672;-0.009908;,
  0.021798;0.749672;-0.009908;,
  0.021798;0.749672;-0.009908;,
  0.030928;0.765945;-0.009966;,
  0.027092;0.758401;-0.010390;,
  0.023923;0.765895;-0.004279;,
  0.030928;0.765945;-0.009966;,
  0.036721;0.760263;-0.007680;,
  0.030928;0.765945;-0.009966;,
  0.033552;0.767756;-0.001569;,
  0.030928;0.765945;-0.009966;,
  0.023923;0.765895;-0.004279;,
  0.029701;0.758393;-0.000555;,
  0.029701;0.758393;-0.000555;,
  0.029701;0.758393;-0.000555;,
  0.029701;0.758393;-0.000555;,
  0.036296;0.774672;-0.000048;,
  0.033696;0.767527;-0.001366;,
  0.029351;0.773747;0.003974;,
  0.036296;0.774672;-0.000048;,
  0.041833;0.770064;0.002298;,
  0.036296;0.774672;-0.000048;,
  0.037488;0.776284;0.007638;,
  0.036296;0.774672;-0.000048;,
  0.029351;0.773747;0.003974;,
  0.034888;0.767381;0.007833;,
  0.034888;0.767381;0.007833;,
  0.034888;0.767381;0.007833;,
  0.034888;0.767381;0.007833;,
  0.039354;0.782455;0.008811;,
  0.037181;0.776481;0.007690;,
  0.033409;0.781890;0.012514;,
  0.039354;0.782455;0.008811;,
  0.044402;0.778810;0.010724;,
  0.039354;0.782455;0.008811;,
  0.040630;0.784219;0.015548;,
  0.039354;0.782455;0.008811;,
  0.033409;0.781890;0.012514;,
  0.038457;0.776345;0.015759;,
  0.038457;0.776345;0.015759;,
  0.038457;0.776345;0.015759;,
  0.038457;0.776345;0.015759;,
  0.041525;0.789199;0.017384;,
  0.040555;0.784826;0.015512;,
  0.036639;0.788332;0.019215;,
  0.041525;0.789199;0.017384;,
  0.045623;0.786992;0.018821;,
  0.041525;0.789199;0.017384;,
  0.041708;0.790498;0.022524;,
  0.041525;0.789199;0.017384;,
  0.036639;0.788332;0.019215;,
  0.040737;0.784172;0.021905;,
  0.040737;0.784172;0.021905;,
  0.040737;0.784172;0.021905;,
  0.040737;0.784172;0.021905;,
  0.042769;0.795296;0.025071;,
  0.041798;0.790923;0.023199;,
  0.037882;0.794429;0.026902;,
  0.042769;0.795296;0.025071;,
  0.046867;0.793089;0.026509;,
  0.042769;0.795296;0.025071;,
  0.042951;0.796595;0.030212;,
  0.042769;0.795296;0.025071;,
  0.037882;0.794429;0.026902;,
  0.041980;0.790269;0.029593;,
  0.041980;0.790269;0.029593;,
  0.041980;0.790269;0.029593;,
  0.041980;0.790269;0.029593;,
  0.043917;0.801511;0.033012;,
  0.042930;0.797136;0.030491;,
  0.038952;0.800354;0.034383;,
  0.043917;0.801511;0.033012;,
  0.047936;0.798993;0.034072;,
  0.043917;0.801511;0.033012;,
  0.043958;0.802212;0.037964;,
  0.043917;0.801511;0.033012;,
  0.038952;0.800354;0.034383;,
  0.042971;0.795964;0.036812;,
  0.042971;0.795964;0.036812;,
  0.042971;0.795964;0.036812;,
  0.042971;0.795964;0.036812;,
  0.044878;0.805725;0.041666;,
  0.043891;0.802598;0.037701;,
  0.039913;0.804142;0.042510;,
  0.044878;0.805725;0.041666;,
  0.048897;0.802993;0.041715;,
  0.044878;0.805725;0.041666;,
  0.044919;0.804537;0.046524;,
  0.044878;0.805725;0.041666;,
  0.039913;0.804142;0.042510;,
  0.043932;0.799163;0.043135;,
  0.043932;0.799163;0.043135;,
  0.043932;0.799163;0.043135;,
  0.043932;0.799163;0.043135;,
  0.044682;0.807883;0.049539;,
  0.044058;0.804372;0.046144;,
  0.039466;0.806049;0.050319;,
  0.044682;0.807883;0.049539;,
  0.048440;0.804685;0.050837;,
  0.044682;0.807883;0.049539;,
  0.043848;0.806362;0.055013;,
  0.044682;0.807883;0.049539;,
  0.039466;0.806049;0.050319;,
  0.043231;0.800984;0.051545;,
  0.043231;0.800984;0.051545;,
  0.043231;0.800984;0.051545;,
  0.043231;0.800984;0.051545;,
  0.043396;0.808985;0.059474;,
  0.044017;0.806399;0.054815;,
  0.038405;0.807103;0.057872;,
  0.043396;0.808985;0.059474;,
  0.046995;0.805631;0.060461;,
  0.043396;0.808985;0.059474;,
  0.041383;0.806335;0.063517;,
  0.043396;0.808985;0.059474;,
  0.038405;0.807103;0.057872;,
  0.042005;0.801881;0.058923;,
  0.042005;0.801881;0.058923;,
  0.042005;0.801881;0.058923;,
  0.042005;0.801881;0.058923;,
  0.039985;0.809187;0.067658;,
  0.041135;0.806663;0.063107;,
  0.035193;0.807378;0.065457;,
  0.039985;0.809187;0.067658;,
  0.043386;0.805784;0.069064;,
  0.039985;0.809187;0.067658;,
  0.037445;0.806498;0.071415;,
  0.039985;0.809187;0.067658;,
  0.035193;0.807378;0.065457;,
  0.038594;0.802106;0.066863;,
  0.038594;0.802106;0.066863;,
  0.038594;0.802106;0.066863;,
  0.038594;0.802106;0.066863;,
  0.034400;0.808986;0.072975;,
  0.037336;0.805889;0.070136;,
  0.031107;0.807013;0.069008;,
  0.034400;0.808986;0.072975;,
  0.036166;0.805746;0.076456;,
  0.034400;0.808986;0.072975;,
  0.029937;0.806870;0.075328;,
  0.034400;0.808986;0.072975;,
  0.031107;0.807013;0.069008;,
  0.032873;0.801905;0.072489;,
  0.032873;0.801905;0.072489;,
  0.032873;0.801905;0.072489;,
  0.032873;0.801905;0.072489;,
  0.026750;0.809234;0.076780;,
  0.030803;0.806386;0.075150;,
  0.025341;0.807211;0.071860;,
  0.026750;0.809234;0.076780;,
  0.027449;0.805995;0.080620;,
  0.026750;0.809234;0.076780;,
  0.021987;0.806820;0.077331;,
  0.026750;0.809234;0.076780;,
  0.025341;0.807211;0.071860;,
  0.026040;0.802103;0.075701;,
  0.026040;0.802103;0.075701;,
  0.026040;0.802103;0.075701;,
  0.026040;0.802103;0.075701;,
  0.018012;0.809740;0.078293;,
  0.022061;0.806820;0.076875;,
  0.016749;0.807687;0.073358;,
  0.018012;0.809740;0.078293;,
  0.018483;0.806531;0.082209;,
  0.018012;0.809740;0.078293;,
  0.013171;0.807398;0.078692;,
  0.018012;0.809740;0.078293;,
  0.016749;0.807687;0.073358;,
  0.017219;0.802609;0.077274;,
  0.017219;0.802609;0.077274;,
  0.017219;0.802609;0.077274;,
  0.017219;0.802609;0.077274;,
  0.009118;0.810265;0.079760;,
  0.013202;0.807345;0.078450;,
  0.007986;0.808211;0.074793;,
  0.009118;0.810265;0.079760;,
  0.009483;0.807056;0.083687;,
  0.009118;0.810265;0.079760;,
  0.004267;0.807922;0.080030;,
  0.009118;0.810265;0.079760;,
  0.007986;0.808211;0.074793;,
  0.008352;0.803133;0.078720;,
  0.008352;0.803133;0.078720;,
  0.008352;0.803133;0.078720;,
  0.008352;0.803133;0.078720;,
  0.000000;0.810331;0.079873;,
  0.004546;0.807653;0.079873;,
  0.000000;0.807653;0.075327;,
  0.000000;0.810331;0.079873;,
  -0.000000;0.807653;0.084419;,
  0.000000;0.810331;0.079873;,
  -0.004546;0.807653;0.079873;,
  0.000000;0.810331;0.079873;,
  0.000000;0.807653;0.075327;,
  0.000000;0.803107;0.079873;,
  0.000000;0.803107;0.079873;,
  0.000000;0.803107;0.079873;,
  0.000000;0.803107;0.079873;,
  -0.013233;0.751461;-0.026551;,
  -0.008545;0.752080;-0.018771;,
  -0.007352;0.745137;-0.026113;,
  -0.013233;0.751461;-0.026551;,
  -0.017457;0.744278;-0.026943;,
  -0.013233;0.751461;-0.026551;,
  -0.018650;0.751222;-0.019602;,
  -0.013233;0.751461;-0.026551;,
  -0.008545;0.752080;-0.018771;,
  -0.012964;0.742955;-0.017910;,
  -0.012964;0.742955;-0.017910;,
  -0.012964;0.742955;-0.017910;,
  -0.012964;0.742955;-0.017910;,
  -0.022914;0.758109;-0.018549;,
  -0.016623;0.758172;-0.012031;,
  -0.018045;0.751143;-0.019250;,
  -0.022914;0.758109;-0.018549;,
  -0.028089;0.751561;-0.017678;,
  -0.022914;0.758109;-0.018549;,
  -0.026667;0.758589;-0.010459;,
  -0.022914;0.758109;-0.018549;,
  -0.016623;0.758172;-0.012031;,
  -0.021798;0.749672;-0.009908;,
  -0.021798;0.749672;-0.009908;,
  -0.021798;0.749672;-0.009908;,
  -0.021798;0.749672;-0.009908;,
  -0.030928;0.765945;-0.009966;,
  -0.023923;0.765895;-0.004279;,
  -0.027092;0.758401;-0.010390;,
  -0.030928;0.765945;-0.009966;,
  -0.036721;0.760263;-0.007680;,
  -0.030928;0.765945;-0.009966;,
  -0.033552;0.767756;-0.001569;,
  -0.030928;0.765945;-0.009966;,
  -0.023923;0.765895;-0.004279;,
  -0.029701;0.758393;-0.000555;,
  -0.029701;0.758393;-0.000555;,
  -0.029701;0.758393;-0.000555;,
  -0.029701;0.758393;-0.000555;,
  -0.036296;0.774672;-0.000048;,
  -0.029351;0.773747;0.003974;,
  -0.033696;0.767527;-0.001366;,
  -0.036296;0.774672;-0.000048;,
  -0.041833;0.770064;0.002298;,
  -0.036296;0.774672;-0.000048;,
  -0.037488;0.776284;0.007638;,
  -0.036296;0.774672;-0.000048;,
  -0.029351;0.773747;0.003974;,
  -0.034888;0.767381;0.007833;,
  -0.034888;0.767381;0.007833;,
  -0.034888;0.767381;0.007833;,
  -0.034888;0.767381;0.007833;,
  -0.039354;0.782455;0.008811;,
  -0.033409;0.781890;0.012514;,
  -0.037181;0.776481;0.007690;,
  -0.039354;0.782455;0.008811;,
  -0.044402;0.778810;0.010724;,
  -0.039354;0.782455;0.008811;,
  -0.040630;0.784219;0.015548;,
  -0.039354;0.782455;0.008811;,
  -0.033409;0.781890;0.012514;,
  -0.038457;0.776345;0.015759;,
  -0.038457;0.776345;0.015759;,
  -0.038457;0.776345;0.015759;,
  -0.038457;0.776345;0.015759;,
  -0.041525;0.789199;0.017384;,
  -0.036639;0.788332;0.019215;,
  -0.040555;0.784826;0.015512;,
  -0.041525;0.789199;0.017384;,
  -0.045623;0.786992;0.018821;,
  -0.041525;0.789199;0.017384;,
  -0.041708;0.790498;0.022524;,
  -0.041525;0.789199;0.017384;,
  -0.036639;0.788332;0.019215;,
  -0.040737;0.784172;0.021905;,
  -0.040737;0.784172;0.021905;,
  -0.040737;0.784172;0.021905;,
  -0.040737;0.784172;0.021905;,
  -0.042769;0.795296;0.025071;,
  -0.037882;0.794429;0.026902;,
  -0.041798;0.790923;0.023199;,
  -0.042769;0.795296;0.025071;,
  -0.046867;0.793089;0.026509;,
  -0.042769;0.795296;0.025071;,
  -0.042951;0.796595;0.030212;,
  -0.042769;0.795296;0.025071;,
  -0.037882;0.794429;0.026902;,
  -0.041980;0.790269;0.029593;,
  -0.041980;0.790269;0.029593;,
  -0.041980;0.790269;0.029593;,
  -0.041980;0.790269;0.029593;,
  -0.043917;0.801511;0.033012;,
  -0.038952;0.800354;0.034383;,
  -0.042930;0.797136;0.030491;,
  -0.043917;0.801511;0.033012;,
  -0.047936;0.798993;0.034072;,
  -0.043917;0.801511;0.033012;,
  -0.043958;0.802212;0.037964;,
  -0.043917;0.801511;0.033012;,
  -0.038952;0.800354;0.034383;,
  -0.042971;0.795964;0.036812;,
  -0.042971;0.795964;0.036812;,
  -0.042971;0.795964;0.036812;,
  -0.042971;0.795964;0.036812;,
  -0.044878;0.805725;0.041666;,
  -0.039913;0.804142;0.042510;,
  -0.043891;0.802598;0.037701;,
  -0.044878;0.805725;0.041666;,
  -0.048897;0.802993;0.041715;,
  -0.044878;0.805725;0.041666;,
  -0.044919;0.804537;0.046524;,
  -0.044878;0.805725;0.041666;,
  -0.039913;0.804142;0.042510;,
  -0.043932;0.799163;0.043135;,
  -0.043932;0.799163;0.043135;,
  -0.043932;0.799163;0.043135;,
  -0.043932;0.799163;0.043135;,
  -0.044682;0.807883;0.049539;,
  -0.039466;0.806049;0.050319;,
  -0.044058;0.804372;0.046144;,
  -0.044682;0.807883;0.049539;,
  -0.048440;0.804685;0.050837;,
  -0.044682;0.807883;0.049539;,
  -0.043848;0.806362;0.055013;,
  -0.044682;0.807883;0.049539;,
  -0.039466;0.806049;0.050319;,
  -0.043231;0.800984;0.051545;,
  -0.043231;0.800984;0.051545;,
  -0.043231;0.800984;0.051545;,
  -0.043231;0.800984;0.051545;,
  -0.043396;0.808985;0.059474;,
  -0.038405;0.807103;0.057872;,
  -0.044017;0.806399;0.054815;,
  -0.043396;0.808985;0.059474;,
  -0.046995;0.805631;0.060461;,
  -0.043396;0.808985;0.059474;,
  -0.041383;0.806335;0.063517;,
  -0.043396;0.808985;0.059474;,
  -0.038405;0.807103;0.057872;,
  -0.042005;0.801881;0.058923;,
  -0.042005;0.801881;0.058923;,
  -0.042005;0.801881;0.058923;,
  -0.042005;0.801881;0.058923;,
  -0.039985;0.809187;0.067658;,
  -0.035193;0.807378;0.065457;,
  -0.041135;0.806663;0.063107;,
  -0.039985;0.809187;0.067658;,
  -0.043386;0.805784;0.069064;,
  -0.039985;0.809187;0.067658;,
  -0.037445;0.806498;0.071415;,
  -0.039985;0.809187;0.067658;,
  -0.035193;0.807378;0.065457;,
  -0.038594;0.802106;0.066863;,
  -0.038594;0.802106;0.066863;,
  -0.038594;0.802106;0.066863;,
  -0.038594;0.802106;0.066863;,
  -0.034400;0.808986;0.072975;,
  -0.031107;0.807013;0.069008;,
  -0.037336;0.805889;0.070136;,
  -0.034400;0.808986;0.072975;,
  -0.036166;0.805746;0.076456;,
  -0.034400;0.808986;0.072975;,
  -0.029937;0.806870;0.075328;,
  -0.034400;0.808986;0.072975;,
  -0.031107;0.807013;0.069008;,
  -0.032873;0.801905;0.072489;,
  -0.032873;0.801905;0.072489;,
  -0.032873;0.801905;0.072489;,
  -0.032873;0.801905;0.072489;,
  -0.026750;0.809234;0.076780;,
  -0.025341;0.807211;0.071860;,
  -0.030803;0.806386;0.075150;,
  -0.026750;0.809234;0.076780;,
  -0.027449;0.805995;0.080620;,
  -0.026750;0.809234;0.076780;,
  -0.021987;0.806820;0.077331;,
  -0.026750;0.809234;0.076780;,
  -0.025341;0.807211;0.071860;,
  -0.026040;0.802103;0.075701;,
  -0.026040;0.802103;0.075701;,
  -0.026040;0.802103;0.075701;,
  -0.026040;0.802103;0.075701;,
  -0.018012;0.809740;0.078293;,
  -0.016749;0.807687;0.073358;,
  -0.022061;0.806820;0.076875;,
  -0.018012;0.809740;0.078293;,
  -0.018483;0.806531;0.082209;,
  -0.018012;0.809740;0.078293;,
  -0.013171;0.807398;0.078692;,
  -0.018012;0.809740;0.078293;,
  -0.016749;0.807687;0.073358;,
  -0.017219;0.802609;0.077274;,
  -0.017219;0.802609;0.077274;,
  -0.017219;0.802609;0.077274;,
  -0.017219;0.802609;0.077274;,
  -0.009118;0.810265;0.079760;,
  -0.007986;0.808211;0.074793;,
  -0.013202;0.807345;0.078450;,
  -0.009118;0.810265;0.079760;,
  -0.009483;0.807056;0.083687;,
  -0.009118;0.810265;0.079760;,
  -0.004267;0.807922;0.080030;,
  -0.009118;0.810265;0.079760;,
  -0.007986;0.808211;0.074793;,
  -0.008352;0.803133;0.078720;,
  -0.008352;0.803133;0.078720;,
  -0.008352;0.803133;0.078720;,
  -0.008352;0.803133;0.078720;;
  272;
  3;0,1,2;,
  3;3,4,1;,
  3;5,6,4;,
  3;7,8,6;,
  3;9,2,1;,
  3;10,1,4;,
  3;11,4,6;,
  3;12,6,8;,
  3;13,14,15;,
  3;16,17,14;,
  3;18,19,17;,
  3;20,21,19;,
  3;22,15,14;,
  3;23,14,17;,
  3;24,17,19;,
  3;25,19,21;,
  3;26,27,28;,
  3;29,30,27;,
  3;31,32,30;,
  3;33,34,32;,
  3;35,28,27;,
  3;36,27,30;,
  3;37,30,32;,
  3;38,32,34;,
  3;39,40,41;,
  3;42,43,40;,
  3;44,45,43;,
  3;46,47,45;,
  3;48,41,40;,
  3;49,40,43;,
  3;50,43,45;,
  3;51,45,47;,
  3;52,53,54;,
  3;55,56,53;,
  3;57,58,56;,
  3;59,60,58;,
  3;61,54,53;,
  3;62,53,56;,
  3;63,56,58;,
  3;64,58,60;,
  3;65,66,67;,
  3;68,69,66;,
  3;70,71,69;,
  3;72,73,71;,
  3;74,67,66;,
  3;75,66,69;,
  3;76,69,71;,
  3;77,71,73;,
  3;78,79,80;,
  3;81,82,79;,
  3;83,84,82;,
  3;85,86,84;,
  3;87,80,79;,
  3;88,79,82;,
  3;89,82,84;,
  3;90,84,86;,
  3;91,92,93;,
  3;94,95,92;,
  3;96,97,95;,
  3;98,99,97;,
  3;100,93,92;,
  3;101,92,95;,
  3;102,95,97;,
  3;103,97,99;,
  3;104,105,106;,
  3;107,108,105;,
  3;109,110,108;,
  3;111,112,110;,
  3;113,106,105;,
  3;114,105,108;,
  3;115,108,110;,
  3;116,110,112;,
  3;117,118,119;,
  3;120,121,118;,
  3;122,123,121;,
  3;124,125,123;,
  3;126,119,118;,
  3;127,118,121;,
  3;128,121,123;,
  3;129,123,125;,
  3;130,131,132;,
  3;133,134,131;,
  3;135,136,134;,
  3;137,138,136;,
  3;139,132,131;,
  3;140,131,134;,
  3;141,134,136;,
  3;142,136,138;,
  3;143,144,145;,
  3;146,147,144;,
  3;148,149,147;,
  3;150,151,149;,
  3;152,145,144;,
  3;153,144,147;,
  3;154,147,149;,
  3;155,149,151;,
  3;156,157,158;,
  3;159,160,157;,
  3;161,162,160;,
  3;163,164,162;,
  3;165,158,157;,
  3;166,157,160;,
  3;167,160,162;,
  3;168,162,164;,
  3;169,170,171;,
  3;172,173,170;,
  3;174,175,173;,
  3;176,177,175;,
  3;178,171,170;,
  3;179,170,173;,
  3;180,173,175;,
  3;181,175,177;,
  3;182,183,184;,
  3;185,186,183;,
  3;187,188,186;,
  3;189,190,188;,
  3;191,184,183;,
  3;192,183,186;,
  3;193,186,188;,
  3;194,188,190;,
  3;195,196,197;,
  3;198,199,196;,
  3;200,201,199;,
  3;202,203,201;,
  3;204,197,196;,
  3;205,196,199;,
  3;206,199,201;,
  3;207,201,203;,
  3;208,209,210;,
  3;211,212,209;,
  3;213,214,212;,
  3;215,216,214;,
  3;217,210,209;,
  3;218,209,212;,
  3;219,212,214;,
  3;220,214,216;,
  3;221,222,223;,
  3;224,225,222;,
  3;226,227,225;,
  3;228,229,227;,
  3;230,223,222;,
  3;231,222,225;,
  3;232,225,227;,
  3;233,227,229;,
  3;234,235,236;,
  3;237,236,238;,
  3;239,238,240;,
  3;241,240,242;,
  3;243,236,235;,
  3;244,238,236;,
  3;245,240,238;,
  3;246,242,240;,
  3;247,248,249;,
  3;250,249,251;,
  3;252,251,253;,
  3;254,253,255;,
  3;256,249,248;,
  3;257,251,249;,
  3;258,253,251;,
  3;259,255,253;,
  3;260,261,262;,
  3;263,262,264;,
  3;265,264,266;,
  3;267,266,268;,
  3;269,262,261;,
  3;270,264,262;,
  3;271,266,264;,
  3;272,268,266;,
  3;273,274,275;,
  3;276,275,277;,
  3;278,277,279;,
  3;280,279,281;,
  3;282,275,274;,
  3;283,277,275;,
  3;284,279,277;,
  3;285,281,279;,
  3;286,287,288;,
  3;289,288,290;,
  3;291,290,292;,
  3;293,292,294;,
  3;295,288,287;,
  3;296,290,288;,
  3;297,292,290;,
  3;298,294,292;,
  3;299,300,301;,
  3;302,301,303;,
  3;304,303,305;,
  3;306,305,307;,
  3;308,301,300;,
  3;309,303,301;,
  3;310,305,303;,
  3;311,307,305;,
  3;312,313,314;,
  3;315,314,316;,
  3;317,316,318;,
  3;319,318,320;,
  3;321,314,313;,
  3;322,316,314;,
  3;323,318,316;,
  3;324,320,318;,
  3;325,326,327;,
  3;328,327,329;,
  3;330,329,331;,
  3;332,331,333;,
  3;334,327,326;,
  3;335,329,327;,
  3;336,331,329;,
  3;337,333,331;,
  3;338,339,340;,
  3;341,340,342;,
  3;343,342,344;,
  3;345,344,346;,
  3;347,340,339;,
  3;348,342,340;,
  3;349,344,342;,
  3;350,346,344;,
  3;351,352,353;,
  3;354,353,355;,
  3;356,355,357;,
  3;358,357,359;,
  3;360,353,352;,
  3;361,355,353;,
  3;362,357,355;,
  3;363,359,357;,
  3;364,365,366;,
  3;367,366,368;,
  3;369,368,370;,
  3;371,370,372;,
  3;373,366,365;,
  3;374,368,366;,
  3;375,370,368;,
  3;376,372,370;,
  3;377,378,379;,
  3;380,379,381;,
  3;382,381,383;,
  3;384,383,385;,
  3;386,379,378;,
  3;387,381,379;,
  3;388,383,381;,
  3;389,385,383;,
  3;390,391,392;,
  3;393,392,394;,
  3;395,394,396;,
  3;397,396,398;,
  3;399,392,391;,
  3;400,394,392;,
  3;401,396,394;,
  3;402,398,396;,
  3;403,404,405;,
  3;406,405,407;,
  3;408,407,409;,
  3;410,409,411;,
  3;412,405,404;,
  3;413,407,405;,
  3;414,409,407;,
  3;415,411,409;,
  3;416,417,418;,
  3;419,418,420;,
  3;421,420,422;,
  3;423,422,424;,
  3;425,418,417;,
  3;426,420,418;,
  3;427,422,420;,
  3;428,424,422;,
  3;429,430,431;,
  3;432,431,433;,
  3;434,433,435;,
  3;436,435,437;,
  3;438,431,430;,
  3;439,433,431;,
  3;440,435,433;,
  3;441,437,435;;

  MeshNormals {
   442;
   -0.000000;0.702278;-0.711903;,
   -0.997346;0.048932;-0.053911;,
   0.000000;0.766878;0.641793;,
   -0.000000;0.702278;-0.711903;,
   -0.000000;-0.665679;-0.746238;,
   -0.000000;0.702278;-0.711903;,
   0.997346;0.048932;-0.053911;,
   -0.000000;0.702278;-0.711903;,
   0.000000;0.766878;0.641793;,
   0.000000;-0.693310;0.720639;,
   0.000000;-0.693310;0.720639;,
   0.000000;-0.693310;0.720639;,
   0.000000;-0.693310;0.720639;,
   0.023015;0.700070;-0.713703;,
   -0.787149;-0.368172;-0.494820;,
   -0.615711;0.600462;0.510240;,
   0.023015;0.700070;-0.713703;,
   0.619775;-0.497465;-0.606966;,
   0.023015;0.700070;-0.713703;,
   0.779262;0.478886;0.404252;,
   0.023015;0.700070;-0.713703;,
   -0.615711;0.600462;0.510240;,
   -0.005166;-0.726096;0.687573;,
   -0.005166;-0.726096;0.687573;,
   -0.005166;-0.726096;0.687573;,
   -0.005166;-0.726096;0.687573;,
   0.092770;0.694264;-0.713717;,
   -0.597753;-0.466443;-0.652014;,
   -0.785974;0.517897;0.337681;,
   0.092770;0.694264;-0.713717;,
   0.802375;-0.412590;-0.431236;,
   0.092770;0.694264;-0.713717;,
   0.598861;0.574169;0.558297;,
   0.092770;0.694264;-0.713717;,
   -0.785974;0.517897;0.337681;,
   -0.077595;-0.721956;0.687574;,
   -0.077595;-0.721956;0.687574;,
   -0.077595;-0.721956;0.687574;,
   -0.077595;-0.721956;0.687574;,
   0.101875;0.621164;-0.777030;,
   -0.447482;-0.605299;-0.658310;,
   -0.877752;0.444808;0.178037;,
   0.101875;0.621164;-0.777030;,
   0.895160;-0.347023;-0.279756;,
   0.101875;0.621164;-0.777030;,
   0.449932;0.701236;0.553019;,
   0.101875;0.621164;-0.777030;,
   -0.877752;0.444808;0.178037;,
   -0.086286;-0.651272;0.753923;,
   -0.086286;-0.651272;0.753923;,
   -0.086286;-0.651272;0.753923;,
   -0.086286;-0.651272;0.753923;,
   0.130488;0.673011;-0.728031;,
   -0.284596;-0.611252;-0.738496;,
   -0.937605;0.341422;0.065784;,
   0.130488;0.673011;-0.728031;,
   0.957188;-0.228716;-0.177424;,
   0.130488;0.673011;-0.728031;,
   0.292625;0.724122;0.624514;,
   0.130488;0.673011;-0.728031;,
   -0.937605;0.341422;0.065784;,
   -0.107334;-0.689749;0.716048;,
   -0.107334;-0.689749;0.716048;,
   -0.107334;-0.689749;0.716048;,
   -0.107334;-0.689749;0.716048;,
   0.096162;0.657913;-0.746930;,
   -0.296621;-0.609929;-0.734849;,
   -0.936915;0.338698;0.086453;,
   0.096162;0.657913;-0.746930;,
   0.956471;-0.203590;-0.209082;,
   0.096162;0.657913;-0.746930;,
   0.300134;0.738031;0.604342;,
   0.096162;0.657913;-0.746930;,
   -0.936915;0.338698;0.086453;,
   -0.077591;-0.693170;0.716586;,
   -0.077591;-0.693170;0.716586;,
   -0.077591;-0.693170;0.716586;,
   -0.077591;-0.693170;0.716586;,
   0.111675;0.742765;-0.660174;,
   -0.121157;-0.530501;-0.838981;,
   -0.967680;0.249534;-0.036437;,
   0.111675;0.742765;-0.660174;,
   0.992223;-0.054039;-0.112130;,
   0.111675;0.742765;-0.660174;,
   0.132656;0.719809;0.681379;,
   0.111675;0.742765;-0.660174;,
   -0.967680;0.249534;-0.036437;,
   -0.086691;-0.767588;0.635054;,
   -0.086691;-0.767588;0.635054;,
   -0.086691;-0.767588;0.635054;,
   -0.086691;-0.767588;0.635054;,
   0.111673;0.742759;-0.660180;,
   -0.121157;-0.530513;-0.838974;,
   -0.967681;0.249530;-0.036437;,
   0.111673;0.742759;-0.660180;,
   0.992223;-0.054042;-0.112129;,
   0.111673;0.742759;-0.660180;,
   0.132656;0.719813;0.681375;,
   0.111673;0.742759;-0.660180;,
   -0.967681;0.249530;-0.036437;,
   -0.086690;-0.767581;0.635062;,
   -0.086690;-0.767581;0.635062;,
   -0.086690;-0.767581;0.635062;,
   -0.086690;-0.767581;0.635062;,
   0.133941;0.816836;-0.561105;,
   -0.103607;-0.449527;-0.887238;,
   -0.966061;0.254861;-0.042105;,
   0.133941;0.816836;-0.561105;,
   0.993315;-0.054682;-0.101665;,
   0.133941;0.816836;-0.561105;,
   0.119987;0.654265;0.746686;,
   0.133941;0.816836;-0.561105;,
   -0.966061;0.254861;-0.042105;,
   -0.103967;-0.816014;0.568605;,
   -0.103967;-0.816014;0.568605;,
   -0.103967;-0.816014;0.568605;,
   -0.103967;-0.816014;0.568605;,
   0.133954;0.966762;-0.217779;,
   -0.103612;-0.088061;-0.990712;,
   -0.966060;0.252279;0.055519;,
   0.133954;0.966762;-0.217779;,
   0.993314;-0.013068;-0.114701;,
   0.133954;0.966762;-0.217779;,
   0.119991;0.330316;0.936212;,
   0.133954;0.966762;-0.217779;,
   -0.966060;0.252279;0.055519;,
   -0.103976;-0.968782;0.225059;,
   -0.103976;-0.968782;0.225059;,
   -0.103976;-0.968782;0.225059;,
   -0.103976;-0.968782;0.225059;,
   0.197635;0.941523;-0.272900;,
   0.027355;-0.147130;-0.988739;,
   -0.965947;0.249454;-0.068691;,
   0.197635;0.941523;-0.272900;,
   0.996345;-0.068633;0.050849;,
   0.197635;0.941523;-0.272900;,
   -0.011244;0.322428;0.946527;,
   0.197635;0.941523;-0.272900;,
   -0.965947;0.249454;-0.068691;,
   -0.158779;-0.964151;0.212608;,
   -0.158779;-0.964151;0.212608;,
   -0.158779;-0.964151;0.212608;,
   -0.158779;-0.964151;0.212608;,
   0.190402;0.978814;0.075304;,
   0.296678;0.104600;-0.949232;,
   -0.922862;0.265526;-0.278965;,
   0.190402;0.978814;0.075304;,
   0.954749;-0.079838;0.286496;,
   0.190402;0.978814;0.075304;,
   -0.281198;0.085297;0.955852;,
   0.190402;0.978814;0.075304;,
   -0.922862;0.265526;-0.278965;,
   -0.153002;-0.986772;-0.053585;,
   -0.153002;-0.986772;-0.053585;,
   -0.153002;-0.986772;-0.053585;,
   -0.153002;-0.986772;-0.053585;,
   0.190414;0.975646;0.108893;,
   0.412165;0.114107;-0.903936;,
   -0.879458;0.278781;-0.385790;,
   0.190414;0.975646;0.108893;,
   0.910935;-0.093634;0.401784;,
   0.190414;0.975646;0.108893;,
   -0.396261;0.075630;0.915018;,
   0.190414;0.975646;0.108893;,
   -0.879458;0.278781;-0.385790;,
   -0.153012;-0.984344;-0.087487;,
   -0.153012;-0.984344;-0.087487;,
   -0.153012;-0.984344;-0.087487;,
   -0.153012;-0.984344;-0.087487;,
   0.209107;0.975629;0.066508;,
