xof 0303txt 0032
template ColorRGBA {
 <35ff44e0-6c7c-11cf-8f52-0040333594a3>
 FLOAT red;
 FLOAT green;
 FLOAT blue;
 FLOAT alpha;
}

template ColorRGB {
 <d3e16e81-7835-11cf-8f52-0040333594a3>
 FLOAT red;
 FLOAT green;
 FLOAT blue;
}

template Material {
 <3d82ab4d-62da-11cf-ab39-0020af71e433>
 ColorRGBA faceColor;
 FLOAT power;
 ColorRGB specularColor;
 ColorRGB emissiveColor;
 [...]
}

template TextureFilename {
 <a42790e1-7810-11cf-8f52-0040333594a3>
 STRING filename;
}

template Frame {
 <3d82ab46-62da-11cf-ab39-0020af71e433>
 [...]
}

template Matrix4x4 {
 <f6f23f45-7686-11cf-8f52-0040333594a3>
 array FLOAT matrix[16];
}

template FrameTransformMatrix {
 <f6f23f41-7686-11cf-8f52-0040333594a3>
 Matrix4x4 frameMatrix;
}

template Vector {
 <3d82ab5e-62da-11cf-ab39-0020af71e433>
 FLOAT x;
 FLOAT y;
 FLOAT z;
}

template MeshFace {
 <3d82ab5f-62da-11cf-ab39-0020af71e433>
 DWORD nFaceVertexIndices;
 array DWORD faceVertexIndices[nFaceVertexIndices];
}

template Mesh {
 <3d82ab44-62da-11cf-ab39-0020af71e433>
 DWORD nVertices;
 array Vector vertices[nVertices];
 DWORD nFaces;
 array MeshFace faces[nFaces];
 [...]
}

template MeshNormals {
 <f6f23f43-7686-11cf-8f52-0040333594a3>
 DWORD nNormals;
 array Vector normals[nNormals];
 DWORD nFaceNormals;
 array MeshFace faceNormals[nFaceNormals];
}

template MeshMaterialList {
 <f6f23f42-7686-11cf-8f52-0040333594a3>
 DWORD nMaterials;
 DWORD nFaceIndexes;
 array DWORD faceIndexes[nFaceIndexes];
 [Material <3d82ab4d-62da-11cf-ab39-0020af71e433>]
}

template Coords2d {
 <f6f23f44-7686-11cf-8f52-0040333594a3>
 FLOAT u;
 FLOAT v;
}

template MeshTextureCoords {
 <f6f23f40-7686-11cf-8f52-0040333594a3>
 DWORD nTextureCoords;
 array Coords2d textureCoords[nTextureCoords];
}

template XSkinMeshHeader {
 <3cf169ce-ff7c-44ab-93c0-f78f62d172e2>
 WORD nMaxSkinWeightsPerVertex;
 WORD nMaxSkinWeightsPerFace;
 WORD nBones;
}

template SkinWeights {
 <6f0d123b-bad2-4167-a0d0-80224f25fabb>
 STRING transformNodeName;
 DWORD nWeights;
 array DWORD vertexIndices[nWeights];
 array FLOAT weights[nWeights];
 Matrix4x4 matrixOffset;
}

template AnimTicksPerSecond {
 <9e415a43-7ba6-4a73-8743-b73d47e88476>
 DWORD AnimTicksPerSecond;
}

template Animation {
 <3d82ab4f-62da-11cf-ab39-0020af71e433>
 [...]
}

template AnimationSet {
 <3d82ab50-62da-11cf-ab39-0020af71e433>
 [Animation <3d82ab4f-62da-11cf-ab39-0020af71e433>]
}

template FloatKeys {
 <10dd46a9-775b-11cf-8f52-0040333594a3>
 DWORD nValues;
 array FLOAT values[nValues];
}

template TimedFloatKeys {
 <f406b180-7b3b-11cf-8f52-0040333594a3>
 DWORD time;
 FloatKeys tfkeys;
}

template AnimationKey {
 <10dd46a8-775b-11cf-8f52-0040333594a3>
 DWORD keyType;
 DWORD nKeys;
 array TimedFloatKeys keys[nKeys];
}


Material _19_-_Defaultaa {
 1.000000;1.000000;1.000000;1.000000;;
 9.999999;
 0.000000;0.000000;0.000000;;
 0.000000;0.000000;0.000000;;

 TextureFilename {
  "CurlyHair_Long.png";
 }
}

Frame Dummy01 {
 

 FrameTransformMatrix {
  1.000000,0.000000,0.000000,0.000000,0.000000,-0.000000,-1.000000,0.000000,0.000000,1.000000,-0.000000,0.000000,0.000000,0.000000,0.000000,1.000000;;
 }

 Frame Bip01 {
  

  FrameTransformMatrix {
   -0.087155,0.982405,-0.165183,0.000000,-0.000001,0.165814,0.986157,0.000000,0.996195,0.085949,-0.014450,0.000000,-0.010000,-0.012284,0.490453,1.000000;;
  }

  Frame Bip01_Pelvis {
   

   FrameTransformMatrix {
    0.000000,1.000000,-0.000001,0.000000,-0.000001,0.000001,1.000000,0.000000,1.000000,0.000000,0.000001,0.000000,0.000000,0.000000,0.000000,1.000000;;
   }

   Frame Bip01_Spine {
    

    FrameTransformMatrix {
     0.984686,0.000002,-0.174337,0.000000,-0.000001,1.000000,0.000004,0.000000,0.174337,-0.000004,0.984686,0.000000,0.051619,0.000000,-0.000083,1.000000;;
    }

    Frame Bip01_Spine1 {
     

     FrameTransformMatrix {
      0.997819,0.052687,0.039774,0.000000,-0.044862,0.983198,-0.176942,0.000000,-0.048428,0.174771,0.983417,0.000000,0.106484,-0.000015,-0.000083,1.000000;;
     }

     Frame Bip01_Neck {
      

      FrameTransformMatrix {
       0.966067,-0.020835,0.257451,0.000000,0.025191,0.999590,-0.013632,0.000000,-0.257061,0.019655,0.966195,0.000000,0.130511,-0.000001,0.004626,1.000000;;
      }

      Frame Bip01_Head {
       

       FrameTransformMatrix {
        0.989321,-0.051753,-0.136255,0.000000,0.064251,0.993958,0.088989,0.000000,0.130826,-0.096793,0.986669,0.000000,0.033674,-0.000000,-0.000000,1.000000;;
       }
      }

      Frame Bip01_L_Clavicle {
       

       FrameTransformMatrix {
        -0.205975,0.976135,0.068811,0.000000,0.943873,0.216738,-0.249254,0.000000,-0.258220,0.013609,-0.965990,0.000000,-0.024734,0.015166,0.002017,1.000000;;
       }

       Frame Bip01_L_UpperArm {
        

        FrameTransformMatrix {
         0.385871,-0.777669,0.496320,0.000000,0.922466,0.332598,-0.196046,0.000000,-0.012616,0.533487,0.845714,0.000000,0.087086,-0.000000,-0.000000,1.000000;;
        }

        Frame Bip01_L_Forearm {
         

         FrameTransformMatrix {
          0.943939,0.000000,-0.330119,0.000000,0.000000,1.000000,-0.000000,0.000000,0.330119,-0.000000,0.943939,0.000000,0.137062,0.000000,0.000000,1.000000;;
         }

         Frame Bip01_L_Hand {
          

          FrameTransformMatrix {
           1.000000,-0.000000,0.000000,0.000000,0.000000,0.000796,1.000000,0.000000,0.000000,-1.000000,0.000796,0.000000,0.137062,0.000000,0.000000,1.000000;;
          }

          Frame Bip01_L_Finger0 {
           

           FrameTransformMatrix {
            0.690342,-0.181727,0.700288,0.000000,0.558537,0.749101,-0.356210,0.000000,-0.459853,0.637043,0.618637,0.000000,0.057681,-0.023605,-0.000272,1.000000;;
           }
          }

          Frame Bip01_L_Finger1 {
           

           FrameTransformMatrix {
            0.728079,-0.000546,0.685493,0.000000,0.000000,1.000000,0.000796,0.000000,-0.685493,-0.000580,0.728079,0.000000,0.084102,0.000000,0.000000,1.000000;;
           }
          }
         }
        }
       }
      }

      Frame Bip01_R_Clavicle {
       

       FrameTransformMatrix {
        -0.028509,-0.999573,-0.006461,0.000000,-0.965665,0.025871,0.258498,0.000000,-0.258220,0.013609,-0.965990,0.000000,-0.024080,-0.016250,0.001399,1.000000;;
       }

       Frame Bip01_R_UpperArm {
        

        FrameTransformMatrix {
         0.221390,0.975047,0.016433,0.000000,-0.974986,0.221654,-0.016512,0.000000,-0.019742,-0.012366,0.999729,0.000000,0.087086,0.000000,0.000000,1.000000;;
        }

        Frame Bip01_R_Forearm {
         

         FrameTransformMatrix {
          0.915660,-0.000000,-0.401954,0.000000,-0.000000,1.000000,-0.000000,0.000000,0.401954,-0.000000,0.915660,0.000000,0.137062,0.000000,0.000000,1.000000;;
         }

         Frame Bip01_R_Hand {
          

          FrameTransformMatrix {
           0.975195,-0.000000,-0.221346,0.000000,-0.221346,0.000796,-0.975195,0.000000,0.000176,1.000000,0.000777,0.000000,0.137062,-0.000000,0.000000,1.000000;;
          }

          Frame Bip01_R_Finger0 {
           

           FrameTransformMatrix {
            0.417774,-0.116941,0.900994,0.000000,-0.558537,0.749101,0.356210,0.000000,-0.716591,-0.652054,0.247639,0.000000,0.057681,0.023605,-0.000272,1.000000;;
           }
          }

          Frame Bip01_R_Finger1 {
           

           FrameTransformMatrix {
            0.352436,0.000745,0.935835,0.000000,0.000000,1.000000,-0.000796,0.000000,-0.935836,0.000281,0.352436,0.000000,0.084102,0.000000,0.000000,1.000000;;
           }
          }
         }
        }
       }
      }
     }

     Frame Bip01_BackPack {
      

      FrameTransformMatrix {
       0.180560,0.080500,-0.980264,0.000000,0.047560,0.994764,0.090451,0.000000,0.982413,-0.062954,0.175786,0.000000,0.063697,0.000003,-0.088856,1.000000;;
      }
     }
    }

    Frame Bip01_L_Thigh {
     

     FrameTransformMatrix {
      -0.888504,0.030427,0.457858,0.000000,-0.032107,-0.999476,0.004114,0.000000,0.457744,-0.011045,0.889016,0.000000,-0.050843,0.055225,-0.008917,1.000000;;
     }

     Frame Bip01_L_Calf {
      

      FrameTransformMatrix {
       0.942235,-0.000000,-0.334952,0.000000,-0.000000,1.000000,-0.000000,0.000000,0.334952,-0.000000,0.942235,0.000000,0.237500,0.000000,-0.000000,1.000000;;
      }

      Frame Bip01_L_Foot {
       

       FrameTransformMatrix {
        0.924325,-0.026487,0.380687,0.000000,-0.068962,0.969570,0.234901,0.000000,-0.375325,-0.243378,0.894371,0.000000,0.206841,0.000000,0.000000,1.000000;;
       }

       Frame Bip01_L_Toe0 {
        

        FrameTransformMatrix {
         0.000000,0.000000,1.000000,0.000000,0.000000,1.000000,-0.000000,0.000000,-1.000000,0.000000,0.000000,0.000000,0.065373,0.000000,0.066450,1.000000;;
        }
       }
      }
     }
    }

    Frame Bip01_R_Thigh {
     

     FrameTransformMatrix {
      -0.996965,0.030321,-0.071704,0.000000,-0.029454,-0.999480,-0.013113,0.000000,-0.072065,-0.010961,0.997340,0.000000,-0.050843,-0.055225,-0.008917,1.000000;;
     }

     Frame Bip01_R_Calf {
      

      FrameTransformMatrix {
       0.730239,0.000000,-0.683192,0.000000,0.000000,1.000000,0.000000,0.000000,0.683192,0.000000,0.730239,0.000000,0.237500,0.000000,0.000000,1.000000;;
      }

      Frame Bip01_R_Foot {
       

       FrameTransformMatrix {
        0.991957,0.087165,-0.091782,0.000000,-0.093276,0.993546,-0.064539,0.000000,0.085565,0.072581,0.993685,0.000000,0.206841,0.000000,0.000000,1.000000;;
       }

       Frame Bip01_R_Toe0 {
        

        FrameTransformMatrix {
         0.000000,0.000000,1.000000,0.000000,0.000000,1.000000,-0.000000,0.000000,-1.000000,0.000000,0.000000,0.000000,0.065373,0.000000,0.066450,1.000000;;
        }
       }
      }
     }
    }
   }

   Frame Bip01_DressFront {
    

    FrameTransformMatrix {
     -0.880185,-0.088339,0.466338,0.000000,0.121847,0.907542,0.401896,0.000000,-0.458725,0.410564,-0.788041,0.000000,-0.043935,0.001339,0.061057,1.000000;;
    }

    Frame Bip01_DressFront02 {
     

     FrameTransformMatrix {
      0.912593,0.000001,0.408870,0.000000,-0.000001,1.000000,-0.000000,0.000000,-0.408870,-0.000000,0.912593,0.000000,0.183378,-0.000000,-0.000120,1.000000;;
     }
    }
   }

   Frame Bip01_DressBack {
    

    FrameTransformMatrix {
     -0.886023,0.038029,0.462080,0.000000,0.191625,0.937561,0.290274,0.000000,-0.422190,0.345735,-0.837988,0.000000,-0.047673,-0.000048,-0.078302,1.000000;;
    }

    Frame Bip01_DressBack02 {
     

     FrameTransformMatrix {
      0.936852,0.174932,-0.302833,0.000000,-0.166408,0.984581,0.053939,0.000000,0.307600,-0.000139,0.951516,0.000000,0.176125,0.000000,-0.000103,1.000000;;
     }
    }
   }
  }

  Frame Bip01_Prop1 {
   

   FrameTransformMatrix {
    -0.233929,-0.108090,0.966227,0.000000,0.687222,0.684611,0.242967,0.000000,-0.687752,0.720849,-0.085868,0.000000,0.076452,-0.048658,-0.145664,1.000000;;
   }
  }

  Frame Bip01_Prop2 {
   

   FrameTransformMatrix {
    -0.163643,-0.967062,0.194966,0.000000,0.985576,-0.168906,-0.010564,0.000000,0.043147,0.190425,0.980753,0.000000,-0.138405,-0.102098,0.114818,1.000000;;
   }
  }
 }
}

Frame Translation_Data {
 

 FrameTransformMatrix {
  -0.000000,0.000000,-1.000000,0.000000,-1.000000,-0.000000,0.000000,0.000000,-0.000000,1.000000,0.000000,0.000000,0.000000,-0.000000,0.000000,1.000000;;
 }
}

Frame Bob_Hair_Cornrows {
 

 FrameTransformMatrix {
  1.000000,0.000000,0.000000,0.000000,0.000000,1.000000,0.000000,0.000000,0.000000,0.000000,1.000000,0.000000,0.000000,0.000000,0.000000,1.000000;;
 }

 Mesh Bob_Hair_Cornrows {
  288;
  -0.010551;0.837131;0.094182;,
  -0.008660;0.831910;0.088603;,
  -0.004992;0.834440;0.092679;,
  -0.014727;0.832025;0.089473;,
  -0.008819;0.968015;-0.012852;,
  -0.001043;0.969303;-0.003487;,
  -0.000568;0.962654;-0.013434;,
  -0.009865;0.974011;-0.003839;,
  -0.014079;0.959444;-0.011487;,
  -0.015433;0.965039;-0.000843;,
  -0.002088;0.979757;0.025859;,
  -0.011007;0.984322;0.025187;,
  -0.017641;0.976152;0.025670;,
  -0.002556;0.977699;0.062585;,
  -0.010869;0.982750;0.063207;,
  -0.017976;0.975437;0.061266;,
  -0.001559;0.954502;0.090064;,
  -0.010315;0.957117;0.092410;,
  -0.016122;0.953932;0.085464;,
  -0.000767;0.906047;0.099086;,
  -0.009468;0.906519;0.103477;,
  -0.015599;0.905777;0.095404;,
  -0.000747;0.868518;0.084494;,
  -0.009965;0.867687;0.088002;,
  -0.006696;0.870255;0.080084;,
  -0.006378;0.906777;0.093960;,
  -0.013320;0.865448;0.078513;,
  -0.003052;0.844594;0.085956;,
  -0.009857;0.845667;0.089011;,
  -0.007421;0.843387;0.081348;,
  -0.013915;0.843010;0.082318;,
  -0.007414;0.959359;-0.014199;,
  -0.006226;0.957736;-0.010388;,
  -0.043065;0.839414;0.076483;,
  -0.038940;0.832782;0.074510;,
  -0.038505;0.836969;0.078551;,
  -0.043681;0.832694;0.071663;,
  -0.040069;0.953983;-0.003090;,
  -0.033420;0.959347;0.006802;,
  -0.030631;0.954553;-0.004294;,
  -0.042549;0.958380;0.006392;,
  -0.042035;0.946275;-0.000877;,
  -0.045066;0.950483;0.009737;,
  -0.038791;0.965696;0.024641;,
  -0.045573;0.962487;0.025296;,
  -0.047378;0.953910;0.026235;,
  -0.039658;0.963549;0.057428;,
  -0.046648;0.960770;0.061230;,
  -0.048084;0.952296;0.060917;,
  -0.038679;0.953169;0.073431;,
  -0.046964;0.954601;0.069428;,
  -0.046443;0.929140;0.078842;,
  -0.037713;0.928783;0.082701;,
  -0.045719;0.927439;0.070543;,
  -0.046226;0.903973;0.084090;,
  -0.030847;0.861009;0.070047;,
  -0.039468;0.905910;0.087607;,
  -0.035383;0.858081;0.067085;,
  -0.029426;0.858795;0.062096;,
  -0.040388;0.903825;0.079068;,
  -0.034877;0.856823;0.059063;,
  -0.045976;0.902089;0.074254;,
  -0.030748;0.844218;0.071253;,
  -0.037318;0.845022;0.069754;,
  -0.030674;0.841278;0.066142;,
  -0.036083;0.840764;0.063432;,
  -0.036083;0.840764;0.063432;,
  -0.035368;0.949525;-0.004514;,
  -0.033062;0.948602;-0.000810;,
  -0.026286;0.833490;0.088054;,
  -0.022971;0.827493;0.083943;,
  -0.020330;0.830991;0.087892;,
  -0.029145;0.827309;0.083881;,
  -0.025278;0.965207;-0.008857;,
  -0.017542;0.964969;0.000873;,
  -0.016611;0.959603;-0.009865;,
  -0.027129;0.970393;-0.000079;,
  -0.029779;0.955385;-0.006125;,
  -0.031551;0.960016;0.002759;,
  -0.020538;0.974889;0.025863;,
  -0.030000;0.977112;0.024890;,
  -0.034975;0.967273;0.025169;,
  -0.022298;0.974302;0.057773;,
  -0.031233;0.978456;0.056379;,
  -0.035858;0.968956;0.054449;,
  -0.020103;0.954112;0.084336;,
  -0.028990;0.956999;0.087594;,
  -0.033538;0.953401;0.080078;,
  -0.019506;0.906059;0.093920;,
  -0.028355;0.906431;0.098645;,
  -0.034313;0.905986;0.089677;,
  -0.015618;0.864599;0.077286;,
  -0.023207;0.861715;0.079094;,
  -0.020987;0.863384;0.071572;,
  -0.025134;0.906773;0.089147;,
  -0.028697;0.861698;0.071829;,
  -0.017790;0.839801;0.079621;,
  -0.024097;0.840787;0.081505;,
  -0.021069;0.837560;0.074808;,
  -0.027618;0.836919;0.074893;,
  -0.022591;0.955832;-0.010058;,
  -0.021114;0.955325;-0.006313;,
  -0.049625;0.851005;0.063369;,
  -0.044485;0.847328;0.062923;,
  -0.045786;0.849930;0.066586;,
  -0.047834;0.846329;0.059492;,
  -0.054645;0.939225;0.013552;,
  -0.051652;0.947909;0.027247;,
  -0.047660;0.944173;0.010764;,
  -0.058312;0.941275;0.028970;,
  -0.048529;0.929467;0.016009;,
  -0.052823;0.932554;0.028380;,
  -0.049776;0.946326;0.049783;,
  -0.056723;0.939979;0.046445;,
  -0.051255;0.931936;0.043907;,
  -0.048818;0.930735;0.063587;,
  -0.055808;0.927033;0.058878;,
  -0.050748;0.921946;0.052387;,
  -0.049680;0.899523;0.067805;,
  -0.055228;0.899326;0.060814;,
  -0.052377;0.897561;0.054430;,
  -0.044591;0.881582;0.063083;,
  -0.051089;0.879895;0.059163;,
  -0.044823;0.883030;0.055263;,
  -0.047688;0.898480;0.062995;,
  -0.046805;0.879990;0.052057;,
  -0.041543;0.858059;0.063153;,
  -0.046226;0.857714;0.060744;,
  -0.040360;0.856439;0.058630;,
  -0.043913;0.855017;0.055082;,
  -0.047365;0.937827;0.011720;,
  -0.058017;0.919467;0.025298;,
  -0.052605;0.925592;0.036021;,
  -0.052588;0.923681;0.022924;,
  -0.058277;0.919942;0.036550;,
  -0.052809;0.911156;0.027390;,
  -0.053603;0.912515;0.036986;,
  -0.050564;0.920201;0.050662;,
  -0.055521;0.915673;0.048280;,
  -0.051619;0.909933;0.046469;,
  -0.050774;0.905094;0.061738;,
  -0.053800;0.903491;0.059700;,
  -0.051609;0.901289;0.056890;,
  -0.051105;0.918276;0.023738;,
  0.010551;0.837131;0.094182;,
  0.008660;0.831910;0.088603;,
  0.014727;0.832025;0.089473;,
  0.004992;0.834440;0.092679;,
  0.008819;0.968015;-0.012852;,
  0.001223;0.969303;-0.003487;,
  0.009865;0.974011;-0.003839;,
  0.000568;0.962654;-0.013434;,
  0.014079;0.959444;-0.011487;,
  0.015433;0.965039;-0.000843;,
  0.002288;0.979757;0.025859;,
  0.011207;0.984322;0.025187;,
  0.017842;0.976152;0.025670;,
  0.002374;0.977699;0.062585;,
  0.010687;0.982750;0.063207;,
  0.017793;0.975437;0.061266;,
  0.001559;0.954502;0.090064;,
  0.010315;0.957117;0.092410;,
  0.016122;0.953932;0.085464;,
  0.000767;0.906047;0.099086;,
  0.009468;0.906519;0.103477;,
  0.015599;0.905777;0.095404;,
  0.000747;0.868518;0.084494;,
  0.009965;0.867687;0.088002;,
  0.006696;0.870255;0.080084;,
  0.006378;0.906777;0.093960;,
  0.013320;0.865448;0.078513;,
  0.003052;0.844594;0.085956;,
  0.009857;0.845667;0.089011;,
  0.007421;0.843387;0.081348;,
  0.013915;0.843010;0.082318;,
  0.007414;0.959359;-0.014199;,
  0.006226;0.957736;-0.010388;,
  0.043065;0.839414;0.076483;,
  0.038940;0.832782;0.074510;,
  0.043681;0.832694;0.071663;,
  0.038505;0.836969;0.078551;,
  0.040069;0.953983;-0.003090;,
  0.033420;0.959347;0.006802;,
  0.042549;0.958380;0.006392;,
  0.030631;0.954553;-0.004294;,
  0.042035;0.946275;-0.000877;,
  0.045066;0.950483;0.009737;,
  0.038791;0.965696;0.024641;,
  0.045573;0.962487;0.025296;,
  0.047378;0.953910;0.026235;,
  0.039658;0.963549;0.057428;,
  0.046489;0.960770;0.061230;,
  0.048084;0.952296;0.060917;,
  0.038679;0.953169;0.073431;,
  0.046964;0.954601;0.069428;,
  0.046443;0.929140;0.078842;,
  0.037713;0.928783;0.082701;,
  0.045719;0.927439;0.070543;,
  0.046226;0.903973;0.084090;,
  0.030847;0.861009;0.070047;,
  0.035383;0.858081;0.067085;,
  0.039468;0.905910;0.087607;,
  0.029426;0.858795;0.062096;,
  0.040388;0.903825;0.079068;,
  0.034877;0.856823;0.059063;,
  0.045976;0.902089;0.074254;,
  0.030748;0.844218;0.071253;,
  0.037318;0.845022;0.069754;,
  0.030674;0.841278;0.066142;,
  0.036083;0.840764;0.063432;,
  0.036083;0.840764;0.063432;,
  0.035368;0.949525;-0.004514;,
  0.033062;0.948602;-0.000810;,
  0.026286;0.833490;0.088054;,
  0.022971;0.827493;0.083943;,
  0.029145;0.827309;0.083881;,
  0.020330;0.830991;0.087892;,
  0.025278;0.965207;-0.008857;,
  0.017542;0.964969;0.000873;,
  0.027129;0.970393;-0.000079;,
  0.016611;0.959603;-0.009865;,
  0.029779;0.955385;-0.006125;,
  0.031551;0.960016;0.002759;,
  0.020538;0.974889;0.025863;,
  0.030000;0.977112;0.024890;,
  0.034975;0.967273;0.025169;,
  0.022298;0.974302;0.057773;,
  0.031233;0.978456;0.056379;,
  0.035858;0.968956;0.054449;,
  0.020103;0.954112;0.084336;,
  0.028990;0.956999;0.087594;,
  0.033538;0.953401;0.080078;,
  0.019506;0.906059;0.093920;,
  0.028355;0.906431;0.098645;,
  0.034313;0.905986;0.089677;,
  0.015618;0.864599;0.077286;,
  0.023207;0.861715;0.079094;,
  0.020987;0.863384;0.071572;,
  0.025134;0.906773;0.089147;,
  0.028697;0.861698;0.071829;,
  0.017790;0.839801;0.079621;,
  0.024097;0.840787;0.081505;,
  0.021069;0.837560;0.074808;,
  0.027618;0.836919;0.074893;,
  0.022591;0.955832;-0.010058;,
  0.021114;0.955325;-0.006313;,
  0.049625;0.851005;0.063369;,
  0.044485;0.847328;0.062923;,
  0.047834;0.846329;0.059492;,
  0.045786;0.849930;0.066586;,
  0.054645;0.939225;0.013552;,
  0.051652;0.947909;0.027247;,
  0.058312;0.941275;0.028970;,
  0.047660;0.944173;0.010764;,
  0.048529;0.929467;0.016009;,
  0.052823;0.932554;0.028380;,
  0.049776;0.946326;0.049783;,
  0.056723;0.939979;0.046445;,
  0.051255;0.931936;0.043907;,
  0.048818;0.930735;0.063587;,
  0.055808;0.927033;0.058878;,
  0.050748;0.921946;0.052387;,
  0.049680;0.899523;0.067805;,
  0.055228;0.899326;0.060814;,
  0.052377;0.897561;0.054430;,
  0.044591;0.881582;0.063083;,
  0.051089;0.879895;0.059163;,
  0.044823;0.883030;0.055263;,
  0.047688;0.898480;0.062995;,
  0.046805;0.879990;0.052057;,
  0.041543;0.858059;0.063153;,
  0.046226;0.857714;0.060744;,
  0.040360;0.856439;0.058630;,
  0.043913;0.855017;0.055082;,
  0.047365;0.937827;0.011720;,
  0.058017;0.919467;0.025298;,
  0.052605;0.925592;0.036021;,
  0.058277;0.919942;0.036550;,
  0.052588;0.923681;0.022924;,
  0.052809;0.911156;0.027390;,
  0.053603;0.912515;0.036986;,
  0.050564;0.920201;0.050662;,
  0.055521;0.915673;0.048280;,
  0.051619;0.909933;0.046469;,
  0.050774;0.905094;0.061738;,
  0.053800;0.903491;0.059700;,
  0.051609;0.901289;0.056890;,
  0.051105;0.918276;0.023738;;
  422;
  3;0,1,2;,
  3;1,0,3;,
  3;4,5,6;,
  3;5,4,7;,
  3;8,7,4;,
  3;7,8,9;,
  3;7,10,5;,
  3;10,7,11;,
  3;9,11,7;,
  3;11,9,12;,
  3;11,13,10;,
  3;13,11,14;,
  3;12,14,11;,
  3;14,12,15;,
  3;14,16,13;,
  3;16,14,17;,
  3;15,17,14;,
  3;17,15,18;,
  3;17,19,16;,
  3;19,17,20;,
  3;18,20,17;,
  3;20,18,21;,
  3;20,22,19;,
  3;22,20,23;,
  3;19,24,25;,
  3;24,19,22;,
  3;25,26,21;,
  3;26,25,24;,
  3;21,23,20;,
  3;23,21,26;,
  3;23,27,22;,
  3;27,23,28;,
  3;22,29,24;,
  3;29,22,27;,
  3;24,30,26;,
  3;30,24,29;,
  3;26,28,23;,
  3;28,26,30;,
  3;28,2,27;,
  3;2,28,0;,
  3;27,1,29;,
  3;1,27,2;,
  3;29,3,30;,
  3;3,29,1;,
  3;30,0,28;,
  3;0,30,3;,
  3;4,31,8;,
  3;8,31,32;,
  3;32,31,6;,
  3;6,31,4;,
  3;33,34,35;,
  3;34,33,36;,
  3;37,38,39;,
  3;38,37,40;,
  3;41,40,37;,
  3;40,41,42;,
  3;40,43,38;,
  3;43,40,44;,
  3;42,44,40;,
  3;44,42,45;,
  3;44,46,43;,
  3;46,44,47;,
  3;45,47,44;,
  3;47,45,48;,
  3;47,49,46;,
  3;49,47,50;,
  3;48,50,47;,
  3;49,51,52;,
  3;51,49,50;,
  3;50,53,51;,
  3;53,50,48;,
  3;54,55,56;,
  3;55,54,57;,
  3;56,58,59;,
  3;58,56,55;,
  3;59,60,61;,
  3;60,59,58;,
  3;61,57,54;,
  3;57,61,60;,
  3;57,62,55;,
  3;62,57,63;,
  3;55,64,58;,
  3;64,55,62;,
  3;58,65,60;,
  3;65,58,64;,
  3;60,63,57;,
  3;63,60,66;,
  3;63,35,62;,
  3;35,63,33;,
  3;62,34,64;,
  3;34,62,35;,
  3;64,36,65;,
  3;36,64,34;,
  3;66,33,63;,
  3;33,66,36;,
  3;37,67,41;,
  3;41,67,68;,
  3;68,67,39;,
  3;39,67,37;,
  3;51,56,52;,
  3;56,51,54;,
  3;51,61,54;,
  3;61,51,53;,
  3;69,70,71;,
  3;70,69,72;,
  3;73,74,75;,
  3;74,73,76;,
  3;77,76,73;,
  3;76,77,78;,
  3;76,79,74;,
  3;79,76,80;,
  3;78,80,76;,
  3;80,78,81;,
  3;80,82,79;,
  3;82,80,83;,
  3;83,81,84;,
  3;81,83,80;,
  3;83,85,82;,
  3;85,83,86;,
  3;84,86,83;,
  3;86,84,87;,
  3;86,88,85;,
  3;88,86,89;,
  3;87,89,86;,
  3;89,87,90;,
  3;89,91,88;,
  3;91,89,92;,
  3;88,93,94;,
  3;93,88,91;,
  3;94,95,90;,
  3;95,94,93;,
  3;90,92,89;,
  3;92,90,95;,
  3;92,96,91;,
  3;96,92,97;,
  3;91,98,93;,
  3;98,91,96;,
  3;93,99,95;,
  3;99,93,98;,
  3;95,97,92;,
  3;97,95,99;,
  3;97,71,96;,
  3;71,97,69;,
  3;96,70,98;,
  3;70,96,71;,
  3;98,72,99;,
  3;72,98,70;,
  3;99,69,97;,
  3;69,99,72;,
  3;73,100,77;,
  3;77,100,101;,
  3;101,100,75;,
  3;75,100,73;,
  3;102,103,104;,
  3;103,102,105;,
  3;106,107,108;,
  3;107,106,109;,
  3;110,109,106;,
  3;109,110,111;,
  3;109,112,107;,
  3;112,109,113;,
  3;111,113,109;,
  3;113,111,114;,
  3;113,115,112;,
  3;115,113,116;,
  3;114,116,113;,
  3;116,114,117;,
  3;116,118,115;,
  3;118,116,119;,
  3;117,119,116;,
  3;119,117,120;,
  3;119,121,118;,
  3;121,119,122;,
  3;118,123,124;,
  3;123,118,121;,
  3;124,125,120;,
  3;125,124,123;,
  3;120,122,119;,
  3;122,120,125;,
  3;122,126,121;,
  3;126,122,127;,
  3;121,128,123;,
  3;128,121,126;,
  3;123,129,125;,
  3;129,123,128;,
  3;125,127,122;,
  3;127,125,129;,
  3;127,104,126;,
  3;104,127,102;,
  3;126,103,128;,
  3;103,126,104;,
  3;128,105,129;,
  3;105,128,103;,
  3;129,102,127;,
  3;102,129,105;,
  3;106,130,110;,
  3;108,130,106;,
  3;131,132,133;,
  3;132,131,134;,
  3;135,134,131;,
  3;134,135,136;,
  3;134,137,132;,
  3;137,134,138;,
  3;136,138,134;,
  3;138,136,139;,
  3;138,140,137;,
  3;140,138,141;,
  3;139,141,138;,
  3;141,139,142;,
  3;131,143,135;,
  3;133,143,131;,
  3;144,145,146;,
  3;145,144,147;,
  3;148,149,150;,
  3;149,148,151;,
  3;152,150,153;,
  3;150,152,148;,
  3;150,154,155;,
  3;154,150,149;,
  3;153,155,156;,
  3;155,153,150;,
  3;155,157,158;,
  3;157,155,154;,
  3;156,158,159;,
  3;158,156,155;,
  3;158,160,161;,
  3;160,158,157;,
  3;159,161,162;,
  3;161,159,158;,
  3;161,163,164;,
  3;163,161,160;,
  3;162,164,165;,
  3;164,162,161;,
  3;164,166,167;,
  3;166,164,163;,
  3;163,168,166;,
  3;168,163,169;,
  3;169,170,168;,
  3;170,169,165;,
  3;165,167,170;,
  3;167,165,164;,
  3;167,171,172;,
  3;171,167,166;,
  3;166,173,171;,
  3;173,166,168;,
  3;168,174,173;,
  3;174,168,170;,
  3;170,172,174;,
  3;172,170,167;,
  3;172,147,144;,
  3;147,172,171;,
  3;171,145,147;,
  3;145,171,173;,
  3;173,146,145;,
  3;146,173,174;,
  3;174,144,146;,
  3;144,174,172;,
  3;148,152,175;,
  3;152,176,175;,
  3;176,151,175;,
  3;151,148,175;,
  3;177,178,179;,
  3;178,177,180;,
  3;181,182,183;,
  3;182,181,184;,
  3;185,183,186;,
  3;183,185,181;,
  3;183,187,188;,
  3;187,183,182;,
  3;186,188,189;,
  3;188,186,183;,
  3;188,190,191;,
  3;190,188,187;,
  3;189,191,192;,
  3;191,189,188;,
  3;191,193,194;,
  3;193,191,190;,
  3;192,191,194;,
  3;193,195,194;,
  3;195,193,196;,
  3;194,197,192;,
  3;197,194,195;,
  3;198,199,200;,
  3;199,198,201;,
  3;201,202,199;,
  3;202,201,203;,
  3;203,204,202;,
  3;204,203,205;,
  3;205,200,204;,
  3;200,205,198;,
  3;200,206,207;,
  3;206,200,199;,
  3;199,208,206;,
  3;208,199,202;,
  3;202,209,208;,
  3;209,202,204;,
  3;204,207,210;,
  3;207,204,200;,
  3;207,180,177;,
  3;180,207,206;,
  3;206,178,180;,
  3;178,206,208;,
  3;208,179,178;,
  3;179,208,209;,
  3;210,177,179;,
  3;177,210,207;,
  3;181,185,211;,
  3;185,212,211;,
  3;212,184,211;,
  3;184,181,211;,
  3;195,201,198;,
  3;201,195,196;,
  3;195,205,197;,
  3;205,195,198;,
  3;213,214,215;,
  3;214,213,216;,
  3;217,218,219;,
  3;218,217,220;,
  3;221,219,222;,
  3;219,221,217;,
  3;219,223,224;,
  3;223,219,218;,
  3;222,224,225;,
  3;224,222,219;,
  3;224,226,227;,
  3;226,224,223;,
  3;227,225,224;,
  3;225,227,228;,
  3;227,229,230;,
  3;229,227,226;,
  3;228,230,231;,
  3;230,228,227;,
  3;230,232,233;,
  3;232,230,229;,
  3;231,233,234;,
  3;233,231,230;,
  3;233,235,236;,
  3;235,233,232;,
  3;232,237,235;,
  3;237,232,238;,
  3;238,239,237;,
  3;239,238,234;,
  3;234,236,239;,
  3;236,234,233;,
  3;236,240,241;,
  3;240,236,235;,
  3;235,242,240;,
  3;242,235,237;,
  3;237,243,242;,
  3;243,237,239;,
  3;239,241,243;,
  3;241,239,236;,
  3;241,216,213;,
  3;216,241,240;,
  3;240,214,216;,
  3;214,240,242;,
  3;242,215,214;,
  3;215,242,243;,
  3;243,213,215;,
  3;213,243,241;,
  3;217,221,244;,
  3;221,245,244;,
  3;245,220,244;,
  3;220,217,244;,
  3;246,247,248;,
  3;247,246,249;,
  3;250,251,252;,
  3;251,250,253;,
  3;254,252,255;,
  3;252,254,250;,
  3;252,256,257;,
  3;256,252,251;,
  3;255,257,258;,
  3;257,255,252;,
  3;257,259,260;,
  3;259,257,256;,
  3;258,260,261;,
  3;260,258,257;,
  3;260,262,263;,
  3;262,260,259;,
  3;261,263,264;,
  3;263,261,260;,
  3;263,265,266;,
  3;265,263,262;,
  3;262,267,265;,
  3;267,262,268;,
  3;268,269,267;,
  3;269,268,264;,
  3;264,266,269;,
  3;266,264,263;,
  3;266,270,271;,
  3;270,266,265;,
  3;265,272,270;,
  3;272,265,267;,
  3;267,273,272;,
  3;273,267,269;,
  3;269,271,273;,
  3;271,269,266;,
  3;271,249,246;,
  3;249,271,270;,
  3;270,247,249;,
  3;247,270,272;,
  3;272,248,247;,
  3;248,272,273;,
  3;273,246,248;,
  3;246,273,271;,
  3;250,254,274;,
  3;253,250,274;,
  3;275,276,277;,
  3;276,275,278;,
  3;279,277,280;,
  3;277,279,275;,
  3;277,281,282;,
  3;281,277,276;,
  3;280,282,283;,
  3;282,280,277;,
  3;282,284,285;,
  3;284,282,281;,
  3;283,285,286;,
  3;285,283,282;,
  3;275,279,287;,
  3;278,275,287;;

  MeshNormals {
   288;
   -0.277675;0.050735;0.959334;,
   0.262285;-0.938005;-0.226611;,
   0.694943;-0.455405;0.556471;,
   -0.725369;-0.685111;0.066803;,
   -0.212616;0.608281;-0.764715;,
   0.452152;0.801273;-0.391817;,
   0.382185;0.294123;-0.876029;,
   -0.270757;0.860981;-0.430584;,
   -0.700209;0.064443;-0.711023;,
   -0.846013;0.455288;-0.277442;,
   0.460157;0.880080;-0.117112;,
   -0.201648;0.967206;-0.154434;,
   -0.767381;0.623178;-0.150913;,
   0.502430;0.797795;0.333297;,
   -0.130107;0.931068;0.340859;,
   -0.732608;0.628478;0.261343;,
   0.359529;0.441128;0.822281;,
   -0.238126;0.485328;0.841280;,
   -0.795879;0.291392;0.530723;,
   0.775773;0.031274;0.630237;,
   -0.198888;-0.061880;0.978067;,
   -0.971834;0.102793;0.212068;,
   0.998476;-0.051540;0.019712;,
   -0.424855;-0.197728;0.883404;,
   0.337123;0.182577;-0.923588;,
   0.308253;0.345159;-0.886479;,
   -0.672449;-0.062280;-0.737518;,
   0.992119;-0.077710;0.098289;,
   -0.336758;0.305602;0.890619;,
   0.317405;-0.303994;-0.898244;,
   -0.837199;-0.138393;-0.529098;,
   -0.023100;-0.506255;-0.862075;,
   0.157425;-0.889860;-0.428213;,
   -0.759999;0.374651;0.531073;,
   0.226379;-0.922069;0.313912;,
   0.165561;-0.148961;0.974885;,
   -0.705097;-0.675082;-0.217032;,
   -0.533382;0.438497;-0.723342;,
   -0.086724;0.914150;-0.395991;,
   0.086375;0.485841;-0.869769;,
   -0.630680;0.669531;-0.392392;,
   -0.751613;-0.153683;-0.641452;,
   -0.948604;0.187216;-0.255148;,
   -0.386671;0.911708;-0.138833;,
   -0.771958;0.626119;-0.109799;,
   -0.976771;0.192393;-0.094360;,
   -0.264854;0.940439;0.213137;,
   -0.654206;0.700286;0.285683;,
   -0.992943;0.096391;0.069095;,
   -0.286853;0.518862;0.805293;,
   -0.713879;0.442826;0.542478;,
   -0.841606;0.156499;0.516922;,
   -0.380688;0.265309;0.885826;,
   -0.997852;-0.025594;-0.060301;,
   -0.807706;-0.151293;0.569843;,
   0.570139;-0.121848;0.812462;,
   -0.130592;0.028224;0.991034;,
   -0.885250;-0.091002;0.456126;,
   0.852237;0.113635;-0.510666;,
   0.832723;0.352455;-0.427022;,
   -0.355888;-0.014860;-0.934410;,
   -0.878445;0.064114;-0.473523;,
   0.736616;0.065714;0.673112;,
   -0.781470;0.519482;0.345606;,
   0.806721;-0.476083;-0.350065;,
   -0.291157;-0.391819;-0.872758;,
   -0.291157;-0.391819;-0.872758;,
   0.116727;-0.468199;-0.875879;,
   0.454352;-0.756012;-0.471179;,
   -0.449449;0.209852;0.868307;,
   0.345554;-0.938398;0.001462;,
   0.612640;-0.288209;0.735940;,
   -0.688327;-0.720285;0.085997;,
   -0.249674;0.608467;-0.753280;,
   0.487549;0.811357;-0.322485;,
   0.402616;0.302298;-0.864012;,
   -0.321716;0.847080;-0.423031;,
   -0.773062;-0.031341;-0.633556;,
   -0.904149;0.326120;-0.275971;,
   0.270116;0.956871;-0.106938;,
   -0.405720;0.899663;-0.161242;,
   -0.881593;0.440502;-0.169563;,
   0.336312;0.878968;0.338098;,
   -0.329993;0.912490;0.241799;,
   -0.900021;0.414055;0.136093;,
   0.424239;0.487250;0.763288;,
   -0.257195;0.533626;0.805664;,
   -0.873653;0.268214;0.405944;,
   0.787027;0.082991;0.611311;,
   -0.235282;-0.081770;0.968481;,
   -0.983924;0.051827;0.170903;,
   0.993839;0.002774;0.110795;,
   -0.317082;-0.138141;0.938284;,
   0.346476;0.136281;-0.928107;,
   0.301106;0.380731;-0.874287;,
   -0.839878;0.005377;-0.542749;,
   0.973993;-0.027949;0.224848;,
   -0.407143;0.401986;0.820148;,
   0.468492;-0.396130;-0.789681;,
   -0.731060;-0.266293;-0.628203;,
   -0.007921;-0.613288;-0.789820;,
   0.268531;-0.934802;-0.232455;,
   -0.950842;-0.004462;0.309645;,
   0.456413;-0.852200;0.255818;,
   -0.005085;-0.281744;0.959476;,
   -0.372710;-0.835189;-0.404410;,
   -0.799701;0.002528;-0.600393;,
   -0.701572;0.704552;-0.106786;,
   -0.566191;0.390237;-0.726046;,
   -0.989060;0.134426;-0.060741;,
   -0.723419;-0.546793;-0.421524;,
   -0.842695;-0.533721;-0.070768;,
   -0.715898;0.597054;0.361962;,
   -0.966040;0.187326;0.177977;,
   -0.845800;-0.499572;-0.187218;,
   -0.649098;0.332467;0.684205;,
   -0.959467;0.086300;0.268281;,
   -0.851378;-0.188905;-0.489357;,
   -0.490099;-0.155818;0.857627;,
   -0.979507;-0.123061;0.159444;,
   -0.638679;0.073626;-0.765943;,
   0.520983;0.079000;0.849903;,
   -0.946285;-0.226757;0.230493;,
   0.847153;0.308392;-0.432697;,
   0.989337;0.115753;0.088391;,
   -0.001899;-0.034720;-0.999395;,
   0.543097;0.106566;0.832880;,
   -0.940223;0.195744;0.278686;,
   0.955054;-0.179797;-0.235678;,
   -0.030207;-0.274800;-0.961027;,
   -0.285221;-0.287316;-0.914384;,
   -0.855117;0.037687;-0.517064;,
   -0.681362;0.721047;0.125845;,
   -0.615164;0.414789;-0.670465;,
   -0.978567;0.168085;0.118971;,
   -0.759530;-0.560266;-0.330478;,
   -0.842609;-0.538473;0.007582;,
   -0.694537;0.540332;0.475037;,
   -0.959938;0.078034;0.269128;,
   -0.840891;-0.506122;-0.191684;,
   -0.658409;0.461217;0.594791;,
   -0.978427;0.059670;0.197790;,
   -0.846837;-0.409753;-0.339070;,
   -0.259728;-0.309265;-0.914820;,
   0.277675;0.050735;0.959335;,
   -0.262285;-0.938005;-0.226611;,
   0.725369;-0.685111;0.066803;,
   -0.694943;-0.455405;0.556471;,
   0.210872;0.609705;-0.764063;,
   -0.458169;0.799266;-0.388916;,
   0.265811;0.861687;-0.432251;,
   -0.383386;0.293055;-0.875862;,
   0.700209;0.064443;-0.711023;,
   0.845688;0.454405;-0.279871;,
   -0.460869;0.879644;-0.117589;,
   0.204632;0.966619;-0.154188;,
   0.767540;0.623180;-0.150096;,
   -0.502530;0.797961;0.332749;,
   0.127386;0.931296;0.341263;,
   0.732343;0.628091;0.263013;,
   -0.359445;0.440841;0.822471;,
   0.238952;0.485575;0.840904;,
   0.795798;0.293451;0.529709;,
   -0.775773;0.031274;0.630237;,
   0.198887;-0.061880;0.978067;,
   0.971834;0.102793;0.212068;,
   -0.998476;-0.051540;0.019712;,
   0.424855;-0.197728;0.883404;,
   -0.337123;0.182577;-0.923588;,
   -0.308253;0.345159;-0.886479;,
   0.672449;-0.062280;-0.737518;,
   -0.992119;-0.077710;0.098289;,
   0.336758;0.305602;0.890619;,
   -0.317405;-0.303994;-0.898244;,
   0.837199;-0.138393;-0.529098;,
   0.023100;-0.506255;-0.862075;,
   -0.157425;-0.889860;-0.428213;,
   0.759999;0.374651;0.531073;,
   -0.226379;-0.922069;0.313912;,
   0.705097;-0.675082;-0.217032;,
   -0.165561;-0.148961;0.974885;,
   0.533382;0.438497;-0.723342;,
   0.086724;0.914150;-0.395991;,
   0.630680;0.669531;-0.392392;,
   -0.086375;0.485841;-0.869769;,
   0.751613;-0.153683;-0.641452;,
   0.948604;0.187216;-0.255148;,
   0.386671;0.911708;-0.138833;,
   0.772438;0.625722;-0.108683;,
   0.976658;0.193915;-0.092388;,
   0.270211;0.939117;0.212237;,
   0.648014;0.706046;0.285617;,
   0.991790;0.108342;0.067928;,
   0.287096;0.519043;0.805090;,
   0.714319;0.445362;0.539816;,
   0.841606;0.156499;0.516922;,
   0.380688;0.265309;0.885826;,
   0.997852;-0.025594;-0.060301;,
   0.807706;-0.151293;0.569843;,
   -0.570139;-0.121848;0.812462;,
   0.885250;-0.091002;0.456126;,
   0.130592;0.028224;0.991034;,
   -0.852237;0.113635;-0.510666;,
   -0.832723;0.352455;-0.427022;,
   0.355888;-0.014861;-0.934410;,
   0.878445;0.064114;-0.473523;,
   -0.736615;0.065714;0.673112;,
   0.781470;0.519482;0.345606;,
   -0.806721;-0.476083;-0.350065;,
   0.291157;-0.391819;-0.872758;,
   0.291157;-0.391819;-0.872758;,
   -0.116727;-0.468199;-0.875879;,
   -0.454352;-0.756012;-0.471179;,
   0.449449;0.209852;0.868307;,
   -0.345554;-0.938398;0.001462;,
   0.688327;-0.720285;0.085996;,
   -0.612640;-0.288209;0.735940;,
   0.249674;0.608467;-0.753280;,
   -0.487549;0.811357;-0.322485;,
   0.321716;0.847080;-0.423031;,
   -0.402616;0.302298;-0.864012;,
   0.773062;-0.031341;-0.633556;,
   0.904149;0.326120;-0.275971;,
   -0.270116;0.956871;-0.106938;,
   0.405720;0.899663;-0.161242;,
   0.881593;0.440502;-0.169563;,
   -0.336312;0.878968;0.338098;,
   0.329993;0.912490;0.241799;,
   0.900021;0.414055;0.136093;,
   -0.424238;0.487250;0.763288;,
   0.257195;0.533626;0.805664;,
   0.873653;0.268214;0.405944;,
   -0.787027;0.082991;0.611311;,
   0.235282;-0.081770;0.968481;,
   0.983924;0.051827;0.170903;,
   -0.993839;0.002774;0.110795;,
   0.317082;-0.138141;0.938284;,
   -0.346476;0.136281;-0.928107;,
   -0.301106;0.380731;-0.874287;,
   0.839878;0.005377;-0.542749;,
   -0.973993;-0.027949;0.224849;,
   0.407143;0.401986;0.820148;,
   -0.468492;-0.396130;-0.789681;,
   0.731060;-0.266293;-0.628204;,
   0.007921;-0.613288;-0.789820;,
   -0.268531;-0.934802;-0.232455;,
   0.950842;-0.004462;0.309645;,
   -0.456413;-0.852200;0.255818;,
   0.372710;-0.835189;-0.404410;,
   0.005085;-0.281744;0.959476;,
   0.799701;0.002528;-0.600393;,
   0.701572;0.704552;-0.106786;,
   0.989060;0.134426;-0.060741;,
   0.566191;0.390237;-0.726046;,
   0.723419;-0.546793;-0.421524;,
   0.842695;-0.533721;-0.070768;,
   0.715898;0.597054;0.361962;,
   0.966040;0.187326;0.177978;,
   0.845800;-0.499572;-0.187218;,
   0.649098;0.332467;0.684205;,
   0.959467;0.086299;0.268281;,
   0.851378;-0.188905;-0.489357;,
   0.490099;-0.155818;0.857627;,
   0.979507;-0.123061;0.159444;,
   0.638679;0.073626;-0.765943;,
   -0.520983;0.079000;0.849903;,
   0.946285;-0.226757;0.230493;,
   -0.847153;0.308392;-0.432697;,
   -0.989337;0.115753;0.088391;,
   0.001899;-0.034720;-0.999395;,
   -0.543097;0.106566;0.832880;,
   0.940223;0.195744;0.278686;,
   -0.955054;-0.179797;-0.235678;,
   0.030207;-0.274800;-0.961027;,
   0.285221;-0.287316;-0.914384;,
   0.855117;0.037687;-0.517064;,
   0.681362;0.721047;0.125845;,
   0.978567;0.168085;0.118971;,
   0.615164;0.414789;-0.670465;,
   0.759530;-0.560266;-0.330478;,
   0.842609;-0.538473;0.007582;,
   0.694537;0.540332;0.475037;,
   0.959938;0.078034;0.269128;,
   0.840891;-0.506122;-0.191684;,
   0.658409;0.461217;0.594791;,
   0.978427;0.059670;0.197790;,
   0.846837;-0.409753;-0.339070;,
   0.259728;-0.309265;-0.914820;;
   422;
   3;0,1,2;,
   3;1,0,3;,
   3;4,5,6;,
   3;5,4,7;,
   3;8,7,4;,
   3;7,8,9;,
   3;7,10,5;,
   3;10,7,11;,
   3;9,11,7;,
   3;11,9,12;,
   3;11,13,10;,
   3;13,11,14;,
   3;12,14,11;,
   3;14,12,15;,
   3;14,16,13;,
   3;16,14,17;,
   3;15,17,14;,
   3;17,15,18;,
   3;17,19,16;,
   3;19,17,20;,
   3;18,20,17;,
   3;20,18,21;,
   3;20,22,19;,
   3;22,20,23;,
   3;19,24,25;,
   3;24,19,22;,
   3;25,26,21;,
   3;26,25,24;,
   3;21,23,20;,
   3;23,21,26;,
   3;23,27,22;,
   3;27,23,28;,
   3;22,29,24;,
   3;29,22,27;,
   3;24,30,26;,
   3;30,24,29;,
   3;26,28,23;,
   3;28,26,30;,
   3;28,2,27;,
   3;2,28,0;,
   3;27,1,29;,
   3;1,27,2;,
   3;29,3,30;,
   3;3,29,1;,
   3;30,0,28;,
   3;0,30,3;,
   3;4,31,8;,
   3;8,31,32;,
   3;32,31,6;,
   3;6,31,4;,
   3;33,34,35;,
   3;34,33,36;,
   3;37,38,39;,
   3;38,37,40;,
   3;41,40,37;,
   3;40,41,42;,
   3;40,43,38;,
   3;43,40,44;,
   3;42,44,40;,
   3;44,42,45;,
   3;44,46,43;,
   3;46,44,47;,
   3;45,47,44;,
   3;47,45,48;,
   3;47,49,46;,
   3;49,47,50;,
   3;48,50,47;,
   3;49,51,52;,
   3;51,49,50;,
