xof 0303txt 0032
template ColorRGBA {
 <35ff44e0-6c7c-11cf-8f52-0040333594a3>
 FLOAT red;
 FLOAT green;
 FLOAT blue;
 FLOAT alpha;
}

template ColorRGB {
 <d3e16e81-7835-11cf-8f52-0040333594a3>
 FLOAT red;
 FLOAT green;
 FLOAT blue;
}

template Material {
 <3d82ab4d-62da-11cf-ab39-0020af71e433>
 ColorRGBA faceColor;
 FLOAT power;
 ColorRGB specularColor;
 ColorRGB emissiveColor;
 [...]
}

template TextureFilename {
 <a42790e1-7810-11cf-8f52-0040333594a3>
 STRING filename;
}

template Frame {
 <3d82ab46-62da-11cf-ab39-0020af71e433>
 [...]
}

template Matrix4x4 {
 <f6f23f45-7686-11cf-8f52-0040333594a3>
 array FLOAT matrix[16];
}

template FrameTransformMatrix {
 <f6f23f41-7686-11cf-8f52-0040333594a3>
 Matrix4x4 frameMatrix;
}

template Vector {
 <3d82ab5e-62da-11cf-ab39-0020af71e433>
 FLOAT x;
 FLOAT y;
 FLOAT z;
}

template MeshFace {
 <3d82ab5f-62da-11cf-ab39-0020af71e433>
 DWORD nFaceVertexIndices;
 array DWORD faceVertexIndices[nFaceVertexIndices];
}

template Mesh {
 <3d82ab44-62da-11cf-ab39-0020af71e433>
 DWORD nVertices;
 array Vector vertices[nVertices];
 DWORD nFaces;
 array MeshFace faces[nFaces];
 [...]
}

template MeshNormals {
 <f6f23f43-7686-11cf-8f52-0040333594a3>
 DWORD nNormals;
 array Vector normals[nNormals];
 DWORD nFaceNormals;
 array MeshFace faceNormals[nFaceNormals];
}

template MeshMaterialList {
 <f6f23f42-7686-11cf-8f52-0040333594a3>
 DWORD nMaterials;
 DWORD nFaceIndexes;
 array DWORD faceIndexes[nFaceIndexes];
 [Material <3d82ab4d-62da-11cf-ab39-0020af71e433>]
}

template Coords2d {
 <f6f23f44-7686-11cf-8f52-0040333594a3>
 FLOAT u;
 FLOAT v;
}

template MeshTextureCoords {
 <f6f23f40-7686-11cf-8f52-0040333594a3>
 DWORD nTextureCoords;
 array Coords2d textureCoords[nTextureCoords];
}

template XSkinMeshHeader {
 <3cf169ce-ff7c-44ab-93c0-f78f62d172e2>
 WORD nMaxSkinWeightsPerVertex;
 WORD nMaxSkinWeightsPerFace;
 WORD nBones;
}

template SkinWeights {
 <6f0d123b-bad2-4167-a0d0-80224f25fabb>
 STRING transformNodeName;
 DWORD nWeights;
 array DWORD vertexIndices[nWeights];
 array FLOAT weights[nWeights];
 Matrix4x4 matrixOffset;
}

template AnimTicksPerSecond {
 <9e415a43-7ba6-4a73-8743-b73d47e88476>
 DWORD AnimTicksPerSecond;
}

template Animation {
 <3d82ab4f-62da-11cf-ab39-0020af71e433>
 [...]
}

template AnimationSet {
 <3d82ab50-62da-11cf-ab39-0020af71e433>
 [Animation <3d82ab4f-62da-11cf-ab39-0020af71e433>]
}

template FloatKeys {
 <10dd46a9-775b-11cf-8f52-0040333594a3>
 DWORD nValues;
 array FLOAT values[nValues];
}

template TimedFloatKeys {
 <f406b180-7b3b-11cf-8f52-0040333594a3>
 DWORD time;
 FloatKeys tfkeys;
}

template AnimationKey {
 <10dd46a8-775b-11cf-8f52-0040333594a3>
 DWORD keyType;
 DWORD nKeys;
 array TimedFloatKeys keys[nKeys];
}


Material _19_-_Defaultaa {
 1.000000;1.000000;1.000000;1.000000;;
 9.999999;
 0.000000;0.000000;0.000000;;
 0.000000;0.000000;0.000000;;

 TextureFilename {
  "CurlyHair_Long.png";
 }
}

Frame Dummy01 {
 

 FrameTransformMatrix {
  1.000000,0.000000,0.000000,0.000000,0.000000,-0.000000,-1.000000,0.000000,0.000000,1.000000,-0.000000,0.000000,0.000000,0.000000,0.000000,1.000000;;
 }

 Frame Bip01 {
  

  FrameTransformMatrix {
   -0.087155,0.982405,-0.165183,0.000000,-0.000001,0.165814,0.986157,0.000000,0.996195,0.085949,-0.014450,0.000000,-0.010000,-0.012284,0.490453,1.000000;;
  }

  Frame Bip01_Pelvis {
   

   FrameTransformMatrix {
    0.000000,1.000000,-0.000001,0.000000,-0.000001,0.000001,1.000000,0.000000,1.000000,0.000000,0.000001,0.000000,0.000000,0.000000,0.000000,1.000000;;
   }

   Frame Bip01_Spine {
    

    FrameTransformMatrix {
     0.984686,0.000002,-0.174337,0.000000,-0.000001,1.000000,0.000004,0.000000,0.174337,-0.000004,0.984686,0.000000,0.051619,0.000000,-0.000083,1.000000;;
    }

    Frame Bip01_Spine1 {
     

     FrameTransformMatrix {
      0.997819,0.052687,0.039774,0.000000,-0.044862,0.983198,-0.176942,0.000000,-0.048428,0.174771,0.983417,0.000000,0.106484,-0.000015,-0.000083,1.000000;;
     }

     Frame Bip01_Neck {
      

      FrameTransformMatrix {
       0.966067,-0.020835,0.257451,0.000000,0.025191,0.999590,-0.013632,0.000000,-0.257061,0.019655,0.966195,0.000000,0.130511,-0.000001,0.004626,1.000000;;
      }

      Frame Bip01_Head {
       

       FrameTransformMatrix {
        0.989321,-0.051753,-0.136255,0.000000,0.064251,0.993958,0.088989,0.000000,0.130826,-0.096793,0.986669,0.000000,0.033674,-0.000000,0.000000,1.000000;;
       }
      }

      Frame Bip01_L_Clavicle {
       

       FrameTransformMatrix {
        -0.205975,0.976135,0.068811,0.000000,0.943873,0.216738,-0.249254,0.000000,-0.258220,0.013609,-0.965990,0.000000,-0.024734,0.015166,0.002017,1.000000;;
       }

       Frame Bip01_L_UpperArm {
        

        FrameTransformMatrix {
         0.385871,-0.777669,0.496320,0.000000,0.922466,0.332598,-0.196046,0.000000,-0.012616,0.533487,0.845714,0.000000,0.073469,0.000000,-0.000000,1.000000;;
        }

        Frame Bip01_L_Forearm {
         

         FrameTransformMatrix {
          0.943939,0.000000,-0.330119,0.000000,0.000000,1.000000,-0.000000,0.000000,0.330119,-0.000000,0.943939,0.000000,0.148340,0.000000,-0.000000,1.000000;;
         }

         Frame Bip01_L_Hand {
          

          FrameTransformMatrix {
           1.000000,-0.000000,0.000000,0.000000,0.000000,0.000796,1.000000,0.000000,0.000000,-1.000000,0.000796,0.000000,0.131860,-0.000000,0.000000,1.000000;;
          }

          Frame Bip01_L_Finger0 {
           

           FrameTransformMatrix {
            0.690342,-0.181727,0.700288,0.000000,0.558537,0.749101,-0.356210,0.000000,-0.459853,0.637043,0.618637,0.000000,0.057681,-0.023605,-0.000272,1.000000;;
           }
          }

          Frame Bip01_L_Finger1 {
           

           FrameTransformMatrix {
            0.728079,-0.000546,0.685493,0.000000,0.000000,1.000000,0.000796,0.000000,-0.685493,-0.000580,0.728079,0.000000,0.084102,0.000000,0.000000,1.000000;;
           }
          }
         }
        }
       }
      }

      Frame Bip01_R_Clavicle {
       

       FrameTransformMatrix {
        -0.028509,-0.999573,-0.006461,0.000000,-0.965665,0.025871,0.258498,0.000000,-0.258220,0.013609,-0.965990,0.000000,-0.024080,-0.016250,0.001399,1.000000;;
       }

       Frame Bip01_R_UpperArm {
        

        FrameTransformMatrix {
         0.221390,0.975047,0.016433,0.000000,-0.974986,0.221654,-0.016512,0.000000,-0.019742,-0.012366,0.999728,0.000000,0.073469,0.000000,-0.000000,1.000000;;
        }

        Frame Bip01_R_Forearm {
         

         FrameTransformMatrix {
          0.915660,-0.000000,-0.401954,0.000000,-0.000000,1.000000,-0.000000,0.000000,0.401954,-0.000000,0.915660,0.000000,0.148340,0.000000,-0.000000,1.000000;;
         }

         Frame Bip01_R_Hand {
          

          FrameTransformMatrix {
           0.975195,-0.000000,-0.221346,0.000000,-0.221346,0.000796,-0.975195,0.000000,0.000176,1.000000,0.000777,0.000000,0.131860,0.000000,0.000000,1.000000;;
          }

          Frame Bip01_R_Finger0 {
           

           FrameTransformMatrix {
            0.417774,-0.116941,0.900994,0.000000,-0.558537,0.749101,0.356210,0.000000,-0.716591,-0.652054,0.247639,0.000000,0.057681,0.023605,-0.000272,1.000000;;
           }
          }

          Frame Bip01_R_Finger1 {
           

           FrameTransformMatrix {
            0.352436,0.000745,0.935835,0.000000,-0.000000,1.000000,-0.000796,0.000000,-0.935836,0.000281,0.352436,0.000000,0.084102,-0.000000,0.000000,1.000000;;
           }
          }
         }
        }
       }
      }
     }

     Frame Bip01_BackPack {
      

      FrameTransformMatrix {
       0.180560,0.080500,-0.980264,0.000000,0.047560,0.994764,0.090451,0.000000,0.982413,-0.062954,0.175786,0.000000,0.063697,0.000003,-0.088856,1.000000;;
      }
     }
    }

    Frame Bip01_L_Thigh {
     

     FrameTransformMatrix {
      -0.888504,0.030427,0.457858,0.000000,-0.032107,-0.999476,0.004114,0.000000,0.457744,-0.011045,0.889016,0.000000,-0.050843,0.055225,-0.008917,1.000000;;
     }

     Frame Bip01_L_Calf {
      

      FrameTransformMatrix {
       0.942235,-0.000000,-0.334952,0.000000,-0.000000,1.000000,-0.000000,0.000000,0.334952,-0.000000,0.942235,0.000000,0.237500,0.000000,-0.000000,1.000000;;
      }

      Frame Bip01_L_Foot {
       

       FrameTransformMatrix {
        0.924325,-0.026487,0.380687,0.000000,-0.068962,0.969570,0.234901,0.000000,-0.375325,-0.243378,0.894371,0.000000,0.206841,0.000000,0.000000,1.000000;;
       }

       Frame Bip01_L_Toe0 {
        

        FrameTransformMatrix {
         0.000000,0.000000,1.000000,0.000000,0.000000,1.000000,-0.000000,0.000000,-1.000000,0.000000,0.000000,0.000000,0.065373,0.000000,0.066450,1.000000;;
        }
       }
      }
     }
    }

    Frame Bip01_R_Thigh {
     

     FrameTransformMatrix {
      -0.996965,0.030321,-0.071704,0.000000,-0.029454,-0.999480,-0.013113,0.000000,-0.072065,-0.010961,0.997340,0.000000,-0.050843,-0.055225,-0.008917,1.000000;;
     }

     Frame Bip01_R_Calf {
      

      FrameTransformMatrix {
       0.730239,0.000000,-0.683192,0.000000,0.000000,1.000000,0.000000,0.000000,0.683192,0.000000,0.730239,0.000000,0.237500,0.000000,0.000000,1.000000;;
      }

      Frame Bip01_R_Foot {
       

       FrameTransformMatrix {
        0.991957,0.087165,-0.091782,0.000000,-0.093276,0.993546,-0.064539,0.000000,0.085565,0.072581,0.993685,0.000000,0.206841,0.000000,0.000000,1.000000;;
       }

       Frame Bip01_R_Toe0 {
        

        FrameTransformMatrix {
         0.000000,0.000000,1.000000,0.000000,0.000000,1.000000,-0.000000,0.000000,-1.000000,0.000000,0.000000,0.000000,0.065373,0.000000,0.066450,1.000000;;
        }
       }
      }
     }
    }
   }

   Frame Bip01_DressFront {
    

    FrameTransformMatrix {
     -0.880185,-0.088339,0.466338,0.000000,0.121847,0.907542,0.401896,0.000000,-0.458725,0.410564,-0.788041,0.000000,-0.043935,0.001339,0.061057,1.000000;;
    }

    Frame Bip01_DressFront02 {
     

     FrameTransformMatrix {
      0.912593,0.000001,0.408870,0.000000,-0.000001,1.000000,-0.000000,0.000000,-0.408870,-0.000000,0.912593,0.000000,0.183378,-0.000000,-0.000120,1.000000;;
     }
    }
   }

   Frame Bip01_DressBack {
    

    FrameTransformMatrix {
     -0.886023,0.038029,0.462080,0.000000,0.191625,0.937561,0.290274,0.000000,-0.422190,0.345735,-0.837988,0.000000,-0.047673,-0.000048,-0.078302,1.000000;;
    }

    Frame Bip01_DressBack02 {
     

     FrameTransformMatrix {
      0.936852,0.174932,-0.302833,0.000000,-0.166408,0.984581,0.053939,0.000000,0.307600,-0.000139,0.951516,0.000000,0.176125,0.000000,-0.000103,1.000000;;
     }
    }
   }
  }

  Frame Bip01_Prop1 {
   

   FrameTransformMatrix {
    -0.233929,-0.108090,0.966227,0.000000,0.687222,0.684611,0.242967,0.000000,-0.687752,0.720849,-0.085868,0.000000,0.072994,-0.055506,-0.134034,1.000000;;
   }
  }

  Frame Bip01_Prop2 {
   

   FrameTransformMatrix {
    -0.163643,-0.967062,0.194966,0.000000,0.985576,-0.168906,-0.010564,0.000000,0.043147,0.190425,0.980753,0.000000,-0.140709,-0.103585,0.102365,1.000000;;
   }
  }
 }
}

Frame Translation_Data {
 

 FrameTransformMatrix {
  1.000000,0.000000,0.000000,0.000000,0.000000,-0.000000,-1.000000,0.000000,0.000000,1.000000,-0.000000,0.000000,0.000000,0.000000,0.000000,1.000000;;
 }
}

Frame Kate_Hair_Cornrows {
 

 FrameTransformMatrix {
  1.000000,0.000000,0.000000,0.000000,0.000000,1.000000,0.000000,0.000000,0.000000,0.000000,1.000000,0.000000,0.000000,0.000000,0.000000,1.000000;;
 }

 Mesh Kate_Hair_Cornrows {
  304;
  -0.008185;0.831462;0.079801;,
  -0.009972;0.836396;0.085074;,
  -0.013919;0.831570;0.080623;,
  -0.004718;0.833853;0.083653;,
  -0.000986;0.963559;-0.001100;,
  -0.008335;0.960099;-0.014374;,
  -0.009323;0.965767;-0.002470;,
  -0.000537;0.955032;-0.014923;,
  -0.013307;0.951998;-0.013083;,
  -0.014586;0.957287;-0.003317;,
  -0.001973;0.967994;0.031000;,
  -0.010403;0.972309;0.030365;,
  -0.016673;0.964588;0.030821;,
  -0.002416;0.957268;0.064388;,
  -0.010273;0.962042;0.064976;,
  -0.016989;0.956334;0.059622;,
  -0.001473;0.935662;0.083713;,
  -0.009749;0.938445;0.085639;,
  -0.015237;0.935434;0.079075;,
  -0.000725;0.891861;0.086381;,
  -0.008948;0.892307;0.090531;,
  -0.014743;0.892118;0.080947;,
  -0.000706;0.866061;0.075917;,
  -0.009418;0.865276;0.079232;,
  -0.006329;0.867703;0.071749;,
  -0.000725;0.891861;0.086381;,
  -0.006028;0.892551;0.081537;,
  -0.012589;0.863160;0.070264;,
  -0.014743;0.892118;0.080947;,
  -0.002885;0.843450;0.077299;,
  -0.009316;0.844464;0.080186;,
  -0.007014;0.842309;0.072944;,
  -0.013152;0.841953;0.073860;,
  -0.007007;0.951919;-0.015646;,
  -0.005885;0.950384;-0.012045;,
  -0.036803;0.832286;0.066481;,
  -0.040702;0.838554;0.068346;,
  -0.041284;0.832203;0.063790;,
  -0.036393;0.836243;0.070300;,
  -0.031586;0.951907;0.002487;,
  -0.037871;0.946838;-0.006861;,
  -0.040214;0.950993;0.002101;,
  -0.028950;0.947376;-0.008000;,
  -0.039729;0.939552;-0.004770;,
  -0.042594;0.943529;0.005262;,
  -0.036663;0.956153;0.028823;,
  -0.043072;0.954875;0.029441;,
  -0.043470;0.945930;0.028322;,
  -0.036199;0.951030;0.054435;,
  -0.043509;0.950043;0.054969;,
  -0.044303;0.939375;0.058279;,
  -0.035805;0.945124;0.063496;,
  -0.044387;0.944795;0.062441;,
  -0.043895;0.938069;0.067588;,
  -0.035644;0.936235;0.070464;,
  -0.044169;0.937852;0.060271;,
  -0.029155;0.858965;0.062263;,
  -0.041520;0.893370;0.068958;,
  -0.033442;0.856197;0.059463;,
  -0.035766;0.893490;0.073078;,
  -0.027812;0.856871;0.054748;,
  -0.035766;0.893490;0.073078;,
  -0.038172;0.889761;0.067461;,
  -0.032964;0.855008;0.051881;,
  -0.042111;0.895365;0.062247;,
  -0.042111;0.895365;0.062247;,
  -0.029061;0.843095;0.063402;,
  -0.035271;0.843854;0.061986;,
  -0.028991;0.840315;0.058572;,
  -0.034103;0.839830;0.056011;,
  -0.034103;0.839830;0.056011;,
  -0.033427;0.942624;-0.008207;,
  -0.031248;0.941752;-0.004707;,
  -0.021711;0.827287;0.075396;,
  -0.024844;0.832955;0.079281;,
  -0.027546;0.827114;0.075337;,
  -0.019215;0.830593;0.079129;,
  -0.016580;0.957221;-0.003116;,
  -0.023891;0.955568;-0.010414;,
  -0.025641;0.960471;-0.004016;,
  -0.015699;0.952149;-0.011367;,
  -0.028145;0.948163;-0.007832;,
  -0.029820;0.950646;-0.001334;,
  -0.019411;0.963535;0.030591;,
  -0.028354;0.966353;0.029672;,
  -0.033056;0.960334;0.029936;,
  -0.021075;0.956083;0.058044;,
  -0.029520;0.961164;0.056184;,
  -0.033891;0.955559;0.054360;,
  -0.019000;0.935194;0.078106;,
  -0.027399;0.938816;0.081088;,
  -0.031698;0.935415;0.073985;,
  -0.018436;0.891872;0.079567;,
  -0.025892;0.893336;0.083332;,
  -0.031524;0.892916;0.074856;,
  -0.014761;0.862357;0.069105;,
  -0.021934;0.859632;0.070814;,
  -0.019836;0.861209;0.063704;,
  -0.018436;0.891872;0.079567;,
  -0.023755;0.892547;0.076987;,
  -0.027122;0.859616;0.063947;,
  -0.031524;0.892916;0.074856;,
  -0.016814;0.838920;0.071312;,
  -0.022775;0.839852;0.073092;,
  -0.019913;0.836802;0.066763;,
  -0.026103;0.836196;0.066843;,
  -0.021351;0.948584;-0.011550;,
  -0.019955;0.948105;-0.008010;,
  -0.042044;0.847761;0.055530;,
  -0.046902;0.851236;0.055951;,
  -0.045210;0.846817;0.052287;,
  -0.043274;0.850220;0.058991;,
  -0.045405;0.942881;0.027619;,
  -0.048993;0.934616;0.008867;,
  -0.050532;0.936446;0.027869;,
  -0.042030;0.939293;0.006232;,
  -0.045512;0.925393;0.011189;,
  -0.047425;0.928360;0.027018;,
  -0.045118;0.940550;0.043110;,
  -0.051683;0.935329;0.039956;,
  -0.047227;0.927727;0.037556;,
  -0.046139;0.925266;0.056959;,
  -0.052746;0.922944;0.051795;,
  -0.047964;0.919760;0.044681;,
  -0.045076;0.896487;0.057825;,
  -0.052198;0.896906;0.053536;,
  -0.050287;0.897637;0.049053;,
  -0.042144;0.880135;0.055681;,
  -0.048286;0.878541;0.051976;,
  -0.042364;0.881504;0.048290;,
  -0.045076;0.896487;0.057825;,
  -0.045529;0.896106;0.050316;,
  -0.044237;0.878631;0.045260;,
  -0.050287;0.897637;0.049053;,
  -0.039264;0.857903;0.055746;,
  -0.043690;0.857577;0.053470;,
  -0.038146;0.856372;0.051472;,
  -0.041503;0.855028;0.048119;,
  -0.043198;0.933294;0.007136;,
  -0.048006;0.922951;0.030103;,
  -0.052972;0.917162;0.019969;,
  -0.053218;0.917611;0.030603;,
  -0.047990;0.921145;0.017725;,
  -0.049911;0.909307;0.021946;,
  -0.050662;0.910591;0.031015;,
  -0.047789;0.917856;0.043941;,
  -0.052474;0.913576;0.041690;,
  -0.048787;0.908151;0.039978;,
  -0.047504;0.903577;0.054410;,
  -0.050364;0.902063;0.052483;,
  -0.048294;0.899981;0.049827;,
  -0.048301;0.916036;0.018495;,
  0.008185;0.831462;0.079801;,
  0.009972;0.836396;0.085074;,
  0.004718;0.833853;0.083653;,
  0.013919;0.831570;0.080623;,
  0.000986;0.963559;-0.001100;,
  0.008335;0.960099;-0.014374;,
  0.000537;0.955032;-0.014923;,
  0.009323;0.965767;-0.002470;,
  0.013307;0.951998;-0.013083;,
  0.014586;0.957287;-0.003317;,
  0.001973;0.967994;0.031000;,
  0.010403;0.972309;0.030365;,
  0.016673;0.964588;0.030821;,
  0.002416;0.957268;0.064388;,
  0.010273;0.962042;0.064976;,
  0.016989;0.956334;0.059622;,
  0.001473;0.935662;0.083713;,
  0.009749;0.938445;0.085639;,
  0.015237;0.935434;0.079075;,
  0.000725;0.891861;0.086381;,
  0.008948;0.892307;0.090531;,
  0.014743;0.892118;0.080947;,
  0.000706;0.866061;0.075917;,
  0.009418;0.865276;0.079232;,
  0.006329;0.867703;0.071749;,
  0.000725;0.891861;0.086381;,
  0.006028;0.892551;0.081537;,
  0.012589;0.863160;0.070264;,
  0.014743;0.892118;0.080947;,
  0.002885;0.843450;0.077299;,
  0.009316;0.844464;0.080186;,
  0.007014;0.842309;0.072944;,
  0.013152;0.841953;0.073860;,
  0.007007;0.951919;-0.015646;,
  0.005885;0.950384;-0.012045;,
  0.036803;0.832286;0.066481;,
  0.040702;0.838554;0.068346;,
  0.036393;0.836243;0.070300;,
  0.041284;0.832203;0.063790;,
  0.031586;0.951907;0.002487;,
  0.037871;0.946838;-0.006861;,
  0.028950;0.947376;-0.008000;,
  0.040214;0.950993;0.002101;,
  0.039729;0.939552;-0.004770;,
  0.042594;0.943529;0.005262;,
  0.036663;0.956153;0.028823;,
  0.043072;0.954875;0.029441;,
  0.043470;0.945930;0.028322;,
  0.036199;0.951030;0.054435;,
  0.043509;0.950043;0.054969;,
  0.044496;0.939009;0.058439;,
  0.035805;0.945124;0.063496;,
  0.044387;0.944795;0.062441;,
  0.043895;0.938069;0.067588;,
  0.035644;0.936235;0.070464;,
  0.044179;0.937939;0.059723;,
  0.029155;0.858965;0.062263;,
  0.041520;0.893370;0.068958;,
  0.035766;0.893490;0.073078;,
  0.033442;0.856197;0.059463;,
  0.027812;0.856871;0.054748;,
  0.035766;0.893490;0.073078;,
  0.038172;0.889761;0.067461;,
  0.032964;0.855008;0.051881;,
  0.042111;0.895365;0.062247;,
  0.042111;0.895365;0.062247;,
  0.029061;0.843095;0.063402;,
  0.035271;0.843854;0.061986;,
  0.028991;0.840315;0.058572;,
  0.034103;0.839830;0.056011;,
  0.034103;0.839830;0.056011;,
  0.033427;0.942624;-0.008207;,
  0.031248;0.941752;-0.004707;,
  0.021711;0.827287;0.075396;,
  0.024844;0.832955;0.079281;,
  0.019215;0.830593;0.079129;,
  0.027546;0.827114;0.075337;,
  0.016580;0.957221;-0.003116;,
  0.023891;0.955568;-0.010414;,
  0.015699;0.952149;-0.011367;,
  0.025641;0.960471;-0.004016;,
  0.028145;0.948163;-0.007832;,
  0.029820;0.950646;-0.001334;,
  0.019411;0.963535;0.030591;,
  0.028354;0.966353;0.029672;,
  0.033056;0.960334;0.029936;,
  0.021075;0.956083;0.058044;,
  0.029520;0.961164;0.056184;,
  0.033891;0.955559;0.054360;,
  0.019000;0.935194;0.078106;,
  0.027399;0.938816;0.081088;,
  0.031698;0.935415;0.073985;,
  0.018436;0.891872;0.079567;,
  0.025892;0.893336;0.083332;,
  0.031524;0.892916;0.074856;,
  0.014761;0.862357;0.069105;,
  0.021934;0.859632;0.070814;,
  0.019836;0.861209;0.063704;,
  0.018436;0.891872;0.079567;,
  0.023755;0.892547;0.076987;,
  0.027122;0.859616;0.063947;,
  0.031524;0.892916;0.074856;,
  0.016814;0.838920;0.071312;,
  0.022775;0.839852;0.073092;,
  0.019913;0.836802;0.066763;,
  0.026103;0.836196;0.066843;,
  0.021351;0.948584;-0.011550;,
  0.019955;0.948105;-0.008010;,
  0.042044;0.847761;0.055530;,
  0.046902;0.851236;0.055951;,
  0.043274;0.850220;0.058991;,
  0.045210;0.846817;0.052287;,
  0.045405;0.942881;0.027619;,
  0.048993;0.934616;0.008867;,
  0.042030;0.939293;0.006232;,
  0.050532;0.936446;0.027869;,
  0.045512;0.925393;0.011189;,
  0.047425;0.928360;0.027018;,
  0.045118;0.940550;0.043110;,
  0.051683;0.935329;0.039956;,
  0.047227;0.927727;0.037556;,
  0.046139;0.925266;0.056959;,
  0.052746;0.922944;0.051795;,
  0.047964;0.919760;0.044681;,
  0.045076;0.896487;0.057825;,
  0.052198;0.896906;0.053536;,
  0.050287;0.897637;0.049053;,
  0.042144;0.880135;0.055681;,
  0.048286;0.878541;0.051976;,
  0.042364;0.881504;0.048290;,
  0.045076;0.896487;0.057825;,
  0.045529;0.896106;0.050316;,
  0.044237;0.878631;0.045260;,
  0.050287;0.897637;0.049053;,
  0.039264;0.857903;0.055746;,
  0.043690;0.857577;0.053470;,
  0.038146;0.856372;0.051472;,
  0.041503;0.855028;0.048119;,
  0.043198;0.933294;0.007136;,
  0.048006;0.922951;0.030103;,
  0.052972;0.917162;0.019969;,
  0.047990;0.921145;0.017725;,
  0.053218;0.917611;0.030603;,
  0.049911;0.909307;0.021946;,
  0.050662;0.910591;0.031015;,
  0.047789;0.917856;0.043941;,
  0.052474;0.913576;0.041690;,
  0.048787;0.908151;0.039978;,
  0.047504;0.903577;0.054410;,
  0.050364;0.902063;0.052483;,
  0.048294;0.899981;0.049827;,
  0.048301;0.916036;0.018495;;
  422;
  3;0,1,2;,
  3;1,0,3;,
  3;4,5,6;,
  3;5,4,7;,
  3;6,8,9;,
  3;8,6,5;,
  3;10,6,11;,
  3;6,10,4;,
  3;11,9,12;,
  3;9,11,6;,
  3;13,11,14;,
  3;11,13,10;,
  3;14,12,15;,
  3;12,14,11;,
  3;16,14,17;,
  3;14,16,13;,
  3;17,15,18;,
  3;15,17,14;,
  3;19,17,20;,
  3;17,19,16;,
  3;20,18,21;,
  3;18,20,17;,
  3;22,20,23;,
  3;20,22,19;,
  3;24,25,22;,
  3;25,24,26;,
  3;27,26,24;,
  3;26,27,28;,
  3;23,21,27;,
  3;21,23,20;,
  3;29,23,30;,
  3;23,29,22;,
  3;31,22,29;,
  3;22,31,24;,
  3;32,24,31;,
  3;24,32,27;,
  3;30,27,32;,
  3;27,30,23;,
  3;3,30,1;,
  3;30,3,29;,
  3;0,29,3;,
  3;29,0,31;,
  3;2,31,0;,
  3;31,2,32;,
  3;1,32,2;,
  3;32,1,30;,
  3;5,33,8;,
  3;8,33,34;,
  3;34,33,7;,
  3;7,33,5;,
  3;35,36,37;,
  3;36,35,38;,
  3;39,40,41;,
  3;40,39,42;,
  3;41,43,44;,
  3;43,41,40;,
  3;45,41,46;,
  3;41,45,39;,
  3;46,44,47;,
  3;44,46,41;,
  3;48,46,49;,
  3;46,48,45;,
  3;49,47,50;,
  3;47,49,46;,
  3;51,49,52;,
  3;49,51,48;,
  3;50,52,49;,
  3;53,51,52;,
  3;51,53,54;,
  3;55,52,50;,
  3;52,55,53;,
  3;56,57,58;,
  3;57,56,59;,
  3;60,61,56;,
  3;61,60,62;,
  3;63,62,60;,
  3;62,63,64;,
  3;58,65,63;,
  3;65,58,57;,
  3;66,58,67;,
  3;58,66,56;,
  3;68,56,66;,
  3;56,68,60;,
  3;69,60,68;,
  3;60,69,63;,
  3;67,63,70;,
  3;63,67,58;,
  3;38,67,36;,
  3;67,38,66;,
  3;35,66,38;,
  3;66,35,68;,
  3;37,68,35;,
  3;68,37,69;,
  3;36,70,37;,
  3;70,36,67;,
  3;40,71,43;,
  3;43,71,72;,
  3;72,71,42;,
  3;42,71,40;,
  3;59,53,57;,
  3;53,59,54;,
  3;65,53,55;,
  3;53,65,57;,
  3;73,74,75;,
  3;74,73,76;,
  3;77,78,79;,
  3;78,77,80;,
  3;79,81,82;,
  3;81,79,78;,
  3;83,79,84;,
  3;79,83,77;,
  3;84,82,85;,
  3;82,84,79;,
  3;86,84,87;,
  3;84,86,83;,
  3;85,87,84;,
  3;87,85,88;,
  3;89,87,90;,
  3;87,89,86;,
  3;90,88,91;,
  3;88,90,87;,
  3;92,90,93;,
  3;90,92,89;,
  3;93,91,94;,
  3;91,93,90;,
  3;95,93,96;,
  3;93,95,92;,
  3;97,98,95;,
  3;98,97,99;,
  3;100,99,97;,
  3;99,100,101;,
  3;96,94,100;,
  3;94,96,93;,
  3;102,96,103;,
  3;96,102,95;,
  3;104,95,102;,
  3;95,104,97;,
  3;105,97,104;,
  3;97,105,100;,
  3;103,100,105;,
  3;100,103,96;,
  3;76,103,74;,
  3;103,76,102;,
  3;73,102,76;,
  3;102,73,104;,
  3;75,104,73;,
  3;104,75,105;,
  3;74,105,75;,
  3;105,74,103;,
  3;78,106,81;,
  3;81,106,107;,
  3;107,106,80;,
  3;80,106,78;,
  3;108,109,110;,
  3;109,108,111;,
  3;112,113,114;,
  3;113,112,115;,
  3;114,116,117;,
  3;116,114,113;,
  3;118,114,119;,
  3;114,118,112;,
  3;119,117,120;,
  3;117,119,114;,
  3;121,119,122;,
  3;119,121,118;,
  3;122,120,123;,
  3;120,122,119;,
  3;124,122,125;,
  3;122,124,121;,
  3;125,123,126;,
  3;123,125,122;,
  3;127,125,128;,
  3;125,127,124;,
  3;129,130,127;,
  3;130,129,131;,
  3;132,131,129;,
  3;131,132,133;,
  3;128,126,132;,
  3;126,128,125;,
  3;134,128,135;,
  3;128,134,127;,
  3;136,127,134;,
  3;127,136,129;,
  3;137,129,136;,
  3;129,137,132;,
  3;135,132,137;,
  3;132,135,128;,
  3;111,135,109;,
  3;135,111,134;,
  3;108,134,111;,
  3;134,108,136;,
  3;110,136,108;,
  3;136,110,137;,
  3;109,137,110;,
  3;137,109,135;,
  3;113,138,116;,
  3;115,138,113;,
  3;139,140,141;,
  3;140,139,142;,
  3;141,143,144;,
  3;143,141,140;,
  3;145,141,146;,
  3;141,145,139;,
  3;146,144,147;,
  3;144,146,141;,
  3;148,146,149;,
  3;146,148,145;,
  3;149,147,150;,
  3;147,149,146;,
  3;140,151,143;,
  3;142,151,140;,
  3;152,153,154;,
  3;153,152,155;,
  3;156,157,158;,
  3;157,156,159;,
  3;159,160,157;,
  3;160,159,161;,
  3;162,159,156;,
  3;159,162,163;,
  3;163,161,159;,
  3;161,163,164;,
  3;165,163,162;,
  3;163,165,166;,
  3;166,164,163;,
  3;164,166,167;,
  3;168,166,165;,
  3;166,168,169;,
  3;169,167,166;,
  3;167,169,170;,
  3;171,169,168;,
  3;169,171,172;,
  3;172,170,169;,
  3;170,172,173;,
  3;174,172,171;,
  3;172,174,175;,
  3;176,177,178;,
  3;177,176,174;,
  3;179,178,180;,
  3;178,179,176;,
  3;175,173,172;,
  3;173,175,179;,
  3;181,175,174;,
  3;175,181,182;,
  3;183,174,176;,
  3;174,183,181;,
  3;184,176,179;,
  3;176,184,183;,
  3;182,179,175;,
  3;179,182,184;,
  3;154,182,181;,
  3;182,154,153;,
  3;152,181,183;,
  3;181,152,154;,
  3;155,183,184;,
  3;183,155,152;,
  3;153,184,182;,
  3;184,153,155;,
  3;157,160,185;,
  3;160,186,185;,
  3;186,158,185;,
  3;158,157,185;,
  3;187,188,189;,
  3;188,187,190;,
  3;191,192,193;,
  3;192,191,194;,
  3;194,195,192;,
  3;195,194,196;,
  3;197,194,191;,
  3;194,197,198;,
  3;198,196,194;,
  3;196,198,199;,
  3;200,198,197;,
  3;198,200,201;,
  3;201,199,198;,
  3;199,201,202;,
  3;203,201,200;,
  3;201,203,204;,
  3;202,201,204;,
  3;205,203,206;,
  3;203,205,204;,
  3;207,204,205;,
  3;204,207,202;,
  3;208,209,210;,
  3;209,208,211;,
  3;212,213,214;,
  3;213,212,208;,
  3;215,214,216;,
  3;214,215,212;,
  3;211,217,209;,
  3;217,211,215;,
  3;218,211,208;,
  3;211,218,219;,
  3;220,208,212;,
  3;208,220,218;,
  3;221,212,215;,
  3;212,221,220;,
  3;219,215,211;,
  3;215,219,222;,
  3;189,219,218;,
  3;219,189,188;,
  3;187,218,220;,
  3;218,187,189;,
  3;190,220,221;,
  3;220,190,187;,
  3;188,222,219;,
  3;222,188,190;,
  3;192,195,223;,
  3;195,224,223;,
  3;224,193,223;,
  3;193,192,223;,
  3;210,205,206;,
  3;205,210,209;,
  3;217,205,209;,
  3;205,217,207;,
  3;225,226,227;,
  3;226,225,228;,
  3;229,230,231;,
  3;230,229,232;,
  3;232,233,230;,
  3;233,232,234;,
  3;235,232,229;,
  3;232,235,236;,
  3;236,234,232;,
  3;234,236,237;,
  3;238,236,235;,
  3;236,238,239;,
  3;237,239,240;,
  3;239,237,236;,
  3;241,239,238;,
  3;239,241,242;,
  3;242,240,239;,
  3;240,242,243;,
  3;244,242,241;,
  3;242,244,245;,
  3;245,243,242;,
  3;243,245,246;,
  3;247,245,244;,
  3;245,247,248;,
  3;249,250,251;,
  3;250,249,247;,
  3;252,251,253;,
  3;251,252,249;,
  3;248,246,245;,
  3;246,248,252;,
  3;254,248,247;,
  3;248,254,255;,
  3;256,247,249;,
  3;247,256,254;,
  3;257,249,252;,
  3;249,257,256;,
  3;255,252,248;,
  3;252,255,257;,
  3;227,255,254;,
  3;255,227,226;,
  3;225,254,256;,
  3;254,225,227;,
  3;228,256,257;,
  3;256,228,225;,
  3;226,257,255;,
  3;257,226,228;,
  3;230,233,258;,
  3;233,259,258;,
  3;259,231,258;,
  3;231,230,258;,
  3;260,261,262;,
  3;261,260,263;,
  3;264,265,266;,
  3;265,264,267;,
  3;267,268,265;,
  3;268,267,269;,
  3;270,267,264;,
  3;267,270,271;,
  3;271,269,267;,
  3;269,271,272;,
  3;273,271,270;,
  3;271,273,274;,
  3;274,272,271;,
  3;272,274,275;,
  3;276,274,273;,
  3;274,276,277;,
  3;277,275,274;,
  3;275,277,278;,
  3;279,277,276;,
  3;277,279,280;,
  3;281,282,283;,
  3;282,281,279;,
  3;284,283,285;,
  3;283,284,281;,
  3;280,278,277;,
  3;278,280,284;,
  3;286,280,279;,
  3;280,286,287;,
  3;288,279,281;,
  3;279,288,286;,
  3;289,281,284;,
  3;281,289,288;,
  3;287,284,280;,
  3;284,287,289;,
  3;262,287,286;,
  3;287,262,261;,
  3;260,286,288;,
  3;286,260,262;,
  3;263,288,289;,
  3;288,263,260;,
  3;261,289,287;,
  3;289,261,263;,
  3;265,268,290;,
  3;266,265,290;,
  3;291,292,293;,
  3;292,291,294;,
  3;294,295,292;,
  3;295,294,296;,
  3;297,294,291;,
  3;294,297,298;,
  3;298,296,294;,
  3;296,298,299;,
  3;300,298,297;,
  3;298,300,301;,
  3;301,299,298;,
  3;299,301,302;,
  3;292,295,303;,
  3;293,292,303;;

  MeshNormals {
   304;
   0.262288;-0.938005;-0.226608;,
   -0.277675;0.050737;0.959334;,
   -0.725366;-0.685114;0.066804;,
   0.694942;-0.455406;0.556472;,
   0.319283;0.908182;-0.270671;,
   -0.237029;0.645050;-0.726449;,
   -0.320127;0.898715;-0.299717;,
   0.392404;0.309445;-0.866177;,
   -0.699329;0.100039;-0.707765;,
   -0.796412;0.532587;-0.286494;,
   0.435677;0.896781;0.077264;,
   -0.197797;0.979778;0.030198;,
   -0.772608;0.634708;0.014921;,
   0.470099;0.727403;0.499891;,
   -0.160251;0.839756;0.518778;,
   -0.753413;0.567107;0.332804;,
   0.320148;0.319778;0.891766;,
   -0.251610;0.393536;0.884207;,
   -0.801467;0.218614;0.556650;,
   0.772363;-0.027362;0.634592;,
   -0.244516;-0.127484;0.961228;,
   -0.993671;0.068723;0.088850;,
   0.998551;-0.051652;0.015106;,
   -0.428459;-0.200791;0.880969;,
   0.334146;0.190013;-0.923169;,
   0.772363;-0.027362;0.634592;,
   0.399910;0.324522;-0.857180;,
   -0.671909;-0.061956;-0.738038;,
   -0.993671;0.068723;0.088850;,
   0.992119;-0.077710;0.098291;,
   -0.336759;0.305603;0.890618;,
   0.317406;-0.303996;-0.898243;,
   -0.837201;-0.138389;-0.529097;,
   -0.023099;-0.506261;-0.862071;,
   0.157428;-0.889863;-0.428206;,
   0.226380;-0.922068;0.313914;,
   -0.760000;0.374648;0.531073;,
   -0.705097;-0.675082;-0.217031;,
   0.165562;-0.148957;0.974885;,
   -0.093425;0.944366;-0.315350;,
   -0.533383;0.438495;-0.723343;,
   -0.625331;0.707464;-0.329326;,
   0.086370;0.485846;-0.869767;,
   -0.751614;-0.153683;-0.641450;,
   -0.958382;0.190095;-0.212998;,
   -0.184697;0.982792;-0.002643;,
   -0.725382;0.688342;0.002566;,
   -0.998370;0.050347;-0.026868;,
   -0.103360;0.926196;0.362600;,
   -0.676036;0.687704;0.264648;,
   -0.999830;0.015155;-0.010468;,
   -0.111061;0.717835;0.687298;,
   -0.733705;0.503803;0.455916;,
   -0.719960;0.258164;0.644212;,
   -0.256446;0.291155;0.921664;,
   -0.998310;-0.044320;0.037586;,
   0.537235;-0.074921;0.840099;,
   -0.852185;-0.177885;0.492076;,
   -0.884369;-0.065086;0.462228;,
   -0.445602;-0.075361;0.892054;,
   0.848609;0.126699;-0.513625;,
   -0.445602;-0.075361;0.892054;,
   0.776930;0.381170;-0.501088;,
   -0.357052;-0.001343;-0.934084;,
   -0.995650;-0.056053;-0.074425;,
   -0.995650;-0.056053;-0.074425;,
   0.736615;0.065715;0.673112;,
   -0.781470;0.519482;0.345606;,
   0.806721;-0.476084;-0.350065;,
   -0.291158;-0.391817;-0.872758;,
   -0.291158;-0.391817;-0.872758;,
   0.116729;-0.468203;-0.875877;,
   0.454355;-0.756013;-0.471175;,
   0.345554;-0.938398;0.001462;,
   -0.449448;0.209854;0.868307;,
   -0.688327;-0.720285;0.085998;,
   0.612640;-0.288206;0.735941;,
   0.333744;0.879872;-0.338290;,
   -0.292914;0.528268;-0.796953;,
   -0.372526;0.838706;-0.397236;,
   0.306407;0.342951;-0.887975;,
   -0.778277;-0.005049;-0.627901;,
   -0.906550;0.340949;-0.248840;,
   0.296372;0.952494;0.070141;,
   -0.291325;0.956426;-0.019486;,
   -0.788325;0.609321;-0.085273;,
   0.335221;0.783979;0.522497;,
   -0.232690;0.881461;0.410953;,
   -0.806860;0.513780;0.291560;,
   0.421810;0.331100;0.844067;,
   -0.238152;0.424235;0.873675;,
   -0.874242;0.142646;0.464061;,
   0.784285;0.068378;0.616621;,
   -0.252262;-0.134210;0.958307;,
   -0.978415;-0.008709;0.206465;,
   0.991208;0.018690;0.130990;,
   -0.319209;-0.111240;0.941133;,
   0.343069;0.138849;-0.928991;,
   0.784285;0.068378;0.616621;,
   0.328659;0.370497;-0.868744;,
   -0.843582;0.021774;-0.536559;,
   -0.978415;-0.008709;0.206465;,
   0.973993;-0.027949;0.224847;,
   -0.407141;0.401986;0.820148;,
   0.468492;-0.396128;-0.789682;,
   -0.731060;-0.266293;-0.628203;,
   -0.004792;-0.607805;-0.794072;,
   0.268533;-0.934803;-0.232449;,
   0.456411;-0.852202;0.255815;,
   -0.950842;-0.004466;0.309643;,
   -0.372710;-0.835186;-0.404416;,
   -0.005084;-0.281741;0.959477;,
   -0.761951;0.647079;-0.026820;,
   -0.824280;0.108851;-0.555620;,
   -0.977369;0.203523;-0.057695;,
   -0.587582;0.530722;-0.610804;,
   -0.858389;-0.402061;-0.318614;,
   -0.923133;-0.379667;-0.060653;,
   -0.703163;0.643114;0.303260;,
   -0.953021;0.291990;0.080583;,
   -0.871450;-0.425576;-0.243844;,
   -0.657680;0.297857;0.691909;,
   -0.958823;0.119768;0.257516;,
   -0.857049;-0.184631;-0.481019;,
   -0.112040;0.000780;0.993703;,
   -0.945739;-0.098017;0.309793;,
   -0.773067;0.015781;-0.634128;,
   0.515315;0.046823;0.855721;,
   -0.949625;-0.218086;0.225056;,
   0.910673;0.188022;-0.367862;,
   -0.112040;0.000780;0.993703;,
   0.751150;0.295018;-0.590540;,
   -0.010411;-0.067148;-0.997689;,
   -0.773067;0.015781;-0.634128;,
   0.543095;0.106567;0.832881;,
   -0.940223;0.195742;0.278685;,
   0.955055;-0.179795;-0.235677;,
   -0.030204;-0.274803;-0.961026;,
   -0.323502;-0.209924;-0.922648;,
   -0.696667;0.712640;0.082463;,
   -0.855128;0.104621;-0.507751;,
   -0.963294;0.261017;0.062729;,
   -0.660453;0.522020;-0.539720;,
   -0.873729;-0.400462;-0.276094;,
   -0.922183;-0.385346;-0.032958;,
   -0.705652;0.560478;0.433497;,
   -0.966077;0.111498;0.232945;,
   -0.840465;-0.511850;-0.177843;,
   -0.657240;0.446092;0.607484;,
   -0.974589;0.036838;0.220950;,
   -0.843264;-0.433693;-0.317516;,
   -0.344426;-0.240693;-0.907435;,
   -0.262288;-0.938005;-0.226608;,
   0.277675;0.050737;0.959334;,
   -0.694942;-0.455406;0.556472;,
   0.725366;-0.685114;0.066804;,
   -0.319283;0.908182;-0.270671;,
   0.237029;0.645050;-0.726449;,
   -0.392404;0.309445;-0.866177;,
   0.320127;0.898715;-0.299717;,
   0.699329;0.100039;-0.707765;,
   0.796412;0.532587;-0.286494;,
   -0.435677;0.896781;0.077264;,
   0.197797;0.979778;0.030198;,
   0.772608;0.634708;0.014921;,
   -0.470100;0.727403;0.499891;,
   0.160251;0.839756;0.518778;,
   0.753413;0.567107;0.332804;,
   -0.320148;0.319778;0.891766;,
   0.251610;0.393536;0.884207;,
   0.801466;0.218614;0.556650;,
   -0.772363;-0.027362;0.634592;,
   0.244516;-0.127484;0.961228;,
   0.993671;0.068723;0.088850;,
   -0.998551;-0.051652;0.015105;,
   0.428459;-0.200791;0.880969;,
   -0.334146;0.190013;-0.923169;,
   -0.772363;-0.027362;0.634592;,
   -0.399910;0.324522;-0.857180;,
   0.671909;-0.061956;-0.738038;,
   0.993671;0.068723;0.088850;,
   -0.992119;-0.077710;0.098291;,
   0.336759;0.305603;0.890618;,
   -0.317405;-0.303996;-0.898243;,
   0.837201;-0.138389;-0.529097;,
   0.023099;-0.506261;-0.862071;,
   -0.157428;-0.889863;-0.428206;,
   -0.226380;-0.922068;0.313914;,
   0.760001;0.374648;0.531073;,
   -0.165562;-0.148958;0.974885;,
   0.705097;-0.675082;-0.217031;,
   0.093425;0.944366;-0.315350;,
   0.533383;0.438495;-0.723343;,
   -0.086370;0.485846;-0.869767;,
   0.625331;0.707464;-0.329326;,
   0.751614;-0.153683;-0.641450;,
   0.958382;0.190095;-0.212998;,
   0.184697;0.982792;-0.002643;,
   0.725382;0.688342;0.002566;,
   0.998283;0.051958;-0.027062;,
   0.103360;0.926196;0.362600;,
   0.671708;0.692048;0.264345;,
   0.998550;-0.002155;0.053788;,
   0.111061;0.717835;0.687298;,
   0.728851;0.504839;0.462509;,
   0.720475;0.258112;0.643657;,
   0.256446;0.291155;0.921664;,
   0.995135;-0.061318;0.077119;,
   -0.537235;-0.074921;0.840098;,
   0.852184;-0.177885;0.492076;,
   0.445602;-0.075361;0.892054;,
   0.884369;-0.065086;0.462228;,
   -0.848609;0.126699;-0.513625;,
   0.445602;-0.075361;0.892054;,
   -0.776930;0.381170;-0.501088;,
   0.357052;-0.001343;-0.934083;,
   0.995685;-0.055990;-0.073999;,
   0.995685;-0.055990;-0.073999;,
   -0.736615;0.065715;0.673112;,
   0.781470;0.519482;0.345606;,
   -0.806721;-0.476085;-0.350065;,
   0.291158;-0.391817;-0.872758;,
   0.291158;-0.391817;-0.872758;,
   -0.116729;-0.468203;-0.875877;,
   -0.454355;-0.756013;-0.471175;,
   -0.345554;-0.938398;0.001462;,
   0.449449;0.209854;0.868307;,
   -0.612640;-0.288206;0.735941;,
   0.688327;-0.720285;0.085998;,
   -0.333744;0.879872;-0.338290;,
   0.292914;0.528268;-0.796953;,
   -0.306407;0.342951;-0.887975;,
   0.372526;0.838706;-0.397236;,
   0.778277;-0.005049;-0.627901;,
   0.906550;0.340949;-0.248840;,
   -0.296372;0.952494;0.070141;,
   0.291325;0.956426;-0.019486;,
   0.788325;0.609321;-0.085273;,
   -0.335221;0.783979;0.522497;,
   0.232690;0.881461;0.410953;,
   0.806860;0.513780;0.291560;,
   -0.421810;0.331100;0.844067;,
   0.238152;0.424235;0.873675;,
   0.874242;0.142646;0.464061;,
   -0.784285;0.068378;0.616621;,
   0.252262;-0.134210;0.958307;,
   0.978415;-0.008709;0.206465;,
   -0.991208;0.018690;0.130990;,
   0.319209;-0.111240;0.941133;,
   -0.343069;0.138849;-0.928991;,
   -0.784285;0.068378;0.616621;,
   -0.328659;0.370497;-0.868744;,
   0.843582;0.021774;-0.536559;,
   0.978415;-0.008709;0.206465;,
   -0.973993;-0.027949;0.224847;,
   0.407141;0.401987;0.820148;,
   -0.468492;-0.396128;-0.789682;,
   0.731060;-0.266293;-0.628203;,
   0.004792;-0.607805;-0.794072;,
   -0.268533;-0.934803;-0.232449;,
   -0.456410;-0.852202;0.255815;,
   0.950842;-0.004466;0.309643;,
   0.005084;-0.281741;0.959477;,
   0.372709;-0.835186;-0.404416;,
   0.761951;0.647079;-0.026820;,
   0.824280;0.108851;-0.555620;,
   0.587582;0.530722;-0.610804;,
   0.977369;0.203523;-0.057695;,
   0.858389;-0.402061;-0.318614;,
   0.923133;-0.379667;-0.060653;,
   0.703163;0.643114;0.303260;,
   0.953021;0.291990;0.080583;,
   0.871450;-0.425576;-0.243844;,
   0.657680;0.297857;0.691909;,
   0.958823;0.119768;0.257516;,
   0.857049;-0.184631;-0.481019;,
   0.112040;0.000780;0.993703;,
   0.945739;-0.098017;0.309793;,
   0.773067;0.015781;-0.634128;,
   -0.515315;0.046823;0.855721;,
   0.949625;-0.218086;0.225056;,
   -0.910673;0.188022;-0.367862;,
   0.112040;0.000780;0.993703;,
   -0.751150;0.295018;-0.590540;,
   0.010411;-0.067148;-0.997689;,
   0.773067;0.015781;-0.634128;,
   -0.543095;0.106567;0.832881;,
   0.940223;0.195742;0.278685;,
   -0.955055;-0.179795;-0.235677;,
   0.030205;-0.274803;-0.961026;,
   0.323502;-0.209924;-0.922648;,
   0.696667;0.712640;0.082463;,
   0.855128;0.104621;-0.507751;,
   0.660453;0.522020;-0.539720;,
   0.963294;0.261017;0.062729;,
   0.873729;-0.400462;-0.276094;,
   0.922183;-0.385346;-0.032958;,
   0.705652;0.560478;0.433497;,
   0.966077;0.111498;0.232945;,
   0.840465;-0.511850;-0.177843;,
   0.657240;0.446092;0.607484;,
   0.974589;0.036838;0.220950;,
   0.843264;-0.433693;-0.317516;,
   0.344426;-0.240693;-0.907435;;
   422;
   3;0,1,2;,
