xof 0303txt 0032
template ColorRGBA {
 <35ff44e0-6c7c-11cf-8f52-0040333594a3>
 FLOAT red;
 FLOAT green;
 FLOAT blue;
 FLOAT alpha;
}

template ColorRGB {
 <d3e16e81-7835-11cf-8f52-0040333594a3>
 FLOAT red;
 FLOAT green;
 FLOAT blue;
}

template Material {
 <3d82ab4d-62da-11cf-ab39-0020af71e433>
 ColorRGBA faceColor;
 FLOAT power;
 ColorRGB specularColor;
 ColorRGB emissiveColor;
 [...]
}

template TextureFilename {
 <a42790e1-7810-11cf-8f52-0040333594a3>
 STRING filename;
}

template Frame {
 <3d82ab46-62da-11cf-ab39-0020af71e433>
 [...]
}

template Matrix4x4 {
 <f6f23f45-7686-11cf-8f52-0040333594a3>
 array FLOAT matrix[16];
}

template FrameTransformMatrix {
 <f6f23f41-7686-11cf-8f52-0040333594a3>
 Matrix4x4 frameMatrix;
}

template Vector {
 <3d82ab5e-62da-11cf-ab39-0020af71e433>
 FLOAT x;
 FLOAT y;
 FLOAT z;
}

template MeshFace {
 <3d82ab5f-62da-11cf-ab39-0020af71e433>
 DWORD nFaceVertexIndices;
 array DWORD faceVertexIndices[nFaceVertexIndices];
}

template Mesh {
 <3d82ab44-62da-11cf-ab39-0020af71e433>
 DWORD nVertices;
 array Vector vertices[nVertices];
 DWORD nFaces;
 array MeshFace faces[nFaces];
 [...]
}

template MeshNormals {
 <f6f23f43-7686-11cf-8f52-0040333594a3>
 DWORD nNormals;
 array Vector normals[nNormals];
 DWORD nFaceNormals;
 array MeshFace faceNormals[nFaceNormals];
}

template MeshMaterialList {
 <f6f23f42-7686-11cf-8f52-0040333594a3>
 DWORD nMaterials;
 DWORD nFaceIndexes;
 array DWORD faceIndexes[nFaceIndexes];
 [Material <3d82ab4d-62da-11cf-ab39-0020af71e433>]
}

template Coords2d {
 <f6f23f44-7686-11cf-8f52-0040333594a3>
 FLOAT u;
 FLOAT v;
}

template MeshTextureCoords {
 <f6f23f40-7686-11cf-8f52-0040333594a3>
 DWORD nTextureCoords;
 array Coords2d textureCoords[nTextureCoords];
}

template XSkinMeshHeader {
 <3cf169ce-ff7c-44ab-93c0-f78f62d172e2>
 WORD nMaxSkinWeightsPerVertex;
 WORD nMaxSkinWeightsPerFace;
 WORD nBones;
}

template SkinWeights {
 <6f0d123b-bad2-4167-a0d0-80224f25fabb>
 STRING transformNodeName;
 DWORD nWeights;
 array DWORD vertexIndices[nWeights];
 array FLOAT weights[nWeights];
 Matrix4x4 matrixOffset;
}

template AnimTicksPerSecond {
 <9e415a43-7ba6-4a73-8743-b73d47e88476>
 DWORD AnimTicksPerSecond;
}

template Animation {
 <3d82ab4f-62da-11cf-ab39-0020af71e433>
 [...]
}

template AnimationSet {
 <3d82ab50-62da-11cf-ab39-0020af71e433>
 [Animation <3d82ab4f-62da-11cf-ab39-0020af71e433>]
}

template FloatKeys {
 <10dd46a9-775b-11cf-8f52-0040333594a3>
 DWORD nValues;
 array FLOAT values[nValues];
}

template TimedFloatKeys {
 <f406b180-7b3b-11cf-8f52-0040333594a3>
 DWORD time;
 FloatKeys tfkeys;
}

template AnimationKey {
 <10dd46a8-775b-11cf-8f52-0040333594a3>
 DWORD keyType;
 DWORD nKeys;
 array TimedFloatKeys keys[nKeys];
}


Material _09_-_Defaultaaa {
 1.000000;1.000000;1.000000;1.000000;;
 9.999999;
 0.000000;0.000000;0.000000;;
 0.000000;0.000000;0.000000;;

 TextureFilename {
  "F_Hair_White.png";
 }
}

Frame Dummy01 {
 

 FrameTransformMatrix {
  1.000000,0.000000,0.000000,0.000000,0.000000,-0.000000,-1.000000,0.000000,0.000000,1.000000,-0.000000,0.000000,0.000000,0.000000,0.000000,1.000000;;
 }

 Frame Bip01 {
  

  FrameTransformMatrix {
   -0.087155,0.982405,-0.165183,0.000000,-0.000001,0.165814,0.986157,0.000000,0.996195,0.085949,-0.014450,0.000000,-0.010000,-0.012284,0.490453,1.000000;;
  }

  Frame Bip01_Pelvis {
   

   FrameTransformMatrix {
    0.000000,1.000000,-0.000001,0.000000,-0.000001,0.000001,1.000000,0.000000,1.000000,0.000000,0.000001,0.000000,0.000000,0.000000,0.000000,1.000000;;
   }

   Frame Bip01_Spine {
    

    FrameTransformMatrix {
     0.984686,0.000002,-0.174337,0.000000,-0.000001,1.000000,0.000004,0.000000,0.174337,-0.000004,0.984686,0.000000,0.051619,0.000000,-0.000083,1.000000;;
    }

    Frame Bip01_Spine1 {
     

     FrameTransformMatrix {
      0.997819,0.052687,0.039774,0.000000,-0.044862,0.983198,-0.176942,0.000000,-0.048428,0.174771,0.983417,0.000000,0.106484,-0.000015,-0.000083,1.000000;;
     }

     Frame Bip01_Neck {
      

      FrameTransformMatrix {
       0.966067,-0.020835,0.257451,0.000000,0.025191,0.999590,-0.013632,0.000000,-0.257061,0.019655,0.966195,0.000000,0.130511,-0.000001,0.004626,1.000000;;
      }

      Frame Bip01_Head {
       

       FrameTransformMatrix {
        0.989321,-0.051753,-0.136255,0.000000,0.064251,0.993958,0.088989,0.000000,0.130826,-0.096793,0.986669,0.000000,0.033674,-0.000000,0.000000,1.000000;;
       }
      }

      Frame Bip01_L_Clavicle {
       

       FrameTransformMatrix {
        -0.205975,0.976135,0.068811,0.000000,0.943873,0.216738,-0.249254,0.000000,-0.258220,0.013609,-0.965990,0.000000,-0.024734,0.015166,0.002017,1.000000;;
       }

       Frame Bip01_L_UpperArm {
        

        FrameTransformMatrix {
         0.385871,-0.777669,0.496320,0.000000,0.922466,0.332598,-0.196046,0.000000,-0.012616,0.533487,0.845714,0.000000,0.073469,0.000000,-0.000000,1.000000;;
        }

        Frame Bip01_L_Forearm {
         

         FrameTransformMatrix {
          0.943939,0.000000,-0.330119,0.000000,0.000000,1.000000,-0.000000,0.000000,0.330119,-0.000000,0.943939,0.000000,0.148340,0.000000,-0.000000,1.000000;;
         }

         Frame Bip01_L_Hand {
          

          FrameTransformMatrix {
           1.000000,-0.000000,0.000000,0.000000,0.000000,0.000796,1.000000,0.000000,0.000000,-1.000000,0.000796,0.000000,0.131860,-0.000000,0.000000,1.000000;;
          }

          Frame Bip01_L_Finger0 {
           

           FrameTransformMatrix {
            0.690342,-0.181727,0.700288,0.000000,0.558537,0.749101,-0.356210,0.000000,-0.459853,0.637043,0.618637,0.000000,0.057681,-0.023605,-0.000272,1.000000;;
           }
          }

          Frame Bip01_L_Finger1 {
           

           FrameTransformMatrix {
            0.728079,-0.000546,0.685493,0.000000,0.000000,1.000000,0.000796,0.000000,-0.685493,-0.000580,0.728079,0.000000,0.084102,0.000000,0.000000,1.000000;;
           }
          }
         }
        }
       }
      }

      Frame Bip01_R_Clavicle {
       

       FrameTransformMatrix {
        -0.028509,-0.999573,-0.006461,0.000000,-0.965665,0.025871,0.258498,0.000000,-0.258220,0.013609,-0.965990,0.000000,-0.024080,-0.016250,0.001399,1.000000;;
       }

       Frame Bip01_R_UpperArm {
        

        FrameTransformMatrix {
         0.221390,0.975047,0.016433,0.000000,-0.974986,0.221654,-0.016512,0.000000,-0.019742,-0.012366,0.999728,0.000000,0.073469,0.000000,-0.000000,1.000000;;
        }

        Frame Bip01_R_Forearm {
         

         FrameTransformMatrix {
          0.915660,-0.000000,-0.401954,0.000000,-0.000000,1.000000,-0.000000,0.000000,0.401954,-0.000000,0.915660,0.000000,0.148340,0.000000,-0.000000,1.000000;;
         }

         Frame Bip01_R_Hand {
          

          FrameTransformMatrix {
           0.975195,-0.000000,-0.221346,0.000000,-0.221346,0.000796,-0.975195,0.000000,0.000176,1.000000,0.000777,0.000000,0.131860,0.000000,0.000000,1.000000;;
          }

          Frame Bip01_R_Finger0 {
           

           FrameTransformMatrix {
            0.417774,-0.116941,0.900994,0.000000,-0.558537,0.749101,0.356210,0.000000,-0.716591,-0.652054,0.247639,0.000000,0.057681,0.023605,-0.000272,1.000000;;
           }
          }

          Frame Bip01_R_Finger1 {
           

           FrameTransformMatrix {
            0.352436,0.000745,0.935835,0.000000,-0.000000,1.000000,-0.000796,0.000000,-0.935836,0.000281,0.352436,0.000000,0.084102,-0.000000,0.000000,1.000000;;
           }
          }
         }
        }
       }
      }
     }

     Frame Bip01_BackPack {
      

      FrameTransformMatrix {
       0.180560,0.080500,-0.980264,0.000000,0.047560,0.994764,0.090451,0.000000,0.982413,-0.062954,0.175786,0.000000,0.063697,0.000003,-0.088856,1.000000;;
      }
     }
    }

    Frame Bip01_L_Thigh {
     

     FrameTransformMatrix {
      -0.888504,0.030427,0.457858,0.000000,-0.032107,-0.999476,0.004114,0.000000,0.457744,-0.011045,0.889016,0.000000,-0.050843,0.055225,-0.008917,1.000000;;
     }

     Frame Bip01_L_Calf {
      

      FrameTransformMatrix {
       0.942235,-0.000000,-0.334952,0.000000,-0.000000,1.000000,-0.000000,0.000000,0.334952,-0.000000,0.942235,0.000000,0.237500,0.000000,-0.000000,1.000000;;
      }

      Frame Bip01_L_Foot {
       

       FrameTransformMatrix {
        0.924325,-0.026487,0.380687,0.000000,-0.068962,0.969570,0.234901,0.000000,-0.375325,-0.243378,0.894371,0.000000,0.206841,0.000000,0.000000,1.000000;;
       }

       Frame Bip01_L_Toe0 {
        

        FrameTransformMatrix {
         0.000000,0.000000,1.000000,0.000000,0.000000,1.000000,-0.000000,0.000000,-1.000000,0.000000,0.000000,0.000000,0.065373,0.000000,0.066450,1.000000;;
        }
       }
      }
     }
    }

    Frame Bip01_R_Thigh {
     

     FrameTransformMatrix {
      -0.996965,0.030321,-0.071704,0.000000,-0.029454,-0.999480,-0.013113,0.000000,-0.072065,-0.010961,0.997340,0.000000,-0.050843,-0.055225,-0.008917,1.000000;;
     }

     Frame Bip01_R_Calf {
      

      FrameTransformMatrix {
       0.730239,0.000000,-0.683192,0.000000,0.000000,1.000000,0.000000,0.000000,0.683192,0.000000,0.730239,0.000000,0.237500,0.000000,0.000000,1.000000;;
      }

      Frame Bip01_R_Foot {
       

       FrameTransformMatrix {
        0.991957,0.087165,-0.091782,0.000000,-0.093276,0.993546,-0.064539,0.000000,0.085565,0.072581,0.993685,0.000000,0.206841,0.000000,0.000000,1.000000;;
       }

       Frame Bip01_R_Toe0 {
        

        FrameTransformMatrix {
         0.000000,0.000000,1.000000,0.000000,0.000000,1.000000,-0.000000,0.000000,-1.000000,0.000000,0.000000,0.000000,0.065373,0.000000,0.066450,1.000000;;
        }
       }
      }
     }
    }
   }

   Frame Bip01_DressFront {
    

    FrameTransformMatrix {
     -0.880185,-0.088339,0.466338,0.000000,0.121847,0.907542,0.401896,0.000000,-0.458725,0.410564,-0.788041,0.000000,-0.043935,0.001339,0.061057,1.000000;;
    }

    Frame Bip01_DressFront02 {
     

     FrameTransformMatrix {
      0.912593,0.000001,0.408870,0.000000,-0.000001,1.000000,-0.000000,0.000000,-0.408870,-0.000000,0.912593,0.000000,0.183378,-0.000000,-0.000120,1.000000;;
     }
    }
   }

   Frame Bip01_DressBack {
    

    FrameTransformMatrix {
     -0.886023,0.038029,0.462080,0.000000,0.191625,0.937561,0.290274,0.000000,-0.422190,0.345735,-0.837988,0.000000,-0.047673,-0.000048,-0.078302,1.000000;;
    }

    Frame Bip01_DressBack02 {
     

     FrameTransformMatrix {
      0.936852,0.174932,-0.302833,0.000000,-0.166408,0.984581,0.053939,0.000000,0.307600,-0.000139,0.951516,0.000000,0.176125,0.000000,-0.000103,1.000000;;
     }
    }
   }
  }

  Frame Bip01_Prop1 {
   

   FrameTransformMatrix {
    -0.233929,-0.108090,0.966227,0.000000,0.687222,0.684611,0.242967,0.000000,-0.687752,0.720849,-0.085868,0.000000,0.072994,-0.055506,-0.134034,1.000000;;
   }
  }

  Frame Bip01_Prop2 {
   

   FrameTransformMatrix {
    -0.163643,-0.967062,0.194966,0.000000,0.985576,-0.168906,-0.010564,0.000000,0.043147,0.190425,0.980753,0.000000,-0.140709,-0.103585,0.102365,1.000000;;
   }
  }
 }
}

Frame Translation_Data {
 

 FrameTransformMatrix {
  1.000000,0.000000,0.000000,0.000000,0.000000,-0.000000,-1.000000,0.000000,0.000000,1.000000,-0.000000,0.000000,0.000000,0.000000,0.000000,1.000000;;
 }
}

Frame Kate_Hair_Grungey {
 

 FrameTransformMatrix {
  1.000000,0.000000,0.000000,0.000000,0.000000,1.000000,0.000000,0.000000,0.000000,0.000000,1.000000,0.000000,0.000000,0.000000,0.000000,1.000000;;
 }

 Mesh Kate_Hair_Grungey {
  201;
  -0.040198;0.939263;-0.002600;,
  -0.027266;0.944087;-0.018788;,
  -0.027266;0.938404;-0.016479;,
  -0.042959;0.943009;-0.002600;,
  -0.000000;0.946190;-0.027115;,
  -0.000000;0.939734;-0.026472;,
  -0.000000;0.838130;0.080251;,
  -0.047292;0.846146;0.097747;,
  -0.027735;0.837398;0.074737;,
  -0.000000;0.846433;0.107302;,
  -0.072790;0.842279;0.063188;,
  -0.043026;0.835421;0.058890;,
  -0.077468;0.844731;0.021918;,
  -0.052187;0.836848;0.021817;,
  -0.047836;0.936512;0.008351;,
  -0.045432;0.931640;0.008351;,
  -0.035998;0.971136;0.025324;,
  -0.053904;0.955421;0.023027;,
  -0.044638;0.964482;0.043108;,
  -0.016931;0.978100;0.026908;,
  -0.032428;0.967026;0.057111;,
  -0.000000;0.969901;0.063440;,
  -0.000000;0.980425;0.027345;,
  -0.055506;0.923442;0.012053;,
  -0.047937;0.920596;0.012053;,
  -0.060089;0.940235;0.053916;,
  -0.063741;0.935561;0.026685;,
  -0.038108;0.942520;0.073195;,
  -0.000000;0.944772;0.083977;,
  -0.058012;0.909239;0.009182;,
  -0.050093;0.906390;0.009145;,
  -0.067512;0.909065;0.025969;,
  -0.063146;0.907760;0.057570;,
  -0.036611;0.908105;0.083153;,
  -0.000000;0.910842;0.092496;,
  -0.056134;0.878870;0.055474;,
  -0.060999;0.879543;0.023790;,
  -0.034232;0.881216;0.077873;,
  -0.000000;0.883953;0.087216;,
  -0.049924;0.882822;0.004142;,
  -0.048778;0.858450;-0.001391;,
  -0.058640;0.866338;0.004007;,
  -0.056488;0.848760;0.058051;,
  -0.063061;0.853760;0.021915;,
  -0.034581;0.851105;0.080450;,
  -0.000000;0.853842;0.089793;,
  -0.000000;0.887139;0.077524;,
  -0.034228;0.887527;0.068674;,
  -0.043442;0.884083;0.054725;,
  -0.051368;0.879131;0.021844;,
  -0.049504;0.845335;-0.000089;,
  -0.055936;0.839601;0.002609;,
  -0.075346;0.854052;0.021917;,
  -0.071592;0.852493;0.063039;,
  -0.046094;0.856360;0.097598;,
  -0.000000;0.856647;0.107153;,
  -0.074931;0.868186;0.010717;,
  -0.076445;0.844065;0.009739;,
  -0.016157;0.968350;0.018336;,
  -0.000000;0.970601;0.018336;,
  -0.033447;0.962165;0.018336;,
  -0.047471;0.946819;0.016525;,
  -0.058929;0.930085;0.021048;,
  -0.063559;0.908875;0.021573;,
  -0.055936;0.839601;0.002609;,
  -0.052187;0.836848;0.021817;,
  -0.076445;0.844065;0.009739;,
  -0.052187;0.836848;0.021817;,
  -0.050984;0.881480;0.011967;,
  -0.051368;0.879131;0.021844;,
  -0.055936;0.839601;0.002609;,
  -0.000000;0.970601;0.018336;,
  -0.016299;0.962541;-0.001362;,
  -0.016157;0.968350;0.018336;,
  0.004788;0.964793;-0.005238;,
  -0.036154;0.957302;0.007275;,
  -0.033447;0.962165;0.018336;,
  -0.047471;0.946819;0.016525;,
  -0.021864;0.955788;-0.011446;,
  0.005110;0.958022;-0.018272;,
  -0.042959;0.943009;-0.002600;,
  -0.047836;0.936512;0.008351;,
  -0.055506;0.923442;0.012053;,
  -0.058929;0.930085;0.021048;,
  -0.049504;0.845335;-0.000089;,
  -0.048778;0.858450;-0.001391;,
  -0.049924;0.882822;0.004142;,
  -0.050093;0.906390;0.009145;,
  -0.049188;0.905800;0.015031;,
  -0.027266;0.944087;-0.018788;,
  -0.000000;0.946190;-0.027115;,
  -0.077468;0.844731;0.021918;,
  -0.075346;0.854052;0.021917;,
  -0.076445;0.844065;0.009739;,
  -0.075346;0.854052;0.021917;,
  -0.083496;0.868007;0.021008;,
  -0.064097;0.888858;0.018217;,
  -0.060999;0.879543;0.023790;,
  -0.063559;0.908875;0.021573;,
  -0.063061;0.853760;0.021915;,
  -0.063725;0.888469;0.008821;,
  -0.069726;0.884010;0.017817;,
  -0.073409;0.885222;0.013872;,
  -0.077715;0.884787;0.020602;,
  0.028769;0.945458;-0.016386;,
  0.026067;0.958854;-0.006333;,
  0.027475;0.938321;-0.015743;,
  0.028769;0.945458;-0.016386;,
  0.040060;0.942027;-0.002600;,
  0.028769;0.945458;-0.016386;,
  0.040373;0.948344;-0.004155;,
  0.027475;0.938321;-0.015743;,
  0.047292;0.844899;0.094596;,
  0.027735;0.837398;0.074737;,
  0.064363;0.841937;0.063188;,
  0.039100;0.835421;0.058890;,
  0.064056;0.840470;0.038649;,
  0.045782;0.838018;0.039147;,
  0.046292;0.940568;0.011846;,
  0.043888;0.935696;0.011846;,
  0.035998;0.971136;0.025324;,
  0.044638;0.964482;0.043108;,
  0.053904;0.955421;0.023027;,
  0.016931;0.978100;0.026908;,
  0.032428;0.967026;0.057111;,
  0.054229;0.921383;0.020953;,
  0.048079;0.918537;0.019184;,
  0.060089;0.940235;0.053916;,
  0.063741;0.935561;0.029324;,
  0.038108;0.942520;0.073195;,
  0.054057;0.906212;0.037669;,
  0.050093;0.903601;0.036652;,
  0.064957;0.909065;0.048566;,
  0.063146;0.907760;0.057570;,
  0.036611;0.908105;0.083153;,
  0.056134;0.878870;0.055474;,
  0.058639;0.865961;0.045242;,
  0.034232;0.881216;0.077873;,
  0.052148;0.849131;0.058051;,
  0.054802;0.853199;0.040567;,
  0.034581;0.851476;0.080450;,
  0.034228;0.887527;0.068674;,
  0.043442;0.884083;0.054725;,
  0.047271;0.881480;0.042934;,
  0.062891;0.853369;0.040766;,
  0.063165;0.852151;0.063039;,
  0.046094;0.855112;0.094447;,
  0.046910;0.841747;0.027995;,
  0.070963;0.854575;0.030614;,
  0.056303;0.842971;0.028486;,
  0.046721;0.853098;0.029269;,
  0.016157;0.968350;0.018336;,
  0.033447;0.962165;0.018336;,
  0.047471;0.946819;0.016525;,
  0.055498;0.930085;0.023687;,
  0.056977;0.909302;0.043220;,
  -0.000000;0.970601;0.018336;,
  0.016157;0.968350;0.018336;,
  0.026067;0.958854;-0.006333;,
  0.036154;0.958691;0.009115;,
  0.033447;0.962165;0.018336;,
  0.047471;0.946819;0.016525;,
  0.040373;0.948344;-0.004155;,
  0.046292;0.940568;0.011846;,
  0.054229;0.921383;0.020953;,
  0.055498;0.930085;0.023687;,
  0.048556;0.867202;0.032632;,
  0.054802;0.853199;0.040567;,
  0.058639;0.865961;0.045242;,
  0.062891;0.853369;0.040766;,
  0.062891;0.853369;0.040766;,
  0.064056;0.840470;0.038649;,
  0.070963;0.854575;0.030614;,
  0.045782;0.838018;0.039147;,
  0.056303;0.842971;0.028486;,
  0.046910;0.841747;0.027995;,
  0.045782;0.838018;0.039147;,
  0.046721;0.853098;0.029269;,
  0.046910;0.841747;0.027995;,
  0.047271;0.881480;0.042934;,
  0.048556;0.867202;0.032632;,
  0.050093;0.903601;0.036652;,
  0.049188;0.905491;0.042258;,
  0.028769;0.945458;-0.016386;,
  0.064056;0.840470;0.038649;,
  0.056977;0.909302;0.043220;,
  0.058639;0.865961;0.045242;,
  0.059676;0.878301;0.042874;,
  0.056977;0.909302;0.043220;,
  0.053041;0.878841;0.036978;,
  0.054057;0.906212;0.037669;,
  0.059676;0.878301;0.042874;,
  0.061902;0.865446;0.040800;,
  0.063491;0.874346;0.039653;,
  0.061902;0.865446;0.040800;,
  0.061894;0.866270;0.031448;,
  0.063058;0.874715;0.032555;,
  0.063491;0.874346;0.039653;,
  0.075253;0.876835;0.034342;,
  0.075253;0.876835;0.034342;,
  0.056977;0.909302;0.043220;;
  249;
  3;0,1,2;,
  3;1,0,3;,
  3;2,4,5;,
  3;4,2,1;,
  3;6,7,8;,
  3;7,6,9;,
  3;8,10,11;,
  3;10,8,7;,
  3;11,12,13;,
  3;12,11,10;,
  3;0,14,3;,
  3;14,0,15;,
  3;16,17,18;,
  3;19,18,20;,
  3;18,19,16;,
  3;19,21,22;,
  3;21,19,20;,
  3;15,23,14;,
  3;23,15,24;,
  3;17,25,18;,
  3;25,17,26;,
  3;18,27,20;,
  3;27,18,25;,
  3;20,28,21;,
  3;28,20,27;,
  3;24,29,23;,
  3;29,24,30;,
  3;31,25,26;,
  3;25,31,32;,
  3;25,33,27;,
  3;33,25,32;,
  3;27,34,28;,
  3;34,27,33;,
  3;31,35,32;,
  3;35,31,36;,
  3;32,37,33;,
  3;37,32,35;,
  3;33,38,34;,
  3;38,33,37;,
  3;39,40,41;,
  3;36,42,35;,
  3;42,36,43;,
  3;42,37,35;,
  3;37,42,44;,
  3;44,38,37;,
  3;38,44,45;,
  3;46,8,47;,
  3;8,46,6;,
  3;47,11,48;,
  3;11,47,8;,
  3;48,13,49;,
  3;13,48,11;,
  3;50,41,40;,
  3;41,50,51;,
  3;52,10,53;,
  3;10,52,12;,
  3;53,7,54;,
  3;7,53,10;,
  3;54,9,55;,
  3;9,54,7;,
  3;43,53,42;,
  3;53,43,52;,
  3;42,54,44;,
  3;54,42,53;,
  3;44,55,45;,
  3;55,44,54;,
  3;51,56,41;,
  3;56,51,57;,
  3;22,58,19;,
  3;58,22,59;,
  3;19,60,16;,
  3;60,19,58;,
  3;16,61,17;,
  3;61,16,60;,
  3;17,62,26;,
  3;62,17,61;,
  3;26,63,31;,
  3;63,26,62;,
  3;31,63,36;,
  3;12,64,65;,
  3;64,12,66;,
  3;67,68,69;,
  3;68,67,70;,
  3;71,72,73;,
  3;72,71,74;,
  3;73,75,76;,
  3;75,73,72;,
  3;76,75,77;,
  3;74,78,72;,
  3;78,74,79;,
  3;78,75,72;,
  3;75,78,80;,
  3;80,77,75;,
  3;77,80,81;,
  3;77,82,83;,
  3;82,77,81;,
  3;84,68,70;,
  3;68,84,85;,
  3;68,85,86;,
  3;68,87,88;,
  3;87,68,86;,
  3;79,89,78;,
  3;89,79,90;,
  3;78,89,80;,
  3;91,92,93;,
  3;57,94,95;,
  3;57,95,56;,
  3;96,97,98;,
  3;97,96,99;,
  3;96,29,100;,
  3;29,96,98;,
  3;96,94,99;,
  3;94,96,101;,
  3;102,41,56;,
  3;41,102,100;,
  3;100,101,96;,
  3;101,100,102;,
  3;101,103,94;,
  3;102,103,101;,
  3;79,104,90;,
  3;104,79,105;,
  3;4,106,5;,
  3;106,4,107;,
  3;79,74,105;,
  3;74,71,105;,
  3;108,109,110;,
  3;109,108,111;,
  3;6,112,9;,
  3;112,6,113;,
  3;113,114,112;,
  3;114,113,115;,
  3;115,116,114;,
  3;116,115,117;,
  3;108,118,119;,
  3;118,108,110;,
  3;120,121,122;,
  3;123,121,120;,
  3;121,123,124;,
  3;123,21,124;,
  3;21,123,22;,
  3;119,125,126;,
  3;125,119,118;,
  3;122,127,128;,
  3;127,122,121;,
  3;121,129,127;,
  3;129,121,124;,
  3;124,28,129;,
  3;28,124,21;,
  3;126,130,131;,
  3;130,126,125;,
  3;132,127,133;,
  3;127,132,128;,
  3;127,134,133;,
  3;134,127,129;,
  3;129,34,134;,
  3;34,129,28;,
  3;132,135,136;,
  3;135,132,133;,
  3;133,137,135;,
  3;137,133,134;,
  3;134,38,137;,
  3;38,134,34;,
  3;136,138,139;,
  3;138,136,135;,
  3;137,138,135;,
  3;138,137,140;,
  3;38,140,137;,
  3;140,38,45;,
  3;46,113,6;,
  3;113,46,141;,
  3;141,115,113;,
  3;115,141,142;,
  3;142,117,115;,
  3;117,142,143;,
  3;144,114,116;,
  3;114,144,145;,
  3;145,112,114;,
  3;112,145,146;,
  3;146,9,112;,
  3;9,146,55;,
  3;139,145,144;,
  3;145,139,138;,
  3;138,146,145;,
  3;146,138,140;,
  3;140,55,146;,
  3;55,140,45;,
  3;147,148,149;,
  3;148,147,150;,
  3;22,151,59;,
  3;151,22,123;,
  3;123,152,151;,
  3;152,123,120;,
  3;120,153,152;,
  3;153,120,122;,
  3;122,154,153;,
  3;154,122,128;,
  3;128,155,154;,
  3;155,128,132;,
  3;132,136,155;,
  3;156,157,158;,
  3;157,159,158;,
  3;159,157,160;,
  3;160,161,159;,
  3;158,159,162;,
  3;162,161,163;,
  3;161,162,159;,
  3;161,164,163;,
  3;164,161,165;,
  3;166,167,150;,
  3;167,166,168;,
  3;167,148,150;,
  3;148,167,169;,
  3;170,171,172;,
  3;173,174,171;,
  3;174,173,175;,
  3;176,177,178;,
  3;177,176,179;,
  3;177,179,180;,
  3;179,181,180;,
  3;181,179,182;,
  3;158,162,183;,
  3;184,149,148;,
  3;185,186,187;,
  3;188,189,190;,
  3;189,188,191;,
  3;187,192,193;,
  3;192,187,186;,
  3;166,194,168;,
  3;194,166,195;,
  3;166,196,195;,
  3;196,166,189;,
  3;191,196,189;,
  3;196,191,197;,
  3;193,192,198;,
  3;194,195,199;,
  3;195,196,199;,
  3;196,197,199;,
  3;131,189,166;,
  3;189,131,130;,
  3;165,190,164;,
  3;190,165,200;,
  3;29,83,82;,
  3;83,29,98;,
  3;94,103,95;,
  3;100,39,41;,
  3;29,39,100;,
  3;30,39,29;,
  3;102,95,103;,
  3;95,102,56;;

  MeshNormals {
   201;
   -0.653635;-0.444290;-0.612672;,
   -0.451177;-0.348093;-0.821748;,
   -0.534952;-0.300841;-0.789507;,
   -0.641101;-0.472529;-0.604736;,
   0.020187;-0.123071;-0.992193;,
   0.010836;-0.099113;-0.995017;,
   -0.001672;-0.866404;-0.499342;,
   -0.464140;-0.497004;0.733185;,
   0.259778;-0.884645;-0.387194;,
   0.020523;-0.544240;0.838679;,
   -0.781802;-0.548233;0.297029;,
   0.454933;-0.869077;-0.194272;,
   -0.877152;-0.480172;0.006225;,
   0.497319;-0.853989;-0.152896;,
   -0.576417;-0.304643;-0.758246;,
   -0.408611;-0.245262;-0.879138;,
   -0.413627;0.824965;-0.385156;,
   -0.703091;0.536595;-0.466614;,
   -0.624041;0.745431;0.234319;,
   -0.203438;0.935866;-0.287695;,
   -0.403982;0.766898;0.498664;,
   -0.000000;0.822612;0.568603;,
   0.000000;0.966890;-0.255195;,
   -0.039772;-0.035951;-0.998562;,
   -0.012287;-0.028927;-0.999506;,
   -0.833663;0.367010;0.412686;,
   -0.911621;0.255212;-0.322203;,
   -0.473705;0.400509;0.784345;,
   0.000000;0.430398;0.902639;,
   -0.519007;0.211909;-0.828086;,
   0.067520;0.200580;-0.977348;,
   -0.960242;-0.026384;-0.277919;,
   -0.890727;-0.053968;0.451323;,
   -0.473858;0.003426;0.880594;,
   0.000000;0.040377;0.999185;,
   -0.892149;-0.093673;0.441923;,
   -0.989519;-0.088831;0.113846;,
   -0.502919;-0.069624;0.861525;,
   -0.000109;-0.066485;0.997787;,
   -0.256105;0.147250;-0.955368;,
   -0.471534;0.013936;-0.881738;,
   -0.376097;0.098586;-0.921321;,
   -0.406330;0.882150;0.238133;,
   -0.608420;0.776936;0.161848;,
   -0.293769;0.870716;0.394402;,
   -0.005075;0.839666;0.543079;,
   0.000000;-0.076858;-0.997042;,
   0.575367;-0.057445;-0.815875;,
   0.914051;-0.028630;-0.404589;,
   0.972627;-0.018702;-0.231617;,
   -0.421688;-0.006577;-0.906717;,
   -0.431378;-0.477069;-0.765714;,
   -0.755102;0.248742;0.606588;,
   -0.627069;0.739850;0.243735;,
   -0.370546;0.743064;0.557271;,
   0.025430;0.726381;0.686822;,
   -0.573468;0.128465;-0.809093;,
   -0.684078;-0.542543;-0.487529;,
   -0.159215;0.648636;-0.744259;,
   0.000000;0.675881;-0.737011;,
   -0.321625;0.535482;-0.780908;,
   -0.468527;0.303070;-0.829838;,
   -0.661411;0.154129;-0.734016;,
   -0.739104;0.008388;-0.673539;,
   -0.431378;-0.477069;-0.765714;,
   -0.297064;-0.951633;-0.078414;,
   -0.684078;-0.542543;-0.487529;,
   0.984116;-0.063147;-0.165913;,
   0.995085;-0.027318;0.095180;,
   0.999226;-0.019385;0.034221;,
   0.965442;-0.160104;0.205642;,
   0.002102;0.963355;-0.268221;,
   -0.251411;0.900407;-0.355049;,
   -0.233213;0.930902;-0.281129;,
   0.046768;0.937476;-0.344893;,
   -0.588776;0.745792;-0.311670;,
   -0.475519;0.842269;-0.253901;,
   -0.822601;0.468710;-0.321929;,
   -0.370679;0.731495;-0.572287;,
   0.068273;0.732247;-0.677609;,
   -0.734951;0.540818;-0.409101;,
   -0.879256;0.314738;-0.357560;,
   -0.811646;0.293235;-0.505216;,
   -0.800879;0.307365;-0.513926;,
   0.651385;-0.215939;0.727371;,
   0.977658;-0.027265;0.208428;,
   0.990998;-0.001999;0.133864;,
   0.993622;-0.047135;-0.102439;,
   0.986170;-0.053052;-0.157018;,
   -0.442266;0.622164;-0.645998;,
   -0.050574;0.611807;-0.789388;,
   -0.877152;-0.480172;0.006225;,
   -0.755102;0.248742;0.606588;,
   -0.684078;-0.542543;-0.487529;,
   -0.755102;0.248742;0.606588;,
   -0.915705;0.082273;0.393340;,
   -0.916904;0.265597;0.297900;,
   -0.861452;0.017101;0.507550;,
   -0.931431;0.126987;-0.341043;,
   -0.105899;0.101094;0.989225;,
   -0.634598;0.329412;-0.699123;,
   -0.110183;0.626713;0.771421;,
   -0.487788;0.756992;-0.434771;,
   -0.509564;0.692995;0.510002;,
   0.426245;0.571750;-0.701012;,
   0.399203;0.789470;-0.466233;,
   0.532914;-0.167236;-0.829479;,
   0.575980;-0.176886;-0.798097;,
   0.835562;-0.191746;-0.514849;,
   0.575980;-0.176886;-0.798097;,
   0.806710;-0.178645;-0.563298;,
   0.532914;-0.167236;-0.829479;,
   0.532373;-0.499459;0.683462;,
   -0.278644;-0.894520;-0.349558;,
   0.815507;-0.527026;0.239146;,
   -0.508345;-0.832153;-0.221602;,
   0.700080;-0.702357;-0.128775;,
   -0.552613;-0.781112;-0.290658;,
   0.743813;-0.327879;-0.582441;,
   0.607371;-0.309244;-0.731757;,
   0.413627;0.824965;-0.385156;,
   0.624041;0.745431;0.234319;,
   0.720850;0.497664;-0.482397;,
   0.203438;0.935866;-0.287695;,
   0.403983;0.766898;0.498664;,
   0.446140;-0.476791;-0.757383;,
   0.447357;-0.483618;-0.752320;,
   0.830871;0.370514;0.415179;,
   0.913328;0.039086;-0.405346;,
   0.473705;0.400509;0.784345;,
   0.465835;-0.425109;-0.776067;,
   0.413777;-0.246406;-0.876398;,
   0.959466;-0.129612;-0.250251;,
   0.878865;-0.058680;0.473448;,
   0.473859;0.003427;0.880594;,
   0.823927;-0.144994;0.547833;,
   0.958623;-0.169491;0.228726;,
   0.512771;-0.083467;0.854459;,
   0.418182;0.839342;0.347317;,
   0.605265;0.773284;-0.188910;,
   0.322279;0.869225;0.374947;,
   -0.588850;-0.027272;-0.807782;,
   -0.893167;0.042496;-0.447713;,
   -0.945400;0.060287;-0.320289;,
   0.555138;0.795402;0.243223;,
   0.645227;0.746116;0.164294;,
   0.442637;0.722716;0.530804;,
   0.122434;-0.578057;-0.806759;,
   0.823564;0.442876;-0.354405;,
   0.211265;-0.511411;-0.832962;,
   0.384944;0.398831;-0.832317;,
   0.159215;0.648636;-0.744259;,
   0.321625;0.535482;-0.780908;,
   0.552528;0.220923;-0.803682;,
   0.670483;-0.227967;-0.706034;,
   0.549258;-0.306127;-0.777562;,
   0.002102;0.963355;-0.268221;,
   0.206452;0.937099;-0.281466;,
   0.399203;0.789470;-0.466233;,
   0.593991;0.776916;-0.208749;,
   0.483714;0.856375;-0.180670;,
   0.887506;0.326247;-0.325418;,
   0.682221;0.598574;-0.419861;,
   0.917316;0.112790;-0.381850;,
   0.966436;-0.046470;-0.252668;,
   0.864359;0.014453;-0.502667;,
   0.438441;-0.173632;-0.881829;,
   0.605265;0.773284;-0.188910;,
   0.855795;-0.507448;0.100559;,
   0.555138;0.795402;0.243223;,
   0.555138;0.795402;0.243223;,
   0.700080;-0.702357;-0.128775;,
   0.823564;0.442876;-0.354405;,
   0.127089;-0.941546;-0.311993;,
   0.211265;-0.511411;-0.832962;,
   0.122434;-0.578057;-0.806759;,
   -0.997411;0.016197;-0.070065;,
   -0.995764;0.041825;-0.081884;,
   -0.994742;-0.005073;-0.102285;,
   -0.976835;0.071924;-0.201543;,
   -0.907426;0.189068;-0.375275;,
   -0.979462;0.071414;-0.188557;,
   -0.980391;0.073111;-0.182999;,
   0.426245;0.571750;-0.701012;,
   0.700080;-0.702357;-0.128775;,
   0.902785;-0.133417;-0.408876;,
   0.855795;-0.507448;0.100559;,
   0.905326;0.348972;0.242082;,
   0.902785;-0.133417;-0.408876;,
   0.461941;0.325849;-0.824884;,
   0.914897;-0.121873;-0.384852;,
   0.905326;0.348972;0.242082;,
   0.485418;-0.788713;0.377230;,
   0.607783;0.486381;0.627720;,
   0.485418;-0.788713;0.377230;,
   0.216981;-0.648799;-0.729369;,
   0.062867;0.647179;-0.759742;,
   0.607783;0.486381;0.627720;,
   0.900418;0.419591;-0.114853;,
   0.900418;0.419591;-0.114853;,
   0.902785;-0.133417;-0.408876;;
   249;
   3;0,1,2;,
   3;1,0,3;,
   3;2,4,5;,
   3;4,2,1;,
   3;6,7,8;,
   3;7,6,9;,
   3;8,10,11;,
   3;10,8,7;,
   3;11,12,13;,
   3;12,11,10;,
   3;0,14,3;,
   3;14,0,15;,
   3;16,17,18;,
   3;19,18,20;,
   3;18,19,16;,
   3;19,21,22;,
   3;21,19,20;,
   3;15,23,14;,
   3;23,15,24;,
   3;17,25,18;,
   3;25,17,26;,
   3;18,27,20;,
   3;27,18,25;,
   3;20,28,21;,
   3;28,20,27;,
   3;24,29,23;,
   3;29,24,30;,
   3;31,25,26;,
   3;25,31,32;,
   3;25,33,27;,
   3;33,25,32;,
   3;27,34,28;,
   3;34,27,33;,
   3;31,35,32;,
   3;35,31,36;,
   3;32,37,33;,
   3;37,32,35;,
   3;33,38,34;,
   3;38,33,37;,
   3;39,40,41;,
   3;36,42,35;,
   3;42,36,43;,
   3;42,37,35;,
   3;37,42,44;,
   3;44,38,37;,
   3;38,44,45;,
   3;46,8,47;,
   3;8,46,6;,
   3;47,11,48;,
   3;11,47,8;,
   3;48,13,49;,
   3;13,48,11;,
   3;50,41,40;,
   3;41,50,51;,
   3;52,10,53;,
   3;10,52,12;,
   3;53,7,54;,
   3;7,53,10;,
   3;54,9,55;,
   3;9,54,7;,
   3;43,53,42;,
   3;53,43,52;,
   3;42,54,44;,
   3;54,42,53;,
   3;44,55,45;,
   3;55,44,54;,
   3;51,56,41;,
   3;56,51,57;,
   3;22,58,19;,
   3;58,22,59;,
   3;19,60,16;,
   3;60,19,58;,
   3;16,61,17;,
   3;61,16,60;,
   3;17,62,26;,
   3;62,17,61;,
   3;26,63,31;,
   3;63,26,62;,
   3;31,63,36;,
   3;12,64,65;,
   3;64,12,66;,
   3;67,68,69;,
   3;68,67,70;,
   3;71,72,73;,
   3;72,71,74;,
   3;73,75,76;,
   3;75,73,72;,
   3;76,75,77;,
   3;74,78,72;,
   3;78,74,79;,
   3;78,75,72;,
   3;75,78,80;,
   3;80,77,75;,
   3;77,80,81;,
   3;77,82,83;,
   3;82,77,81;,
   3;84,68,70;,
   3;68,84,85;,
   3;68,85,86;,
   3;68,87,88;,
   3;87,68,86;,
   3;79,89,78;,
   3;89,79,90;,
   3;78,89,80;,
   3;91,92,93;,
   3;57,94,95;,
   3;57,95,56;,
   3;96,97,98;,
   3;97,96,99;,
   3;96,29,100;,
   3;29,96,98;,
   3;96,94,99;,
   3;94,96,101;,
   3;102,41,56;,
   3;41,102,100;,
   3;100,101,96;,
   3;101,100,102;,
   3;101,103,94;,
   3;102,103,101;,
   3;79,104,90;,
   3;104,79,105;,
   3;4,106,5;,
   3;106,4,107;,
   3;79,74,105;,
   3;74,71,105;,
   3;108,109,110;,
   3;109,108,111;,
   3;6,112,9;,
   3;112,6,113;,
   3;113,114,112;,
   3;114,113,115;,
   3;115,116,114;,
   3;116,115,117;,
   3;108,118,119;,
   3;118,108,110;,
   3;120,121,122;,
   3;123,121,120;,
   3;121,123,124;,
   3;123,21,124;,
   3;21,123,22;,
   3;119,125,126;,
   3;125,119,118;,
   3;122,127,128;,
   3;127,122,121;,
   3;121,129,127;,
   3;129,121,124;,
   3;124,28,129;,
   3;28,124,21;,
   3;126,130,131;,
   3;130,126,125;,
   3;132,127,133;,
   3;127,132,128;,
   3;127,134,133;,
   3;134,127,129;,
   3;129,34,134;,
   3;34,129,28;,
   3;132,135,136;,
   3;135,132,133;,
   3;133,137,135;,
   3;137,133,134;,
   3;134,38,137;,
   3;38,134,34;,
   3;136,138,139;,
   3;138,136,135;,
   3;137,138,135;,
   3;138,137,140;,
   3;38,140,137;,
   3;140,38,45;,
   3;46,113,6;,
   3;113,46,141;,
   3;141,115,113;,
   3;115,141,142;,
   3;142,117,115;,
   3;117,142,143;,
   3;144,114,116;,
   3;114,144,145;,
   3;145,112,114;,
   3;112,145,146;,
   3;146,9,112;,
   3;9,146,55;,
   3;139,145,144;,
   3;145,139,138;,
   3;138,146,145;,
   3;146,138,140;,
   3;140,55,146;,
   3;55,140,45;,
   3;147,148,149;,
   3;148,147,150;,
   3;22,151,59;,
   3;151,22,123;,
   3;123,152,151;,
   3;152,123,120;,
   3;120,153,152;,
   3;153,120,122;,
   3;122,154,153;,
   3;154,122,128;,
   3;128,155,154;,
   3;155,128,132;,
   3;132,136,155;,
   3;156,157,158;,
   3;157,159,158;,
   3;159,157,160;,
   3;160,161,159;,
   3;158,159,162;,
   3;162,161,163;,
   3;161,162,159;,
   3;161,164,163;,
   3;164,161,165;,
   3;166,167,150;,
   3;167,166,168;,
   3;167,148,150;,
   3;148,167,169;,
   3;170,171,172;,
   3;173,174,171;,
   3;174,173,175;,
   3;176,177,178;,
   3;177,176,179;,
   3;177,179,180;,
   3;179,181,180;,
   3;181,179,182;,
   3;158,162,183;,
   3;184,149,148;,
   3;185,186,187;,
   3;188,189,190;,
   3;189,188,191;,
   3;187,192,193;,
   3;192,187,186;,
   3;166,194,168;,
   3;194,166,195;,
   3;166,196,195;,
   3;196,166,189;,
   3;191,196,189;,
   3;196,191,197;,
   3;193,192,198;,
   3;194,195,199;,
   3;195,196,199;,
   3;196,197,199;,
   3;131,189,166;,
   3;189,131,130;,
   3;165,190,164;,
   3;190,165,200;,
   3;29,83,82;,
   3;83,29,98;,
   3;94,103,95;,
   3;100,39,41;,
   3;29,39,100;,
   3;30,39,29;,
   3;102,95,103;,
   3;95,102,56;;
  }

  MeshMaterialList {
   1;
   249;
   0,
   0,
   0,
   0,
   0,
   0,
   0,
   0,
   0,
   0,
   0,
   0,
   0,
   0,
   0,
   0,
   0,
   0,
   0,
   0,
   0,
   0,
   0,
   0,
   0,
   0,
   0,
   0,
   0,
   0,
   0,
   0,
   0,
   0,
   0,
   0,
   0,
   0,
   0,
   0,
   0,
   0,
   0,
   0,
   0,
   0,
   0,
   0,
   0,
   0,
   0,
   0,
   0,
   0,
   0,
   0,
   0,
   0,
   0,
   0,
   0,
   0,
   0,
   0,
   0,
   0,
   0,
   0,
   0,
   0,
   0,
   0,
   0,
   0,
   0,
   0,
   0,
   0,
   0,
   0,
   0,
   0,
   0,
   0,
   0,
   0,
   0,
   0,
   0,
   0,
   0,
   0,
   0,
   0,
   0,
   0,
   0,
   0,
   0,
   0,
   0,
   0,
   0,
   0,
   0,
   0,
   0,
   0,
   0,
   0,
   0,
   0,
   0,
   0,
   0,
   0,
   0,
   0,
   0,
   0,
   0,
   0,
   0,
   0,
   0,
   0,
   0,
   0,
   0,
   0,
   0,
   0,
   0,
   0,
   0,
   0,
   0,
   0,
   0,
   0,
   0,
   0,
   0,
   0,
   0,
   0,
   0,
   0,
   0,
   0,
   0,
   0,
   0,
   0,
   0,
   0,
   0,
   0,
   0,
   0,
   0,
   0,
   0,
   0,
   0,
   0,
   0,
   0,
   0,
   0,
   0,
   0,
   0,
   0,
   0,
   0,
   0,
   0,
   0,
   0,
   0,
   0,
   0,
   0,
   0,
   0,
   0,
   0,
   0,
   0,
   0,
   0,
   0,
   0,
   0,
   0,
   0,
   0,
   0,
   0,
   0,
   0,
   0,
   0,
   0,
   0,
   0,
   0,
   0,
   0,
   0,
   0,
   0,
   0,
   0,
   0,
   0,
   0,
   0,
   0,
   0,
   0,
   0,
   0,
   0,
   0,
   0,
   0,
   0,
   0,
   0,
   0,
   0,
   0,
   0,
   0,
   0,
   0,
   0,
   0,
   0,
   0,
   0,
   0,
   0,
   0,
   0,
   0,
   0;
   { _09_-_Defaultaaa }
  }

  MeshTextureCoords c1 {
   201;
   0.700322;0.572328;,
   0.744568;0.536775;,
   0.755183;0.542005;,
   0.689748;0.570637;,
   0.775862;0.486425;,
   0.791858;0.488024;,
   0.669555;0.803420;,
   0.779408;0.878949;,
   0.768559;0.807018;,
   0.668058;0.874162;,
   0.876570;0.850012;,
   0.854216;0.793573;,
   0.966317;0.804863;,
   0.950078;0.751780;,
   0.661916;0.600393;,
   0.671559;0.611557;,
   0.789311;0.465960;,
   0.842186;0.501711;,
   0.789685;0.514383;,
   0.736999;0.446222;,
   0.753716;0.527299;,
   0.682373;0.524922;,
   0.688857;0.438744;,
   0.636111;0.635082;,
   0.652111;0.637300;,
   0.819179;0.578940;,
   0.881919;0.546720;,
   0.760973;0.593466;,
   0.677321;0.596137;,
   0.632999;0.676061;,
   0.652707;0.678138;,
   0.912462;0.611422;,
   0.837099;0.651096;,
   0.757291;0.674354;,
   0.673239;0.672833;,
   0.846044;0.720136;,
   0.939707;0.685777;,
   0.764562;0.735018;,
   0.671512;0.732904;,
   0.659375;0.723516;,
   0.683380;0.761618;,
   0.666796;0.778798;,
   0.854216;0.793573;,
   0.950078;0.751780;,
   0.768559;0.807018;,
   0.669555;0.803420;,
   0.671512;0.732904;,
   0.764562;0.735018;,
   0.846044;0.720136;,
   0.939707;0.685777;,
   0.721282;0.761748;,
   0.739528;0.780183;,
   0.957078;0.782006;,
   0.869966;0.829696;,
   0.772281;0.858628;,
   0.667996;0.852151;,
   0.670906;0.846252;,
   0.743596;0.886452;,
   0.748794;0.419183;,
   0.690878;0.408780;,
   0.806960;0.446917;,
   0.865494;0.486605;,
   0.905329;0.537581;,
   0.928578;0.602995;,
   0.967468;0.745842;,
   0.950078;0.751780;,
   0.984507;0.800738;,
   0.950078;0.751780;,
   0.919718;0.693109;,
   0.939707;0.685777;,
   0.919405;0.765152;,
   0.588502;0.476626;,
   0.660750;0.509638;,
   0.586635;0.509362;,
   0.677123;0.471451;,
   0.647227;0.548347;,
   0.594343;0.545304;,
   0.615582;0.586357;,
   0.701377;0.521785;,
   0.727562;0.473569;,
   0.689748;0.570637;,
   0.661916;0.600393;,
   0.636111;0.635082;,
   0.604554;0.624047;,
   0.928802;0.752917;,
   0.928992;0.727964;,
   0.931176;0.693629;,
   0.935324;0.653179;,
   0.932988;0.667439;,
   0.744568;0.536775;,
   0.775862;0.486425;,
   1.180045;-0.197755;,
   1.180045;-0.197755;,
   1.180045;-0.197755;,
   0.683380;0.761618;,
   0.679891;0.891132;,
   0.588671;0.741349;,
   0.652707;0.678138;,
   0.604073;0.682945;,
   0.659375;0.723516;,
   0.621294;0.727568;,
   0.585211;0.763323;,
   0.614959;0.776087;,
   0.593957;0.824397;,
   0.763905;0.429855;,
   0.698138;0.432129;,
   0.786537;0.431729;,
   0.763905;0.429855;,
   0.713359;0.604706;,
   0.718935;0.547628;,
   0.734508;0.597506;,
   0.696605;0.546175;,
   0.556382;0.863755;,
   0.571162;0.797973;,
   0.467868;0.825419;,
   0.496159;0.779176;,
   0.429723;0.801305;,
   0.457894;0.758763;,
   0.717881;0.644937;,
   0.697580;0.645507;,
   0.586289;0.452789;,
   0.578443;0.501068;,
   0.529706;0.480719;,
   0.640319;0.440174;,
   0.611481;0.518451;,
   0.671861;0.707655;,
   0.649903;0.695408;,
   0.537280;0.560892;,
   0.493107;0.530109;,
   0.594008;0.583435;,
   0.628809;0.761377;,
   0.607550;0.754701;,
   0.488929;0.615866;,
   0.507080;0.632141;,
   0.588550;0.664415;,
   0.501405;0.705362;,
   0.467919;0.724762;,
   0.579205;0.725751;,
   0.496159;0.779176;,
   0.457894;0.758763;,
   0.571162;0.797973;,
   0.579205;0.725751;,
   0.501405;0.705362;,
   0.467919;0.724762;,
   0.446577;0.773949;,
   0.485239;0.806923;,
   0.561771;0.842110;,
   0.510366;0.775288;,
   0.452733;0.851460;,
   0.478291;0.788035;,
   0.526736;0.803127;,
   0.632259;0.411717;,
   0.571335;0.431575;,
   0.508792;0.463866;,
   0.471543;0.521172;,
   0.467304;0.606729;,
   0.922453;0.574928;,
