xof 0303txt 0032
template ColorRGBA {
 <35ff44e0-6c7c-11cf-8f52-0040333594a3>
 FLOAT red;
 FLOAT green;
 FLOAT blue;
 FLOAT alpha;
}

template ColorRGB {
 <d3e16e81-7835-11cf-8f52-0040333594a3>
 FLOAT red;
 FLOAT green;
 FLOAT blue;
}

template Material {
 <3d82ab4d-62da-11cf-ab39-0020af71e433>
 ColorRGBA faceColor;
 FLOAT power;
 ColorRGB specularColor;
 ColorRGB emissiveColor;
 [...]
}

template TextureFilename {
 <a42790e1-7810-11cf-8f52-0040333594a3>
 STRING filename;
}

template Frame {
 <3d82ab46-62da-11cf-ab39-0020af71e433>
 [...]
}

template Matrix4x4 {
 <f6f23f45-7686-11cf-8f52-0040333594a3>
 array FLOAT matrix[16];
}

template FrameTransformMatrix {
 <f6f23f41-7686-11cf-8f52-0040333594a3>
 Matrix4x4 frameMatrix;
}

template Vector {
 <3d82ab5e-62da-11cf-ab39-0020af71e433>
 FLOAT x;
 FLOAT y;
 FLOAT z;
}

template MeshFace {
 <3d82ab5f-62da-11cf-ab39-0020af71e433>
 DWORD nFaceVertexIndices;
 array DWORD faceVertexIndices[nFaceVertexIndices];
}

template Mesh {
 <3d82ab44-62da-11cf-ab39-0020af71e433>
 DWORD nVertices;
 array Vector vertices[nVertices];
 DWORD nFaces;
 array MeshFace faces[nFaces];
 [...]
}

template MeshNormals {
 <f6f23f43-7686-11cf-8f52-0040333594a3>
 DWORD nNormals;
 array Vector normals[nNormals];
 DWORD nFaceNormals;
 array MeshFace faceNormals[nFaceNormals];
}

template MeshMaterialList {
 <f6f23f42-7686-11cf-8f52-0040333594a3>
 DWORD nMaterials;
 DWORD nFaceIndexes;
 array DWORD faceIndexes[nFaceIndexes];
 [Material <3d82ab4d-62da-11cf-ab39-0020af71e433>]
}

template Coords2d {
 <f6f23f44-7686-11cf-8f52-0040333594a3>
 FLOAT u;
 FLOAT v;
}

template MeshTextureCoords {
 <f6f23f40-7686-11cf-8f52-0040333594a3>
 DWORD nTextureCoords;
 array Coords2d textureCoords[nTextureCoords];
}

template XSkinMeshHeader {
 <3cf169ce-ff7c-44ab-93c0-f78f62d172e2>
 WORD nMaxSkinWeightsPerVertex;
 WORD nMaxSkinWeightsPerFace;
 WORD nBones;
}

template SkinWeights {
 <6f0d123b-bad2-4167-a0d0-80224f25fabb>
 STRING transformNodeName;
 DWORD nWeights;
 array DWORD vertexIndices[nWeights];
 array FLOAT weights[nWeights];
 Matrix4x4 matrixOffset;
}

template AnimTicksPerSecond {
 <9e415a43-7ba6-4a73-8743-b73d47e88476>
 DWORD AnimTicksPerSecond;
}

template Animation {
 <3d82ab4f-62da-11cf-ab39-0020af71e433>
 [...]
}

template AnimationSet {
 <3d82ab50-62da-11cf-ab39-0020af71e433>
 [Animation <3d82ab4f-62da-11cf-ab39-0020af71e433>]
}

template FloatKeys {
 <10dd46a9-775b-11cf-8f52-0040333594a3>
 DWORD nValues;
 array FLOAT values[nValues];
}

template TimedFloatKeys {
 <f406b180-7b3b-11cf-8f52-0040333594a3>
 DWORD time;
 FloatKeys tfkeys;
}

template AnimationKey {
 <10dd46a8-775b-11cf-8f52-0040333594a3>
 DWORD keyType;
 DWORD nKeys;
 array TimedFloatKeys keys[nKeys];
}


Material Material__204 {
 1.000000;1.000000;1.000000;1.000000;;
 9.999999;
 0.000000;0.000000;0.000000;;
 0.000000;0.000000;0.000000;;

 TextureFilename {
  "F_Hair_White.png";
 }
}

Frame Dummy01 {
 

 FrameTransformMatrix {
  1.000000,0.000000,0.000000,0.000000,0.000000,-0.000000,-1.000000,0.000000,0.000000,1.000000,-0.000000,0.000000,0.000000,0.000000,0.000000,1.000000;;
 }

 Frame Bip01 {
  

  FrameTransformMatrix {
   -0.087155,0.982405,-0.165183,0.000000,-0.000001,0.165814,0.986157,0.000000,0.996195,0.085949,-0.014450,0.000000,-0.010000,-0.012284,0.490453,1.000000;;
  }

  Frame Bip01_Pelvis {
   

   FrameTransformMatrix {
    0.000000,1.000000,-0.000001,0.000000,-0.000001,0.000001,1.000000,0.000000,1.000000,0.000000,0.000001,0.000000,0.000000,0.000000,0.000000,1.000000;;
   }

   Frame Bip01_Spine {
    

    FrameTransformMatrix {
     0.984686,0.000002,-0.174337,0.000000,-0.000001,1.000000,0.000004,0.000000,0.174337,-0.000004,0.984686,0.000000,0.051619,0.000000,-0.000083,1.000000;;
    }

    Frame Bip01_Spine1 {
     

     FrameTransformMatrix {
      0.997819,0.052687,0.039774,0.000000,-0.044862,0.983198,-0.176942,0.000000,-0.048428,0.174771,0.983417,0.000000,0.106484,-0.000015,-0.000083,1.000000;;
     }

     Frame Bip01_Neck {
      

      FrameTransformMatrix {
       0.966067,-0.020835,0.257451,0.000000,0.025191,0.999590,-0.013632,0.000000,-0.257061,0.019655,0.966195,0.000000,0.130511,-0.000001,0.004626,1.000000;;
      }

      Frame Bip01_Head {
       

       FrameTransformMatrix {
        0.989321,-0.051753,-0.136255,0.000000,0.064251,0.993958,0.088989,0.000000,0.130826,-0.096793,0.986669,0.000000,0.033674,-0.000000,0.000000,1.000000;;
       }
      }

      Frame Bip01_L_Clavicle {
       

       FrameTransformMatrix {
        -0.205975,0.976135,0.068811,0.000000,0.943873,0.216738,-0.249254,0.000000,-0.258220,0.013609,-0.965990,0.000000,-0.024734,0.015166,0.002017,1.000000;;
       }

       Frame Bip01_L_UpperArm {
        

        FrameTransformMatrix {
         0.385871,-0.777669,0.496320,0.000000,0.922466,0.332598,-0.196046,0.000000,-0.012616,0.533487,0.845714,0.000000,0.073469,0.000000,-0.000000,1.000000;;
        }

        Frame Bip01_L_Forearm {
         

         FrameTransformMatrix {
          0.943939,0.000000,-0.330119,0.000000,0.000000,1.000000,-0.000000,0.000000,0.330119,-0.000000,0.943939,0.000000,0.148340,0.000000,-0.000000,1.000000;;
         }

         Frame Bip01_L_Hand {
          

          FrameTransformMatrix {
           1.000000,-0.000000,0.000000,0.000000,0.000000,0.000796,1.000000,0.000000,0.000000,-1.000000,0.000796,0.000000,0.131860,-0.000000,0.000000,1.000000;;
          }

          Frame Bip01_L_Finger0 {
           

           FrameTransformMatrix {
            0.690342,-0.181727,0.700288,0.000000,0.558537,0.749101,-0.356210,0.000000,-0.459853,0.637043,0.618637,0.000000,0.057681,-0.023605,-0.000272,1.000000;;
           }
          }

          Frame Bip01_L_Finger1 {
           

           FrameTransformMatrix {
            0.728079,-0.000546,0.685493,0.000000,0.000000,1.000000,0.000796,0.000000,-0.685493,-0.000580,0.728079,0.000000,0.084102,0.000000,0.000000,1.000000;;
           }
          }
         }
        }
       }
      }

      Frame Bip01_R_Clavicle {
       

       FrameTransformMatrix {
        -0.028509,-0.999573,-0.006461,0.000000,-0.965665,0.025871,0.258498,0.000000,-0.258220,0.013609,-0.965990,0.000000,-0.024080,-0.016250,0.001399,1.000000;;
       }

       Frame Bip01_R_UpperArm {
        

        FrameTransformMatrix {
         0.221390,0.975047,0.016433,0.000000,-0.974986,0.221654,-0.016512,0.000000,-0.019742,-0.012366,0.999728,0.000000,0.073469,0.000000,-0.000000,1.000000;;
        }

        Frame Bip01_R_Forearm {
         

         FrameTransformMatrix {
          0.915660,-0.000000,-0.401954,0.000000,-0.000000,1.000000,-0.000000,0.000000,0.401954,-0.000000,0.915660,0.000000,0.148340,0.000000,-0.000000,1.000000;;
         }

         Frame Bip01_R_Hand {
          

          FrameTransformMatrix {
           0.975195,-0.000000,-0.221346,0.000000,-0.221346,0.000796,-0.975195,0.000000,0.000176,1.000000,0.000777,0.000000,0.131860,0.000000,0.000000,1.000000;;
          }

          Frame Bip01_R_Finger0 {
           

           FrameTransformMatrix {
            0.417774,-0.116941,0.900994,0.000000,-0.558537,0.749101,0.356210,0.000000,-0.716591,-0.652054,0.247639,0.000000,0.057681,0.023605,-0.000272,1.000000;;
           }
          }

          Frame Bip01_R_Finger1 {
           

           FrameTransformMatrix {
            0.352436,0.000745,0.935835,0.000000,-0.000000,1.000000,-0.000796,0.000000,-0.935836,0.000281,0.352436,0.000000,0.084102,-0.000000,0.000000,1.000000;;
           }
          }
         }
        }
       }
      }
     }

     Frame Bip01_BackPack {
      

      FrameTransformMatrix {
       0.180560,0.080500,-0.980264,0.000000,0.047560,0.994764,0.090451,0.000000,0.982413,-0.062954,0.175786,0.000000,0.063697,0.000003,-0.088856,1.000000;;
      }
     }
    }

    Frame Bip01_L_Thigh {
     

     FrameTransformMatrix {
      -0.888504,0.030427,0.457858,0.000000,-0.032107,-0.999476,0.004114,0.000000,0.457744,-0.011045,0.889016,0.000000,-0.050843,0.055225,-0.008917,1.000000;;
     }

     Frame Bip01_L_Calf {
      

      FrameTransformMatrix {
       0.942235,-0.000000,-0.334952,0.000000,-0.000000,1.000000,-0.000000,0.000000,0.334952,-0.000000,0.942235,0.000000,0.237500,0.000000,-0.000000,1.000000;;
      }

      Frame Bip01_L_Foot {
       

       FrameTransformMatrix {
        0.924325,-0.026487,0.380687,0.000000,-0.068962,0.969570,0.234901,0.000000,-0.375325,-0.243378,0.894371,0.000000,0.206841,0.000000,0.000000,1.000000;;
       }

       Frame Bip01_L_Toe0 {
        

        FrameTransformMatrix {
         0.000000,0.000000,1.000000,0.000000,0.000000,1.000000,-0.000000,0.000000,-1.000000,0.000000,0.000000,0.000000,0.065373,0.000000,0.066450,1.000000;;
        }
       }
      }
     }
    }

    Frame Bip01_R_Thigh {
     

     FrameTransformMatrix {
      -0.996965,0.030321,-0.071704,0.000000,-0.029454,-0.999480,-0.013113,0.000000,-0.072065,-0.010961,0.997340,0.000000,-0.050843,-0.055225,-0.008917,1.000000;;
     }

     Frame Bip01_R_Calf {
      

      FrameTransformMatrix {
       0.730239,0.000000,-0.683192,0.000000,0.000000,1.000000,0.000000,0.000000,0.683192,0.000000,0.730239,0.000000,0.237500,0.000000,0.000000,1.000000;;
      }

      Frame Bip01_R_Foot {
       

       FrameTransformMatrix {
        0.991957,0.087165,-0.091782,0.000000,-0.093276,0.993546,-0.064539,0.000000,0.085565,0.072581,0.993685,0.000000,0.206841,0.000000,0.000000,1.000000;;
       }

       Frame Bip01_R_Toe0 {
        

        FrameTransformMatrix {
         0.000000,0.000000,1.000000,0.000000,0.000000,1.000000,-0.000000,0.000000,-1.000000,0.000000,0.000000,0.000000,0.065373,0.000000,0.066450,1.000000;;
        }
       }
      }
     }
    }
   }

   Frame Bip01_DressFront {
    

    FrameTransformMatrix {
     -0.880185,-0.088339,0.466338,0.000000,0.121847,0.907542,0.401896,0.000000,-0.458725,0.410564,-0.788041,0.000000,-0.043935,0.001339,0.061057,1.000000;;
    }

    Frame Bip01_DressFront02 {
     

     FrameTransformMatrix {
      0.912593,0.000001,0.408870,0.000000,-0.000001,1.000000,-0.000000,0.000000,-0.408870,-0.000000,0.912593,0.000000,0.183378,-0.000000,-0.000120,1.000000;;
     }
    }
   }

   Frame Bip01_DressBack {
    

    FrameTransformMatrix {
     -0.886023,0.038029,0.462080,0.000000,0.191625,0.937561,0.290274,0.000000,-0.422190,0.345735,-0.837988,0.000000,-0.047673,-0.000048,-0.078302,1.000000;;
    }

    Frame Bip01_DressBack02 {
     

     FrameTransformMatrix {
      0.936852,0.174932,-0.302833,0.000000,-0.166408,0.984581,0.053939,0.000000,0.307600,-0.000139,0.951516,0.000000,0.176125,0.000000,-0.000103,1.000000;;
     }
    }
   }
  }

  Frame Bip01_Prop1 {
   

   FrameTransformMatrix {
    -0.233929,-0.108090,0.966227,0.000000,0.687222,0.684611,0.242967,0.000000,-0.687752,0.720849,-0.085868,0.000000,0.072994,-0.055506,-0.134034,1.000000;;
   }
  }

  Frame Bip01_Prop2 {
   

   FrameTransformMatrix {
    -0.163643,-0.967062,0.194966,0.000000,0.985576,-0.168906,-0.010564,0.000000,0.043147,0.190425,0.980753,0.000000,-0.140709,-0.103585,0.102365,1.000000;;
   }
  }
 }
}

Frame Translation_Data {
 

 FrameTransformMatrix {
  1.000000,0.000000,0.000000,0.000000,0.000000,-0.000000,-1.000000,0.000000,0.000000,1.000000,-0.000000,0.000000,0.000000,0.000000,0.000000,1.000000;;
 }
}

Frame Kate_Hair_MohawkFlat {
 

 FrameTransformMatrix {
  1.000000,0.000000,0.000000,0.000000,0.000000,1.000000,0.000000,0.000000,0.000000,0.000000,1.000000,0.000000,0.000000,0.000000,0.000000,1.000000;;
 }

 Mesh Kate_Hair_MohawkFlat {
  187;
  0.006656;0.898986;0.073078;,
  0.013014;0.860586;0.090093;,
  -0.009627;0.894103;0.077113;,
  -0.009627;0.894103;0.077113;,
  -0.006656;0.898047;0.093874;,
  0.009627;0.902930;0.089838;,
  0.001119;0.914774;0.084106;,
  -0.000272;0.910831;0.067345;,
  -0.006509;0.909891;0.088141;,
  -0.007901;0.905948;0.071381;,
  -0.007901;0.905948;0.071381;,
  0.003328;0.907562;0.087722;,
  -0.010097;0.872876;0.089347;,
  -0.012988;0.909405;0.086453;,
  -0.012988;0.909405;0.086453;,
  -0.014635;0.913396;0.099965;,
  0.001681;0.907882;0.102912;,
  0.008887;0.922072;0.091257;,
  0.000109;0.911240;0.080725;,
  -0.005341;0.933835;0.090212;,
  -0.014119;0.923228;0.080262;,
  -0.014119;0.923228;0.080262;,
  0.009768;0.925483;0.082662;,
  0.011842;0.891636;0.097233;,
  -0.005671;0.929686;0.089680;,
  0.002158;0.932854;0.103487;,
  0.017060;0.930339;0.094033;,
  0.009768;0.925483;0.082662;,
  0.013860;0.944629;0.075784;,
  0.000484;0.926233;0.076443;,
  0.000924;0.949538;0.084614;,
  -0.011471;0.936055;0.084562;,
  0.000484;0.926233;0.076443;,
  0.003626;0.957307;0.070410;,
  -0.001828;0.939023;0.070152;,
  -0.002439;0.955943;0.076084;,
  -0.010508;0.946154;0.076046;,
  -0.001828;0.939023;0.070152;,
  -0.002280;0.933167;0.086467;,
  -0.028611;0.907572;0.092081;,
  -0.011209;0.937966;0.072237;,
  -0.011209;0.937966;0.072237;,
  -0.021637;0.947900;0.082130;,
  -0.012707;0.943101;0.096361;,
  0.008790;0.944019;0.079272;,
  0.001067;0.930297;0.076172;,
  0.001804;0.954658;0.072099;,
  -0.005918;0.941057;0.064310;,
  -0.005918;0.941057;0.064310;,
  0.003693;0.955246;0.062404;,
  -0.006924;0.925916;0.113669;,
  -0.013770;0.955435;0.061872;,
  -0.013770;0.955435;0.061872;,
  -0.013950;0.968172;0.072645;,
  0.003513;0.968981;0.073202;,
  -0.002921;0.968742;0.061456;,
  0.000311;0.958576;0.061088;,
  -0.012499;0.968582;0.065602;,
  -0.012368;0.958713;0.060702;,
  -0.012368;0.958713;0.060702;,
  0.003010;0.953103;0.062368;,
  -0.001735;0.975751;0.060542;,
  0.009840;0.967111;0.054467;,
  -0.008564;0.963397;0.068486;,
  0.013452;0.954506;0.064971;,
  0.021698;0.930071;0.090128;,
  -0.000183;0.960340;0.075114;,
  0.010210;0.970273;0.085044;,
  0.023844;0.966105;0.074945;,
  0.013452;0.954506;0.064971;,
  0.009840;0.967111;0.054467;,
  0.003010;0.953103;0.062368;,
  -0.001735;0.975751;0.060542;,
  -0.008564;0.963397;0.068486;,
  0.003010;0.953103;0.062368;,
  -0.011321;0.962428;0.042939;,
  -0.031840;0.968900;0.026225;,
  0.003727;0.966932;0.035287;,
  0.002228;0.985378;0.041894;,
  -0.012820;0.978558;0.049486;,
  -0.011321;0.962428;0.042939;,
  -0.003976;0.956064;0.055167;,
  -0.004865;0.954885;0.037757;,
  0.012427;0.961956;0.053930;,
  0.011537;0.960778;0.036520;,
  -0.004865;0.954885;0.037757;,
  0.004001;0.960613;0.055332;,
  -0.027783;0.951553;0.078579;,
  -0.012061;0.960792;0.048457;,
  -0.014258;0.977211;0.054014;,
  0.001805;0.977033;0.060889;,
  0.004001;0.960613;0.055332;,
  0.001017;0.973683;0.047122;,
  0.002365;0.963603;0.043710;,
  -0.008844;0.973792;0.042901;,
  -0.007496;0.963712;0.039489;,
  0.002365;0.963603;0.043710;,
  0.007759;0.964730;0.035165;,
  -0.006954;0.972827;0.048001;,
  0.007732;0.972087;0.036886;,
  -0.004839;0.961613;0.061232;,
  0.016083;0.960558;0.049934;,
  0.040656;0.950628;0.075962;,
  0.004832;0.963585;0.062955;,
  0.011822;0.979424;0.065312;,
  0.023073;0.976397;0.052291;,
  0.016083;0.960558;0.049934;,
  0.002904;0.959750;0.021430;,
  0.039498;0.970566;0.037407;,
  -0.000229;0.959139;0.038608;,
  -0.002903;0.976405;0.038735;,
  0.002571;0.977018;0.021490;,
  0.002904;0.959750;0.021430;,
  -0.005866;0.958185;0.025593;,
  -0.029650;0.967383;-0.016371;,
  0.008360;0.961200;0.015906;,
  0.005866;0.977737;0.017581;,
  -0.008360;0.975396;0.027285;,
  -0.005866;0.958185;0.025593;,
  0.002571;0.977018;0.021490;,
  -0.002903;0.976405;0.038735;,
  -0.000229;0.959139;0.038608;,
  -0.006841;0.967273;0.033176;,
  -0.037190;0.975843;0.011426;,
  -0.002684;0.968234;0.021230;,
  -0.003202;0.978742;0.020690;,
  -0.006262;0.980497;0.032104;,
  -0.006841;0.967273;0.033176;,
  0.001331;0.975385;0.032141;,
  -0.002342;0.966935;0.030855;,
  0.001717;0.976142;0.021523;,
  0.001815;0.965657;0.021187;,
  -0.002342;0.966935;0.030855;,
  -0.005695;0.961788;0.011142;,
  0.026082;0.977343;-0.006651;,
  0.007573;0.961237;0.022498;,
  0.005695;0.978343;0.025521;,
  -0.007573;0.978894;0.014166;,
  -0.005695;0.961788;0.011142;,
  -0.008607;0.974985;0.017999;,
  -0.006729;0.957879;0.014975;,
  0.004661;0.974434;0.029355;,
  0.006539;0.957328;0.026331;,
  -0.007558;0.954695;-0.002720;,
  -0.015688;0.963764;-0.044566;,
  0.009170;0.954826;-0.007765;,
  0.006033;0.971516;-0.012676;,
  -0.009170;0.970606;-0.011810;,
  -0.007558;0.954695;-0.002720;,
  -0.003818;0.971188;0.003496;,
  -0.008968;0.957783;0.005276;,
  0.009712;0.967881;-0.000947;,
  0.007261;0.953860;0.000126;,
  -0.008968;0.957783;0.005276;,
  -0.000221;0.983120;-0.018198;,
  0.009595;0.962640;-0.008208;,
  0.029733;0.961837;-0.010859;,
  0.013299;0.960378;-0.000359;,
  0.015803;0.968896;0.000914;,
  0.012099;0.971158;-0.006935;,
  0.009595;0.962640;-0.008208;,
  0.007756;0.968279;-0.005358;,
  0.007638;0.961324;-0.006590;,
  0.008434;0.967580;0.002531;,
  0.011342;0.959062;0.001259;,
  0.007638;0.961324;-0.006590;,
  -0.009083;0.959069;0.005247;,
  0.007320;0.976168;0.015763;,
  -0.007954;0.973657;0.006348;,
  0.006669;0.958873;0.012804;,
  -0.009083;0.959069;0.005247;,
  0.024077;0.949867;-0.043915;,
  0.006669;0.958873;0.012804;,
  0.007320;0.976168;0.015763;,
  -0.007954;0.973657;0.006348;,
  -0.009083;0.959069;0.005247;,
  -0.005187;0.953693;-0.018510;,
  -0.002856;0.953808;-0.044252;,
  0.005921;0.953010;-0.020999;,
  0.006054;0.964144;-0.023462;,
  -0.005054;0.964827;-0.020973;,
  -0.005187;0.953693;-0.018510;,
  -0.003282;0.963392;-0.018141;,
  -0.003415;0.952258;-0.015677;,
  0.007910;0.962485;-0.012012;,
  0.007693;0.951575;-0.018166;,
  -0.003415;0.952258;-0.015677;;
  200;
  3;0,1,2;,
  3;3,1,4;,
  3;4,1,5;,
  3;5,1,0;,
  3;0,6,5;,
  3;6,0,7;,
  3;5,8,4;,
  3;8,5,6;,
  3;4,9,3;,
  3;9,4,8;,
  3;2,7,0;,
  3;7,2,10;,
  3;11,12,13;,
  3;14,12,15;,
  3;15,12,16;,
  3;16,12,11;,
  3;11,17,16;,
  3;17,11,18;,
  3;16,19,15;,
  3;19,16,17;,
  3;15,20,14;,
  3;20,15,19;,
  3;13,18,11;,
  3;18,13,21;,
  3;22,23,24;,
  3;24,23,25;,
  3;25,23,26;,
  3;26,23,27;,
  3;27,28,26;,
  3;28,27,29;,
  3;26,30,25;,
  3;30,26,28;,
  3;25,31,24;,
  3;31,25,30;,
  3;24,32,22;,
  3;32,24,31;,
  3;29,33,28;,
  3;33,29,34;,
  3;28,35,30;,
  3;35,28,33;,
  3;30,36,31;,
  3;36,30,35;,
  3;31,37,32;,
  3;37,31,36;,
  3;38,39,40;,
  3;41,39,42;,
  3;42,39,43;,
  3;43,39,38;,
  3;38,44,43;,
  3;44,38,45;,
  3;43,46,42;,
  3;46,43,44;,
  3;42,47,41;,
  3;47,42,46;,
  3;40,45,38;,
  3;45,40,48;,
  3;49,50,51;,
  3;52,50,53;,
  3;53,50,54;,
  3;54,50,49;,
  3;49,55,54;,
  3;55,49,56;,
  3;54,57,53;,
  3;57,54,55;,
  3;53,58,52;,
  3;58,53,57;,
  3;51,56,49;,
  3;56,51,59;,
  3;60,61,62;,
  3;61,60,63;,
  3;64,65,66;,
  3;66,65,67;,
  3;67,65,68;,
  3;68,65,69;,
  3;69,70,68;,
  3;70,69,71;,
  3;68,72,67;,
  3;72,68,70;,
  3;67,73,66;,
  3;73,67,72;,
  3;66,74,64;,
  3;74,66,73;,
  3;75,76,77;,
  3;77,76,78;,
  3;78,76,79;,
  3;79,76,80;,
  3;80,81,79;,
  3;81,80,82;,
  3;79,83,78;,
  3;83,79,81;,
  3;78,84,77;,
  3;84,78,83;,
  3;77,85,75;,
  3;85,77,84;,
  3;86,87,88;,
  3;88,87,89;,
  3;89,87,90;,
  3;90,87,91;,
  3;91,92,90;,
  3;92,91,93;,
  3;92,89,90;,
  3;89,92,94;,
  3;89,95,88;,
  3;95,89,94;,
  3;88,96,86;,
  3;96,88,95;,
  3;97,98,99;,
  3;98,97,100;,
  3;101,102,103;,
  3;103,102,104;,
  3;104,102,105;,
  3;105,102,106;,
  3;106,99,105;,
  3;99,106,97;,
  3;105,98,104;,
  3;98,105,99;,
  3;104,100,103;,
  3;100,104,98;,
  3;103,97,101;,
  3;97,103,100;,
  3;107,108,109;,
  3;109,108,110;,
  3;110,108,111;,
  3;111,108,112;,
  3;113,114,115;,
  3;115,114,116;,
  3;116,114,117;,
  3;117,114,118;,
  3;119,117,120;,
  3;117,119,116;,
  3;117,121,120;,
  3;121,117,118;,
  3;122,123,124;,
  3;124,123,125;,
  3;125,123,126;,
  3;126,123,127;,
  3;127,128,126;,
  3;128,127,129;,
  3;126,130,125;,
  3;130,126,128;,
  3;125,131,124;,
  3;131,125,130;,
  3;124,132,122;,
  3;132,124,131;,
  3;133,134,135;,
  3;135,134,136;,
  3;136,134,137;,
  3;137,134,138;,
  3;133,139,137;,
  3;139,133,140;,
  3;137,141,136;,
  3;141,137,139;,
  3;136,142,135;,
  3;142,136,141;,
  3;135,140,133;,
  3;140,135,142;,
  3;143,144,145;,
  3;145,144,146;,
  3;146,144,147;,
  3;147,144,148;,
  3;148,149,147;,
  3;149,148,150;,
  3;151,145,146;,
  3;145,151,152;,
  3;145,153,143;,
  3;153,145,152;,
  3;147,154,146;,
  3;146,154,151;,
  3;151,154,149;,
  3;149,154,147;,
  3;155,156,157;,
  3;157,156,158;,
  3;158,156,159;,
  3;159,156,160;,
  3;160,161,159;,
  3;161,160,162;,
  3;159,163,158;,
  3;163,159,161;,
  3;158,164,157;,
  3;164,158,163;,
  3;157,165,155;,
  3;165,157,164;,
  3;166,167,168;,
  3;167,166,169;,
  3;170,171,172;,
  3;172,171,173;,
  3;173,171,174;,
  3;174,171,175;,
  3;176,177,178;,
  3;178,177,179;,
  3;179,177,180;,
  3;180,177,181;,
  3;181,182,180;,
  3;182,181,183;,
  3;180,184,179;,
  3;184,180,182;,
  3;179,185,178;,
  3;185,179,184;,
  3;178,186,176;,
  3;186,178,185;;

  MeshNormals {
   187;
   0.645166;-0.073984;-0.760452;,
   0.320205;-0.933251;0.162821;,
   -0.830413;-0.355673;-0.428849;,
   -0.830413;-0.355673;-0.428849;,
   -0.581820;0.018674;0.813103;,
   0.772911;0.371538;0.514362;,
   0.698246;0.628854;0.342045;,
   0.572214;-0.022543;-0.819794;,
   -0.540039;0.400594;0.740191;,
   -0.660246;-0.269867;-0.700890;,
   -0.660246;-0.269867;-0.700890;,
   0.769803;-0.470094;-0.431758;,
   -0.130463;-0.983818;-0.122811;,
   -0.744034;-0.292187;-0.600866;,
   -0.744034;-0.292187;-0.600866;,
   -0.727286;0.142750;0.671325;,
   0.507282;-0.128128;0.852202;,
   0.805895;0.192233;0.559982;,
   0.196519;-0.685029;-0.701510;,
   -0.350285;0.598887;0.720163;,
   -0.967619;0.101947;-0.230912;,
   -0.967619;0.101947;-0.230912;,
   0.440295;-0.556190;-0.704835;,
   0.146310;-0.980481;0.131339;,
   -0.804958;-0.567930;0.171751;,
   -0.194878;0.262035;0.945177;,
   0.936107;0.170658;0.307539;,
   0.440295;-0.556190;-0.704835;,
   0.853114;0.310571;-0.419217;,
   -0.151575;-0.796506;-0.585323;,
   -0.000170;0.786921;0.617054;,
   -0.987198;-0.099023;0.125035;,
   -0.151575;-0.796506;-0.585323;,
   0.799272;0.592197;0.102304;,
   0.111020;-0.422426;-0.899573;,
   0.066789;0.747240;0.661190;,
   -0.952751;0.231488;0.196671;,
   0.111020;-0.422426;-0.899573;,
   0.606206;-0.640981;0.470805;,
   -0.453439;-0.868252;0.201323;,
   -0.526017;-0.540724;-0.656448;,
   -0.526017;-0.540724;-0.656448;,
   -0.781977;0.617603;-0.084137;,
   -0.022634;0.378146;0.925469;,
   0.668011;0.253598;0.699607;,
   0.010581;-0.993074;0.117018;,
   -0.043692;0.995986;0.078123;,
   -0.625041;-0.055317;-0.778630;,
   -0.625041;-0.055317;-0.778630;,
   0.704740;-0.388201;-0.593837;,
   -0.031278;-0.615768;0.787306;,
   -0.673092;-0.427738;-0.603314;,
   -0.673092;-0.427738;-0.603314;,
   -0.693717;0.661946;0.283875;,
   0.666903;0.703387;0.245942;,
   0.439028;0.848479;-0.295529;,
   0.302749;-0.068173;-0.950629;,
   -0.645420;0.756401;-0.106260;,
   -0.631303;-0.042854;-0.774352;,
   -0.631303;-0.042854;-0.774352;,
   -0.291357;-0.884200;-0.365105;,
   -0.453299;0.769239;-0.450324;,
   0.271253;0.196571;-0.942222;,
   -0.992119;-0.115596;0.048348;,
   0.380503;-0.706864;-0.596289;,
   0.258706;-0.868713;0.422385;,
   -0.677861;-0.484111;0.553300;,
   -0.060668;0.620518;0.781842;,
   0.910268;0.414019;-0.000525;,
   0.380503;-0.706864;-0.596289;,
   0.271253;0.196571;-0.942222;,
   -0.291357;-0.884200;-0.365105;,
   -0.453299;0.769239;-0.450324;,
   -0.992119;-0.115596;0.048348;,
   -0.291357;-0.884200;-0.365105;,
   -0.751486;-0.659081;0.029689;,
   -0.839378;-0.105390;-0.533233;,
   0.168964;0.067014;-0.983342;,
   0.384477;0.919947;-0.076651;,
   -0.513246;0.527375;0.677093;,
   -0.751486;-0.659081;0.029689;,
   -0.528787;-0.120585;0.840145;,
   -0.627335;-0.256160;-0.735413;,
   0.580668;0.475610;0.660772;,
   0.653469;0.218097;-0.724853;,
   -0.627335;-0.256160;-0.735413;,
   0.795969;-0.589836;0.136113;,
   -0.595449;-0.459796;0.658808;,
   -0.560412;-0.661974;-0.497724;,
   -0.615316;0.783552;-0.086216;,
   0.584372;0.670272;0.457433;,
   0.795969;-0.589836;0.136113;,
   0.695073;0.688409;-0.207283;,
   0.666927;-0.693595;-0.272275;,
   -0.640557;0.588660;-0.493119;,
   -0.533536;-0.685814;-0.494973;,
   0.666927;-0.693595;-0.272275;,
   0.107718;-0.455076;-0.883913;,
   -0.884414;0.382851;-0.266901;,
   0.126159;0.562757;-0.816938;,
   -0.653264;-0.576579;0.490717;,
   0.255369;-0.821750;-0.509425;,
   0.704981;-0.505442;0.497524;,
   -0.231527;-0.682160;0.693580;,
   -0.106388;0.810918;0.575407;,
   0.655595;0.641069;-0.399031;,
   0.255369;-0.821750;-0.509425;,
   0.456710;-0.653436;-0.603686;,
   0.980074;0.062877;0.188421;,
   -0.353783;-0.553541;0.753943;,
   -0.430583;0.587756;0.684939;,
   0.076231;0.981649;-0.174798;,
   0.456710;-0.653436;-0.603686;,
   -0.763204;-0.586048;0.272153;,
   -0.612498;-0.014600;-0.790338;,
   0.495538;-0.533176;-0.685686;,
   0.275740;0.820522;-0.500711;,
   -0.750168;0.599194;0.279670;,
   -0.763204;-0.586048;0.272153;,
   0.076231;0.981649;-0.174798;,
   -0.430583;0.587756;0.684939;,
   -0.353783;-0.553541;0.753943;,
   -0.209228;-0.654999;0.726085;,
   -0.901654;0.058608;-0.428468;,
   -0.156058;-0.647886;-0.745580;,
   0.295284;0.702879;-0.647124;,
   -0.044036;0.768911;0.637838;,
   -0.209228;-0.654999;0.726085;,
   0.443968;0.500250;0.743399;,
   0.068371;-0.921161;0.383130;,
   0.445573;0.553680;-0.703494;,
   -0.325927;-0.625072;-0.709265;,
   0.068371;-0.921161;0.383130;,
   -0.465215;-0.492226;-0.735723;,
   0.703560;0.197830;-0.682544;,
   0.870606;-0.490492;-0.038255;,
   0.340493;0.748930;0.568479;,
   -0.683698;0.690182;-0.237079;,
   -0.465215;-0.492226;-0.735723;,
   -0.917774;0.373890;0.133778;,
   -0.033887;-0.695151;-0.718065;,
   0.663580;0.426890;0.614351;,
   0.862136;-0.452175;-0.228604;,
   -0.621045;-0.764120;0.174424;,
   -0.383794;0.002047;-0.923416;,
   0.712243;-0.666583;-0.219950;,
   0.802488;0.282072;-0.525784;,
   -0.863599;0.504122;-0.007617;,
   -0.621045;-0.764120;0.174424;,
   -0.618440;0.675671;0.401248;,
   -0.944534;-0.291567;-0.151142;,
   0.905111;0.411937;0.105277;,
   0.310752;-0.949603;-0.041075;,
   -0.944534;-0.291567;-0.151142;,
   0.010659;0.765538;-0.643302;,
   -0.296108;-0.391728;-0.871131;,
   0.898653;-0.206382;-0.387079;,
   0.530423;-0.806209;0.262066;,
   0.437022;0.554785;0.707973;,
   -0.130872;0.870974;-0.473579;,
   -0.296108;-0.391728;-0.871131;,
   -0.627020;0.632964;-0.454095;,
   -0.132817;-0.683912;-0.717373;,
   -0.020997;0.585778;0.810199;,
   0.562406;-0.725084;0.397433;,
   -0.132817;-0.683912;-0.717373;,
   -0.842562;-0.505529;0.185821;,
   0.313347;0.662968;0.679917;,
   -0.744562;0.658053;0.112220;,
   0.313263;-0.593487;0.741377;,
   -0.842562;-0.505529;0.185821;,
   0.402415;-0.269246;-0.874968;,
   0.313263;-0.593487;0.741377;,
   0.313347;0.662968;0.679917;,
   -0.744562;0.658053;0.112220;,
   -0.842562;-0.505529;0.185821;,
   -0.834453;-0.527606;0.159125;,
   -0.142993;-0.212251;-0.966697;,
   0.517643;-0.707213;-0.481555;,
   0.647814;0.698663;-0.303657;,
   -0.671332;0.736719;0.080984;,
   -0.834453;-0.527606;0.159125;,
   -0.553956;0.549849;0.625138;,
   -0.551216;-0.830883;-0.076114;,
   0.785347;0.619038;-0.004828;,
   0.652218;-0.567056;-0.503050;,
   -0.551216;-0.830883;-0.076114;;
   200;
   3;0,1,2;,
   3;3,1,4;,
   3;4,1,5;,
   3;5,1,0;,
   3;0,6,5;,
   3;6,0,7;,
   3;5,8,4;,
   3;8,5,6;,
   3;4,9,3;,
   3;9,4,8;,
   3;2,7,0;,
   3;7,2,10;,
   3;11,12,13;,
   3;14,12,15;,
   3;15,12,16;,
   3;16,12,11;,
   3;11,17,16;,
   3;17,11,18;,
   3;16,19,15;,
   3;19,16,17;,
   3;15,20,14;,
   3;20,15,19;,
   3;13,18,11;,
   3;18,13,21;,
   3;22,23,24;,
   3;24,23,25;,
   3;25,23,26;,
   3;26,23,27;,
   3;27,28,26;,
   3;28,27,29;,
   3;26,30,25;,
   3;30,26,28;,
   3;25,31,24;,
   3;31,25,30;,
   3;24,32,22;,
   3;32,24,31;,
   3;29,33,28;,
   3;33,29,34;,
   3;28,35,30;,
   3;35,28,33;,
   3;30,36,31;,
   3;36,30,35;,
   3;31,37,32;,
   3;37,31,36;,
   3;38,39,40;,
   3;41,39,42;,
   3;42,39,43;,
   3;43,39,38;,
   3;38,44,43;,
   3;44,38,45;,
   3;43,46,42;,
   3;46,43,44;,
   3;42,47,41;,
   3;47,42,46;,
   3;40,45,38;,
   3;45,40,48;,
   3;49,50,51;,
   3;52,50,53;,
   3;53,50,54;,
   3;54,50,49;,
   3;49,55,54;,
   3;55,49,56;,
   3;54,57,53;,
   3;57,54,55;,
   3;53,58,52;,
   3;58,53,57;,
   3;51,56,49;,
   3;56,51,59;,
   3;60,61,62;,
   3;61,60,63;,
   3;64,65,66;,
   3;66,65,67;,
   3;67,65,68;,
   3;68,65,69;,
   3;69,70,68;,
   3;70,69,71;,
   3;68,72,67;,
   3;72,68,70;,
   3;67,73,66;,
   3;73,67,72;,
   3;66,74,64;,
   3;74,66,73;,
   3;75,76,77;,
   3;77,76,78;,
   3;78,76,79;,
   3;79,76,80;,
   3;80,81,79;,
   3;81,80,82;,
   3;79,83,78;,
   3;83,79,81;,
   3;78,84,77;,
   3;84,78,83;,
   3;77,85,75;,
   3;85,77,84;,
   3;86,87,88;,
   3;88,87,89;,
   3;89,87,90;,
   3;90,87,91;,
   3;91,92,90;,
   3;92,91,93;,
   3;92,89,90;,
   3;89,92,94;,
   3;89,95,88;,
   3;95,89,94;,
   3;88,96,86;,
   3;96,88,95;,
   3;97,98,99;,
   3;98,97,100;,
   3;101,102,103;,
   3;103,102,104;,
   3;104,102,105;,
   3;105,102,106;,
   3;106,99,105;,
   3;99,106,97;,
   3;105,98,104;,
   3;98,105,99;,
   3;104,100,103;,
   3;100,104,98;,
   3;103,97,101;,
   3;97,103,100;,
   3;107,108,109;,
   3;109,108,110;,
   3;110,108,111;,
   3;111,108,112;,
   3;113,114,115;,
   3;115,114,116;,
   3;116,114,117;,
   3;117,114,118;,
   3;119,117,120;,
   3;117,119,116;,
   3;117,121,120;,
   3;121,117,118;,
   3;122,123,124;,
   3;124,123,125;,
   3;125,123,126;,
   3;126,123,127;,
   3;127,128,126;,
   3;128,127,129;,
   3;126,130,125;,
   3;130,126,128;,
   3;125,131,124;,
   3;131,125,130;,
   3;124,132,122;,
   3;132,124,131;,
   3;133,134,135;,
   3;135,134,136;,
   3;136,134,137;,
   3;137,134,138;,
   3;133,139,137;,
   3;139,133,140;,
   3;137,141,136;,
   3;141,137,139;,
   3;136,142,135;,
   3;142,136,141;,
   3;135,140,133;,
   3;140,135,142;,
   3;143,144,145;,
   3;145,144,146;,
   3;146,144,147;,
   3;147,144,148;,
   3;148,149,147;,
   3;149,148,150;,
   3;151,145,146;,
   3;145,151,152;,
   3;145,153,143;,
   3;153,145,152;,
   3;147,154,146;,
   3;146,154,151;,
   3;151,154,149;,
   3;149,154,147;,
   3;155,156,157;,
   3;157,156,158;,
   3;158,156,159;,
   3;159,156,160;,
   3;160,161,159;,
   3;161,160,162;,
   3;159,163,158;,
   3;163,159,161;,
   3;158,164,157;,
   3;164,158,163;,
   3;157,165,155;,
   3;165,157,164;,
   3;166,167,168;,
   3;167,166,169;,
   3;170,171,172;,
   3;172,171,173;,
   3;173,171,174;,
   3;174,171,175;,
   3;176,177,178;,
   3;178,177,179;,
   3;179,177,180;,
   3;180,177,181;,
   3;181,182,180;,
   3;182,181,183;,
   3;180,184,179;,
   3;184,180,182;,
   3;179,185,178;,
   3;185,179,184;,
   3;178,186,176;,
   3;186,178,185;;
  }

  MeshMaterialList {
   1;
   200;
   0,
   0,
   0,
   0,
   0,
   0,
   0,
   0,
   0,
   0,
   0,
   0,
   0,
   0,
   0,
   0,
   0,
   0,
   0,
   0,
   0,
   0,
   0,
   0,
   0,
   0,
   0,
   0,
   0,
   0,
   0,
   0,
   0,
   0,
   0,
   0,
   0,
   0,
   0,
   0,
   0,
   0,
   0,
   0,
   0,
   0,
   0,
   0,
   0,
   0,
   0,
   0,
   0,
   0,
   0,
   0,
   0,
   0,
   0,
   0,
   0,
   0,
   0,
   0,
   0,
   0,
   0,
   0,
   0,
   0,
   0,
   0,
   0,
   0,
   0,
   0,
   0,
   0,
   0,
   0,
   0,
   0,
   0,
   0,
   0,
   0,
   0,
   0,
   0,
   0,
   0,
   0,
   0,
   0,
   0,
   0,
   0,
   0,
   0,
   0,
   0,
   0,
   0,
   0,
   0,
   0,
   0,
   0,
   0,
   0,
   0,
   0,
   0,
   0,
   0,
   0,
   0,
   0,
   0,
   0,
   0,
   0,
   0,
   0,
   0,
   0,
   0,
   0,
   0,
   0,
   0,
   0,
   0,
   0,
   0,
   0,
   0,
   0,
   0,
   0,
   0,
   0,
   0,
   0,
   0,
   0,
   0,
   0,
   0,
   0,
   0,
   0,
   0,
   0,
   0,
   0,
   0,
   0,
   0,
   0,
   0,
   0,
   0,
   0,
   0,
   0,
   0,
   0,
   0,
   0,
   0,
   0,
   0,
   0,
   0,
   0,
   0,
   0,
   0,
   0,
   0,
   0,
   0,
   0,
   0,
   0,
   0,
   0,
   0,
   0,
   0,
   0,
   0,
   0,
   0,
   0,
   0,
   0,
   0,
   0;
   { Material__204 }
  }

  MeshTextureCoords c1 {
   187;
   0.825157;0.788336;,
   0.676543;0.482306;,
   0.937213;0.719410;,
   0.477444;0.772706;,
   0.598239;0.802588;,
   0.709938;0.808269;,
   0.713880;0.921171;,
   0.874325;0.894880;,
   0.604316;0.895801;,
   0.451104;0.886814;,
   0.936575;0.832778;,
   0.779880;0.760118;,
   0.740933;0.402900;,
   0.900749;0.712266;,
   0.500780;0.660687;,
   0.566633;0.722342;,
   0.676554;0.744305;,
   0.692416;0.886733;,
   0.826631;0.806480;,
   0.516191;0.897357;,
   0.427014;0.778599;,
   0.973007;0.806381;,
   0.445426;0.654382;,
   0.644192;0.386556;,
   0.554748;0.736763;,
   0.646651;0.707882;,
   0.753421;0.681619;,
   0.847456;0.654972;,
   0.812669;0.844565;,
   0.938841;0.715120;,
   0.690571;0.884291;,
   0.561346;0.817461;,
   0.436355;0.766298;,
   0.812217;0.971867;,
   0.931997;0.845413;,
   0.699634;0.970637;,
   0.572618;0.920105;,
   0.458293;0.893706;,
   0.768279;0.741408;,
   0.672169;0.453015;,
   0.888503;0.688326;,
   0.477112;0.733681;,
   0.575920;0.741859;,
   0.664643;0.730109;,
   0.724031;0.907924;,
   0.833916;0.800771;,
   0.565991;0.921060;,
   0.442615;0.824500;,
   0.949569;0.729147;,
   0.811815;0.856559;,
   0.701000;0.373037;,
   0.948720;0.807844;,
   0.426873;0.820414;,
   0.560816;0.850153;,
   0.686270;0.852835;,
   0.686199;0.947993;,
   0.816881;0.889421;,
   0.550100;0.905575;,
   0.440188;0.861352;,
   0.943648;0.847546;,
   1.650633;-0.596693;,
   1.589674;-0.581534;,
   1.738364;-0.544784;,
   1.501943;-0.633443;,
   0.457177;0.669622;,
   0.646856;0.412943;,
   0.570753;0.759918;,
   0.670231;0.735984;,
   0.759215;0.702560;,
   0.875125;0.661981;,
   0.869594;0.851973;,
   0.962211;0.708362;,
   0.704114;0.935754;,
   0.553733;0.859645;,
   0.448732;0.761432;,
   0.504722;0.617919;,
   0.712921;0.402542;,
   0.545652;0.760091;,
   0.654058;0.770706;,
   0.743427;0.727400;,
   0.865379;0.704875;,
   0.856639;0.896409;,
   0.960802;0.746676;,
   0.650911;0.970154;,
   0.501118;0.845716;,
   0.438882;0.696888;,
   0.435330;0.790958;,
   0.632355;0.406603;,
   0.573300;0.804316;,
   0.696481;0.806638;,
   0.803019;0.791751;,
   0.903911;0.742973;,
   0.814019;0.879921;,
   0.924232;0.865273;,
   0.683804;0.897630;,
   0.571096;0.894271;,
   0.479440;0.883295;,
   0.734884;0.927482;,
   0.617259;0.854595;,
   0.747862;0.889302;,
   0.547501;0.779144;,
   0.514855;0.796041;,
   0.702332;0.408704;,
   0.574766;0.738824;,
   0.685692;0.712873;,
   0.778339;0.723339;,
   0.878824;0.748611;,
   0.459361;0.788731;,
   0.681751;0.577833;,
   0.566323;0.861640;,
   0.691412;0.894938;,
   0.816901;0.847595;,
   0.919545;0.771196;,
   0.426553;0.820124;,
   0.680321;0.455549;,
   0.565707;0.899796;,
   0.722820;0.932405;,
   0.835271;0.842386;,
   0.976977;0.785947;,
   0.822789;0.932059;,
   0.878256;0.903943;,
   0.929095;0.924481;,
   0.467738;0.873428;,
   0.700000;0.526577;,
   0.583525;0.906806;,
   0.678808;0.895590;,
   0.774692;0.882998;,
   0.882285;0.853934;,
   0.795039;0.951215;,
   0.888205;0.910123;,
   0.673788;0.946811;,
   0.573683;0.956206;,
   0.488968;0.913015;,
   0.521981;0.760212;,
   0.648091;0.479466;,
   0.573576;0.854190;,
   0.686736;0.866192;,
   0.768260;0.747025;,
   0.917141;0.720757;,
   0.704763;0.873680;,
   0.498305;0.867474;,
   0.686967;0.923639;,
   0.525892;0.903085;,
   0.461633;0.797757;,
   0.698941;0.422302;,
   0.560619;0.864145;,
   0.675085;0.836692;,
   0.781403;0.792776;,
   0.909311;0.797905;,
   0.816620;0.924758;,
   0.917939;0.864751;,
   0.644434;0.939589;,
   0.527820;0.904355;,
   0.408532;0.836093;,
   0.723650;0.829056;,
   0.435409;0.761307;,
   0.680403;0.433916;,
   0.566787;0.838026;,
   0.702600;0.838488;,
   0.823945;0.821930;,
   0.944276;0.762564;,
   0.866569;0.881746;,
   0.984413;0.803459;,
   0.709564;0.953019;,
   0.551994;0.888152;,
   0.425477;0.808218;,
   -0.562112;1.236529;,
   -0.299510;1.216509;,
   -0.495717;1.275228;,
   -0.359757;1.189033;,
   0.437550;0.846072;,
   0.675940;0.404937;,
   0.574730;0.896045;,
   0.703193;0.966913;,
   0.844963;0.913833;,
   0.937125;0.832970;,
   0.508576;0.807329;,
   0.698877;0.504649;,
   0.596691;0.857297;,
   0.689642;0.857246;,
   0.775035;0.846497;,
   0.850479;0.792187;,
   0.784531;0.867951;,
   0.879380;0.809170;,
   0.686804;0.952958;,
   0.586583;0.890428;,
   0.502258;0.838403;;
  }

  XSkinMeshHeader {
   1;
   1;
   1;
  }

  SkinWeights {
   "Bip01_Head";
   187;
   0,
   1,
   2,
   3,
   4,
   5,
   6,
   7,
   8,
   9,
   10,
   11,
   12,
   13,
   14,
   15,
   16,
   17,
   18,
   19,
   20,
   21,
   22,
   23,
   24,
   25,
   26,
   27,
   28,
   29,
   30,
   31,
   32,
   33,
   34,
   35,
   36,
   37,
   38,
   39,
   40,
   41,
   42,
   43,
   44,
   45,
   46,
   47,
   48,
   49,
   50,
   51,
   52,
   53,
   54,
   55,
   56,
   57,
   58,
   59,
   60,
   61,
   62,
   63,
   64,
   65,
   66,
   67,
   68,
   69,
   70,
   71,
   72,
   73,
   74,
   75,
   76,
   77,
   78,
   79,
   80,
   81,
   82,
   83,
   84,
   85,
   86,
   87,
   88,
   89,
   90,
   91,
   92,
   93,
   94,
   95,
   96,
   97,
   98,
   99,
   100,
   101,
   102,
   103,
   104,
   105,
   106,
   107,
   108,
   109,
   110,
   111,
   112,
   113,
   114,
   115,
   116,
   117,
   118,
   119,
   120,
   121,
   122,
   123,
   124,
   125,
   126,
   127,
   128,
   129,
   130,
   131,
   132,
   133,
   134,
   135,
   136,
   137,
   138,
   139,
   140,
   141,
   142,
   143,
   144,
   145,
   146,
   147,
   148,
   149,
   150,
   151,
   152,
   153,
   154,
   155,
   156,
   157,
   158,
   159,
   160,
   161,
   162,
   163,
   164,
   165,
   166,
   167,
   168,
   169,
   170,
   171,
   172,
   173,
   174,
   175,
   176,
   177,
   178,
   179,
   180,
   181,
   182,
   183,
   184,
   185,
   186;
   1.000000,
   1.000000,
   1.000000,
   1.000000,
   1.000000,
   1.000000,
   1.000000,
   1.000000,
   1.000000,
   1.000000,
   1.000000,
   1.000000,
   1.000000,
   1.000000,
   1.000000,
   1.000000,
   1.000000,
   1.000000,
   1.000000,
   1.000000,
   1.000000,
   1.000000,
   1.000000,
   1.000000,
   1.000000,
   1.000000,
   1.000000,
   1.000000,
   1.000000,
   1.000000,
   1.000000,
   1.000000,
   1.000000,
   1.000000,
   1.000000,
   1.000000,
   1.000000,
   1.000000,
   1.000000,
   1.000000,
   1.000000,
   1.000000,
   1.000000,
   1.000000,
